{
  "arms": [
    "trend",
    "breakout",
    "reversion",
    "vwap"
  ],
  "d": 6,
  "alpha": 0.6,
  "alpha_base": 0.6,
  "alpha_boost_until": 0.0,
  "A": {
    "trend": [
      [
        1.0337683111289682,
        0.020293294812145545,
        0.3693698475741068,
        0.07916482126638631,
        0.07916482126638631,
        0.0
      ],
      [
        0.020293294812145545,
        1.012195392679243,
        0.22197530646145616,
        0.04757463441313223,
        0.04757463441313223,
        0.0
      ],
      [
        0.3693698475741068,
        0.22197530646145616,
        5.040299314225323,
        0.8659330889459728,
        0.8659330889459728,
        0.0
      ],
      [
        0.07916482126638631,
        0.04757463441313223,
        0.8659330889459728,
        1.1855902387952901,
        0.18559023879528855,
        0.0
      ],
      [
        0.07916482126638631,
        0.04757463441313223,
        0.8659330889459728,
        0.18559023879528855,
        1.1855902387952901,
        0.0
      ],
      [
        0.0,
        0.0,
        0.0,
        0.0,
        0.0,
        1.0
      ]
    ],
    "breakout": [
      [
        1.0,
        0.0,
        0.0,
        0.0,
        0.0,
        0.0
      ],
      [
        0.0,
        1.0,
        0.0,
        0.0,
        0.0,
        0.0
      ],
      [
        0.0,
        0.0,
        1.0,
        0.0,
        0.0,
        0.0
      ],
      [
        0.0,
        0.0,
        0.0,
        1.0,
        0.0,
        0.0
      ],
      [
        0.0,
        0.0,
        0.0,
        0.0,
        1.0,
        0.0
      ],
      [
        0.0,
        0.0,
        0.0,
        0.0,
        0.0,
        1.0
      ]
    ],
    "reversion": [
      [
        1.3894341380634336,
        0.02537695154649742,
        0.6540693695323703,
        1.2235400370362601,
        1.2235400370362601,
        0.0
      ],
      [
        0.02537695154649742,
        1.0020292620523237,
        0.05166405438986971,
        0.0849035466522086,
        0.0849035466522086,
        0.0
      ],
      [
        0.6540693695323703,
        0.05166405438986971,
        2.3977340046151334,
        2.1906253583741746,
        2.1906253583741746,
        0.0
      ],
      [
        1.2235400370362601,
        0.0849035466522086,
        2.1906253583741746,
        4.932844812467777,
        3.932844812467792,
        0.0
      ],
      [
        1.2235400370362601,
        0.0849035466522086,
        2.1906253583741746,
        3.932844812467792,
        4.932844812467777,
        0.0
      ],
      [
        0.0,
        0.0,
        0.0,
        0.0,
        0.0,
        1.0
      ]
    ],
    "vwap": [
      [
        1.0,
        0.0,
        0.0,
        0.0,
        0.0,
        0.0
      ],
      [
        0.0,
        1.0,
        0.0,
        0.0,
        0.0,
        0.0
      ],
      [
        0.0,
        0.0,
        1.0,
        0.0,
        0.0,
        0.0
      ],
      [
        0.0,
        0.0,
        0.0,
        1.0,
        0.0,
        0.0
      ],
      [
        0.0,
        0.0,
        0.0,
        0.0,
        1.0,
        0.0
      ],
      [
        0.0,
        0.0,
        0.0,
        0.0,
        0.0,
        1.0
      ]
    ]
  },
  "b": {
    "trend": [
      [
        0.08071082843966237
      ],
      [
        0.0485037178733373
      ],
      [
        0.8828438675679922
      ],
      [
        0.18921462442362286
      ],
      [
        0.18921462442362286
      ],
      [
        0.0
      ]
    ],
    "breakout": [
      [
        0.0
      ],
      [
        0.0
      ],
      [
        0.0
      ],
      [
        0.0
      ],
      [
        0.0
      ],
      [
        0.0
      ]
    ],
    "reversion": [
      [
        -0.011131749044481238
      ],
      [
        -0.08059156612849099
      ],
      [
        -2.2197300194942384
      ],
      [
        -1.3978432895573327
      ],
      [
        -1.3978432895573327
      ],
      [
        0.0
      ]
    ],
    "vwap": [
      [
        0.0
      ],
      [
        0.0
      ],
      [
        0.0
      ],
      [
        0.0
      ],
      [
        0.0
      ],
      [
        0.0
      ]
    ]
  },
  "counts": {
    "trend": 1,
    "breakout": 0,
    "reversion": 8,
    "vwap": 0
  },
  "reward_sum": {
    "trend": 0.18921462442362286,
    "breakout": 0.0,
    "reversion": -1.3978432895573327,
    "vwap": 0.0
  },
  "disabled_until": {
    "trend": 0.0,
    "breakout": 0.0,
    "reversion": 0.0,
    "vwap": 0.0
  },
  "_snapshot_time": "2025-09-22T09:59:00.214087"
}