{
  "arms": [
    "trend",
    "breakout",
    "reversion",
    "vwap"
  ],
  "d": 6,
  "alpha": 0.6,
  "alpha_base": 0.6,
  "alpha_boost_until": 0.0,
  "A": {
    "trend": [
      [
        1.0262823005826762,
        0.015794526176588806,
        0.2874851905694574,
        0.061614974469723124,
        0.061614974469723124,
        0.0
      ],
      [
        0.015794526176588806,
        1.0094918272606375,
        0.17276616837811135,
        0.03702793536169075,
        0.03702793536169075,
        0.0
      ],
      [
        0.2874851905694574,
        0.17276616837811135,
        4.144615690577386,
        0.6739665967078873,
        0.6739665967078873,
        0.0
      ],
      [
        0.061614974469723124,
        0.03702793536169075,
        0.6739665967078873,
        1.1444472133237422,
        0.14444721332374086,
        0.0
      ],
      [
        0.061614974469723124,
        0.03702793536169075,
        0.6739665967078873,
        0.14444721332374086,
        1.1444472133237422,
        0.0
      ],
      [
        0.0,
        0.0,
        0.0,
        0.0,
        0.0,
        1.0
      ]
    ],
    "breakout": [
      [
        1.0,
        0.0,
        0.0,
        0.0,
        0.0,
        0.0
      ],
      [
        0.0,
        1.0,
        0.0,
        0.0,
        0.0,
        0.0
      ],
      [
        0.0,
        0.0,
        1.0,
        0.0,
        0.0,
        0.0
      ],
      [
        0.0,
        0.0,
        0.0,
        1.0,
        0.0,
        0.0
      ],
      [
        0.0,
        0.0,
        0.0,
        0.0,
        1.0,
        0.0
      ],
      [
        0.0,
        0.0,
        0.0,
        0.0,
        0.0,
        1.0
      ]
    ],
    "reversion": [
      [
        1.3031014798059735,
        0.019751200048761425,
        0.5090704035010133,
        0.9522965749015527,
        0.9522965749015527,
        0.0
      ],
      [
        0.019751200048761425,
        1.0015794001369058,
        0.04021078228071288,
        0.06608149649907726,
        0.06608149649907726,
        0.0
      ],
      [
        0.5090704035010133,
        0.04021078228071288,
        2.087873927233792,
        1.7049912242556133,
        1.7049912242556133,
        0.0
      ],
      [
        0.9522965749015527,
        0.06608149649907726,
        1.7049912242556133,
        4.060982502545935,
        3.06098250254595,
        0.0
      ],
      [
        0.9522965749015527,
        0.06608149649907726,
        1.7049912242556133,
        3.06098250254595,
        4.060982502545935,
        0.0
      ],
      [
        0.0,
        0.0,
        0.0,
        0.0,
        0.0,
        1.0
      ]
    ],
    "vwap": [
      [
        1.0,
        0.0,
        0.0,
        0.0,
        0.0,
        0.0
      ],
      [
        0.0,
        1.0,
        0.0,
        0.0,
        0.0,
        0.0
      ],
      [
        0.0,
        0.0,
        1.0,
        0.0,
        0.0,
        0.0
      ],
      [
        0.0,
        0.0,
        0.0,
        1.0,
        0.0,
        0.0
      ],
      [
        0.0,
        0.0,
        0.0,
        0.0,
        1.0,
        0.0
      ],
      [
        0.0,
        0.0,
        0.0,
        0.0,
        0.0,
        1.0
      ]
    ]
  },
  "b": {
    "trend": [
      [
        0.06281825126600213
      ],
      [
        0.03775105268533313
      ],
      [
        0.687128468059213
      ],
      [
        0.14726811816993254
      ],
      [
        0.14726811816993254
      ],
      [
        0.0
      ]
    ],
    "breakout": [
      [
        0.0
      ],
      [
        0.0
      ],
      [
        0.0
      ],
      [
        0.0
      ],
      [
        0.0
      ],
      [
        0.0
      ]
    ],
    "reversion": [
      [
        -0.008663980063456606
      ],
      [
        -0.0627254279116324
      ],
      [
        -1.7276437474745858
      ],
      [
        -1.0879589850766087
      ],
      [
        -1.0879589850766087
      ],
      [
        0.0
      ]
    ],
    "vwap": [
      [
        0.0
      ],
      [
        0.0
      ],
      [
        0.0
      ],
      [
        0.0
      ],
      [
        0.0
      ],
      [
        0.0
      ]
    ]
  },
  "counts": {
    "trend": 1,
    "breakout": 0,
    "reversion": 8,
    "vwap": 0
  },
  "reward_sum": {
    "trend": 0.14726811816993254,
    "breakout": 0.0,
    "reversion": -1.0879589850766087,
    "vwap": 0.0
  },
  "disabled_until": {
    "trend": 0.0,
    "breakout": 0.0,
    "reversion": 0.0,
    "vwap": 0.0
  },
  "_snapshot_time": "2025-09-22T19:19:00.884180"
}