{
  "arms": [
    "trend",
    "breakout",
    "reversion",
    "vwap"
  ],
  "d": 6,
  "alpha": 0.6,
  "alpha_base": 0.6,
  "alpha_boost_until": 0.0,
  "A": {
    "trend": [
      [
        1.0084236964230984,
        0.005062277301019028,
        0.0921414000222454,
        0.019748112933154875,
        0.019748112933154875,
        0.0
      ],
      [
        0.005062277301019028,
        1.003042209759857,
        0.055372997124845155,
        0.011867761944193382,
        0.011867761944193382,
        0.0
      ],
      [
        0.0921414000222454,
        0.055372997124845155,
        2.0078755419984353,
        0.216011912355844,
        0.216011912355844,
        0.0
      ],
      [
        0.019748112933154875,
        0.011867761944193382,
        0.216011912355844,
        1.0462965359662446,
        0.046296535966244,
        0.0
      ],
      [
        0.019748112933154875,
        0.011867761944193382,
        0.216011912355844,
        0.046296535966244,
        1.0462965359662446,
        0.0
      ],
      [
        0.0,
        0.0,
        0.0,
        0.0,
        0.0,
        1.0
      ]
    ],
    "breakout": [
      [
        1.0,
        0.0,
        0.0,
        0.0,
        0.0,
        0.0
      ],
      [
        0.0,
        1.0,
        0.0,
        0.0,
        0.0,
        0.0
      ],
      [
        0.0,
        0.0,
        1.0,
        0.0,
        0.0,
        0.0
      ],
      [
        0.0,
        0.0,
        0.0,
        1.0,
        0.0,
        0.0
      ],
      [
        0.0,
        0.0,
        0.0,
        0.0,
        1.0,
        0.0
      ],
      [
        0.0,
        0.0,
        0.0,
        0.0,
        0.0,
        1.0
      ]
    ],
    "reversion": [
      [
        1.0971465508982097,
        0.006330424259445897,
        0.16316130787662228,
        0.3052189904948108,
        0.3052189904948108,
        0.0
      ],
      [
        0.006330424259445897,
        1.0005062109095832,
        0.012887890913599669,
        0.02117967047599625,
        0.02117967047599625,
        0.0
      ],
      [
        0.16316130787662228,
        0.012887890913599669,
        1.348672662075098,
        0.5464638999920882,
        0.5464638999920882,
        0.0
      ],
      [
        0.3052189904948108,
        0.02117967047599625,
        0.5464638999920882,
        1.981070408077358,
        0.9810704080773761,
        0.0
      ],
      [
        0.3052189904948108,
        0.02117967047599625,
        0.5464638999920882,
        0.9810704080773761,
        1.981070408077358,
        0.0
      ],
      [
        0.0,
        0.0,
        0.0,
        0.0,
        0.0,
        1.0
      ]
    ],
    "vwap": [
      [
        1.0,
        0.0,
        0.0,
        0.0,
        0.0,
        0.0
      ],
      [
        0.0,
        1.0,
        0.0,
        0.0,
        0.0,
        0.0
      ],
      [
        0.0,
        0.0,
        1.0,
        0.0,
        0.0,
        0.0
      ],
      [
        0.0,
        0.0,
        0.0,
        1.0,
        0.0,
        0.0
      ],
      [
        0.0,
        0.0,
        0.0,
        0.0,
        1.0,
        0.0
      ],
      [
        0.0,
        0.0,
        0.0,
        0.0,
        0.0,
        1.0
      ]
    ]
  },
  "b": {
    "trend": [
      [
        0.02013377317674449
      ],
      [
        0.012099527074246759
      ],
      [
        0.22023040183984682
      ],
      [
        0.047200659484199124
      ],
      [
        0.047200659484199124
      ],
      [
        0.0
      ]
    ],
    "breakout": [
      [
        0.0
      ],
      [
        0.0
      ],
      [
        0.0
      ],
      [
        0.0
      ],
      [
        0.0
      ],
      [
        0.0
      ]
    ],
    "reversion": [
      [
        -0.0027768778323168587
      ],
      [
        -0.020104022517903768
      ],
      [
        -0.5537242225126952
      ],
      [
        -0.34869992382275466
      ],
      [
        -0.34869992382275466
      ],
      [
        0.0
      ]
    ],
    "vwap": [
      [
        0.0
      ],
      [
        0.0
      ],
      [
        0.0
      ],
      [
        0.0
      ],
      [
        0.0
      ],
      [
        0.0
      ]
    ]
  },
  "counts": {
    "trend": 1,
    "breakout": 0,
    "reversion": 8,
    "vwap": 0
  },
  "reward_sum": {
    "trend": 0.047200659484199124,
    "breakout": 0.0,
    "reversion": -0.34869992382275466,
    "vwap": 0.0
  },
  "disabled_until": {
    "trend": 0.0,
    "breakout": 0.0,
    "reversion": 0.0,
    "vwap": 0.0
  },
  "_snapshot_time": "2025-09-24T16:29:00.265032"
}