{
  "arms": [
    "trend",
    "breakout",
    "reversion",
    "vwap"
  ],
  "d": 6,
  "alpha": 0.6,
  "alpha_base": 0.6,
  "alpha_boost_until": 0.0,
  "A": {
    "trend": [
      [
        1.0049022496896782,
        0.002946040085197539,
        0.05362255795768308,
        0.011492600829348274,
        0.011492600829348274,
        0.0
      ],
      [
        0.002946040085197539,
        1.001770442701411,
        0.03222483863823179,
        0.006906556146605723,
        0.006906556146605723,
        0.0
      ],
      [
        0.05362255795768308,
        0.03222483863823179,
        1.586542690385587,
        0.12571017248549218,
        0.12571017248549218,
        0.0
      ],
      [
        0.011492600829348274,
        0.006906556146605723,
        0.12571017248549218,
        1.0269427063457948,
        0.02694270634579598,
        0.0
      ],
      [
        0.011492600829348274,
        0.006906556146605723,
        0.12571017248549218,
        0.02694270634579598,
        1.0269427063457948,
        0.0
      ],
      [
        0.0,
        0.0,
        0.0,
        0.0,
        0.0,
        1.0
      ]
    ],
    "breakout": [
      [
        1.0,
        0.0,
        0.0,
        0.0,
        0.0,
        0.0
      ],
      [
        0.0,
        1.0,
        0.0,
        0.0,
        0.0,
        0.0
      ],
      [
        0.0,
        0.0,
        1.0,
        0.0,
        0.0,
        0.0
      ],
      [
        0.0,
        0.0,
        0.0,
        1.0,
        0.0,
        0.0
      ],
      [
        0.0,
        0.0,
        0.0,
        0.0,
        1.0,
        0.0
      ],
      [
        0.0,
        0.0,
        0.0,
        0.0,
        0.0,
        1.0
      ]
    ],
    "reversion": [
      [
        1.1308893374364053,
        0.012157500758549062,
        0.4931518277556718,
        0.4206120415329248,
        0.4206120415329248,
        0.0
      ],
      [
        0.012157500758549062,
        1.0012602366793544,
        0.052879315618423677,
        0.04001673440460364,
        0.04001673440460364,
        0.0
      ],
      [
        0.4931518277556718,
        0.052879315618423677,
        3.3354432575310087,
        1.6193228024022064,
        1.6193228024022064,
        0.0
      ],
      [
        0.4206120415329248,
        0.04001673440460364,
        1.6193228024022064,
        2.365018538836901,
        1.365018538836915,
        0.0
      ],
      [
        0.4206120415329248,
        0.04001673440460364,
        1.6193228024022064,
        1.365018538836915,
        2.365018538836901,
        0.0
      ],
      [
        0.0,
        0.0,
        0.0,
        0.0,
        0.0,
        1.0
      ]
    ],
    "vwap": [
      [
        1.0,
        0.0,
        0.0,
        0.0,
        0.0,
        0.0
      ],
      [
        0.0,
        1.0,
        0.0,
        0.0,
        0.0,
        0.0
      ],
      [
        0.0,
        0.0,
        1.0,
        0.0,
        0.0,
        0.0
      ],
      [
        0.0,
        0.0,
        0.0,
        1.0,
        0.0,
        0.0
      ],
      [
        0.0,
        0.0,
        0.0,
        0.0,
        1.0,
        0.0
      ],
      [
        0.0,
        0.0,
        0.0,
        0.0,
        0.0,
        1.0
      ]
    ]
  },
  "b": {
    "trend": [
      [
        0.01171703945041183
      ],
      [
        0.007041434052909039
      ],
      [
        0.12816516228155794
      ],
      [
        0.027468869565920154
      ],
      [
        0.027468869565920154
      ],
      [
        0.0
      ]
    ],
    "breakout": [
      [
        0.0
      ],
      [
        0.0
      ],
      [
        0.0
      ],
      [
        0.0
      ],
      [
        0.0
      ],
      [
        0.0
      ]
    ],
    "reversion": [
      [
        -0.27664089820371235
      ],
      [
        -0.04304182042751222
      ],
      [
        -1.7951251815933391
      ],
      [
        -1.101703622995253
      ],
      [
        -1.101703622995253
      ],
      [
        0.0
      ]
    ],
    "vwap": [
      [
        0.0
      ],
      [
        0.0
      ],
      [
        0.0
      ],
      [
        0.0
      ],
      [
        0.0
      ],
      [
        0.0
      ]
    ]
  },
  "counts": {
    "trend": 1,
    "breakout": 0,
    "reversion": 9,
    "vwap": 0
  },
  "reward_sum": {
    "trend": 0.027468869565920154,
    "breakout": 0.0,
    "reversion": -1.101703622995253,
    "vwap": 0.0
  },
  "disabled_until": {
    "trend": 0.0,
    "breakout": 0.0,
    "reversion": 0.0,
    "vwap": 0.0
  },
  "_snapshot_time": "2025-09-25T18:24:00.036358"
}