{
  "arms": [
    "trend",
    "breakout",
    "reversion",
    "vwap"
  ],
  "d": 6,
  "alpha": 0.6,
  "alpha_base": 0.6,
  "alpha_boost_until": 0.0,
  "A": {
    "trend": [
      [
        1.0811839559871839,
        0.04878804707087693,
        0.8880191056615729,
        0.19032380212553876,
        0.19032380212553876,
        0.0
      ],
      [
        0.04878804707087693,
        1.0293195066444651,
        0.5336610836468131,
        0.11437637528128214,
        0.11437637528128214,
        0.0
      ],
      [
        0.8880191056615729,
        0.5336610836468131,
        10.713470136198906,
        2.0818297223199558,
        2.0818297223199558,
        0.0
      ],
      [
        0.19032380212553876,
        0.11437637528128214,
        2.0818297223199558,
        1.446186062443671,
        0.446186062443672,
        0.0
      ],
      [
        0.19032380212553876,
        0.11437637528128214,
        2.0818297223199558,
        0.446186062443672,
        1.446186062443671,
        0.0
      ],
      [
        0.0,
        0.0,
        0.0,
        0.0,
        0.0,
        1.0
      ]
    ],
    "breakout": [
      [
        1.0,
        0.0,
        0.0,
        0.0,
        0.0,
        0.0
      ],
      [
        0.0,
        1.0,
        0.0,
        0.0,
        0.0,
        0.0
      ],
      [
        0.0,
        0.0,
        1.0,
        0.0,
        0.0,
        0.0
      ],
      [
        0.0,
        0.0,
        0.0,
        1.0,
        0.0,
        0.0
      ],
      [
        0.0,
        0.0,
        0.0,
        0.0,
        1.0,
        0.0
      ],
      [
        0.0,
        0.0,
        0.0,
        0.0,
        0.0,
        1.0
      ]
    ],
    "reversion": [
      [
        1.0660315345721694,
        0.006694273803582604,
        0.18869283142041132,
        0.2269847480483332,
        0.2269847480483332,
        0.0
      ],
      [
        0.006694273803582604,
        1.0007265502644027,
        0.019513417912351016,
        0.022781219786753456,
        0.022781219786753456,
        0.0
      ],
      [
        0.18869283142041132,
        0.019513417912351016,
        1.5422871565320797,
        0.6467883856172056,
        0.6467883856172056,
        0.0
      ],
      [
        0.2269847480483332,
        0.022781219786753456,
        0.6467883856172056,
        1.7813740780321106,
        0.7813740780321201,
        0.0
      ],
      [
        0.2269847480483332,
        0.022781219786753456,
        0.6467883856172056,
        0.7813740780321201,
        1.7813740780321106,
        0.0
      ],
      [
        0.0,
        0.0,
        0.0,
        0.0,
        0.0,
        1.0
      ]
    ],
    "vwap": [
      [
        1.0,
        0.0,
        0.0,
        0.0,
        0.0,
        0.0
      ],
      [
        0.0,
        1.0,
        0.0,
        0.0,
        0.0,
        0.0
      ],
      [
        0.0,
        0.0,
        1.0,
        0.0,
        0.0,
        0.0
      ],
      [
        0.0,
        0.0,
        0.0,
        1.0,
        0.0,
        0.0
      ],
      [
        0.0,
        0.0,
        0.0,
        0.0,
        1.0,
        0.0
      ],
      [
        0.0,
        0.0,
        0.0,
        0.0,
        0.0,
        1.0
      ]
    ]
  },
  "b": {
    "trend": [
      [
        0.19404062935541586
      ],
      [
        0.11661002772702149
      ],
      [
        2.1224857060354467
      ],
      [
        0.45489961528341855
      ],
      [
        0.45489961528341855
      ],
      [
        0.0
      ]
    ],
    "breakout": [
      [
        0.0
      ],
      [
        0.0
      ],
      [
        0.0
      ],
      [
        0.0
      ],
      [
        0.0
      ],
      [
        0.0
      ]
    ],
    "reversion": [
      [
        0.09049433414618932
      ],
      [
        0.009846225091610065
      ],
      [
        0.2639828097847373
      ],
      [
        0.3078420306223149
      ],
      [
        0.3078420306223149
      ],
      [
        0.0
      ]
    ],
    "vwap": [
      [
        0.0
      ],
      [
        0.0
      ],
      [
        0.0
      ],
      [
        0.0
      ],
      [
        0.0
      ],
      [
        0.0
      ]
    ]
  },
  "counts": {
    "trend": 1,
    "breakout": 0,
    "reversion": 2,
    "vwap": 0
  },
  "reward_sum": {
    "trend": 0.45489961528341855,
    "breakout": 0.0,
    "reversion": 0.3078420306223149,
    "vwap": 0.0
  },
  "disabled_until": {
    "trend": 0.0,
    "breakout": 0.0,
    "reversion": 0.0,
    "vwap": 0.0
  },
  "_snapshot_time": "2025-09-18T22:05:00.387750"
}