{
  "arms": [
    "trend",
    "breakout",
    "reversion",
    "vwap"
  ],
  "d": 6,
  "alpha": 0.6,
  "alpha_base": 0.6,
  "alpha_boost_until": 0.0,
  "A": {
    "trend": [
      [
        1.0638231280799282,
        0.038354940198600515,
        0.6981201695444738,
        0.14962390354117755,
        0.14962390354117755,
        0.0
      ],
      [
        0.038354940198600515,
        1.0230496605524562,
        0.41954003446496174,
        0.08991749613738774,
        0.08991749613738774,
        0.0
      ],
      [
        0.6981201695444738,
        0.41954003446496174,
        8.636287750021356,
        1.6366396955231892,
        1.6366396955231892,
        0.0
      ],
      [
        0.14962390354117755,
        0.08991749613738774,
        1.6366396955231892,
        1.3507711574848336,
        0.3507711574848344,
        0.0
      ],
      [
        0.14962390354117755,
        0.08991749613738774,
        1.6366396955231892,
        0.3507711574848344,
        1.3507711574848336,
        0.0
      ],
      [
        0.0,
        0.0,
        0.0,
        0.0,
        0.0,
        1.0
      ]
    ],
    "breakout": [
      [
        1.0,
        0.0,
        0.0,
        0.0,
        0.0,
        0.0
      ],
      [
        0.0,
        1.0,
        0.0,
        0.0,
        0.0,
        0.0
      ],
      [
        0.0,
        0.0,
        1.0,
        0.0,
        0.0,
        0.0
      ],
      [
        0.0,
        0.0,
        0.0,
        1.0,
        0.0,
        0.0
      ],
      [
        0.0,
        0.0,
        0.0,
        0.0,
        1.0,
        0.0
      ],
      [
        0.0,
        0.0,
        0.0,
        0.0,
        0.0,
        1.0
      ]
    ],
    "reversion": [
      [
        1.171686773497933,
        0.011893153308373303,
        0.31279518245952065,
        0.51596538893945,
        0.51596538893945,
        0.0
      ],
      [
        0.011893153308373303,
        1.0009382204400652,
        0.02444420002237458,
        0.03659364659459922,
        0.03659364659459922,
        0.0
      ],
      [
        0.31279518245952065,
        0.02444420002237458,
        1.6521178859119399,
        0.9718946723587751,
        0.9718946723587751,
        0.0
      ],
      [
        0.51596538893945,
        0.03659364659459922,
        0.9718946723587751,
        2.5653908372159284,
        1.565390837215937,
        0.0
      ],
      [
        0.51596538893945,
        0.03659364659459922,
        0.9718946723587751,
        1.565390837215937,
        2.5653908372159284,
        0.0
      ],
      [
        0.0,
        0.0,
        0.0,
        0.0,
        0.0,
        1.0
      ]
    ],
    "vwap": [
      [
        1.0,
        0.0,
        0.0,
        0.0,
        0.0,
        0.0
      ],
      [
        0.0,
        1.0,
        0.0,
        0.0,
        0.0,
        0.0
      ],
      [
        0.0,
        0.0,
        1.0,
        0.0,
        0.0,
        0.0
      ],
      [
        0.0,
        0.0,
        0.0,
        1.0,
        0.0,
        0.0
      ],
      [
        0.0,
        0.0,
        0.0,
        0.0,
        1.0,
        0.0
      ],
      [
        0.0,
        0.0,
        0.0,
        0.0,
        0.0,
        1.0
      ]
    ]
  },
  "b": {
    "trend": [
      [
        0.15254590379921953
      ],
      [
        0.09167349194218666
      ],
      [
        1.6686015779461025
      ],
      [
        0.35762135580493326
      ],
      [
        0.35762135580493326
      ],
      [
        0.0
      ]
    ],
    "breakout": [
      [
        0.0
      ],
      [
        0.0
      ],
      [
        0.0
      ],
      [
        0.0
      ],
      [
        0.0
      ],
      [
        0.0
      ]
    ],
    "reversion": [
      [
        -0.14727392166650982
      ],
      [
        -0.004350210608907103
      ],
      [
        -0.09235691798358867
      ],
      [
        -0.3734718392151678
      ],
      [
        -0.3734718392151678
      ],
      [
        0.0
      ]
    ],
    "vwap": [
      [
        0.0
      ],
      [
        0.0
      ],
      [
        0.0
      ],
      [
        0.0
      ],
      [
        0.0
      ],
      [
        0.0
      ]
    ]
  },
  "counts": {
    "trend": 1,
    "breakout": 0,
    "reversion": 3,
    "vwap": 0
  },
  "reward_sum": {
    "trend": 0.35762135580493326,
    "breakout": 0.0,
    "reversion": -0.3734718392151678,
    "vwap": 0.0
  },
  "disabled_until": {
    "trend": 0.0,
    "breakout": 0.0,
    "reversion": 0.0,
    "vwap": 0.0
  },
  "_snapshot_time": "2025-09-19T06:11:01.003020"
}