{
  "arms": [
    "trend",
    "breakout",
    "reversion",
    "vwap"
  ],
  "d": 6,
  "alpha": 0.6,
  "alpha_base": 0.6,
  "alpha_boost_until": 0.0,
  "A": {
    "trend": [
      [
        1.0691526446795945,
        0.04155774922124222,
        0.7564163255631648,
        0.16211816857674236,
        0.16211816857674236,
        0.0
      ],
      [
        0.04155774922124222,
        1.0249744102823204,
        0.45457350344669184,
        0.09742600915894326,
        0.09742600915894326,
        0.0
      ],
      [
        0.7564163255631648,
        0.45457350344669184,
        9.273951925186685,
        1.7733064288434124,
        1.7733064288434124,
        0.0
      ],
      [
        0.16211816857674236,
        0.09742600915894326,
        1.7733064288434124,
        1.3800621177172752,
        0.3800621177172763,
        0.0
      ],
      [
        0.16211816857674236,
        0.09742600915894326,
        1.7733064288434124,
        0.3800621177172763,
        1.3800621177172752,
        0.0
      ],
      [
        0.0,
        0.0,
        0.0,
        0.0,
        0.0,
        1.0
      ]
    ],
    "breakout": [
      [
        1.0,
        0.0,
        0.0,
        0.0,
        0.0,
        0.0
      ],
      [
        0.0,
        1.0,
        0.0,
        0.0,
        0.0,
        0.0
      ],
      [
        0.0,
        0.0,
        1.0,
        0.0,
        0.0,
        0.0
      ],
      [
        0.0,
        0.0,
        0.0,
        1.0,
        0.0,
        0.0
      ],
      [
        0.0,
        0.0,
        0.0,
        0.0,
        1.0,
        0.0
      ],
      [
        0.0,
        0.0,
        0.0,
        0.0,
        0.0,
        1.0
      ]
    ],
    "reversion": [
      [
        1.056245783940839,
        0.00570219487456555,
        0.16072890469716114,
        0.19334603048848645,
        0.19334603048848645,
        0.0
      ],
      [
        0.00570219487456555,
        1.0006188768663118,
        0.016621565664899328,
        0.019405085378320815,
        0.019405085378320815,
        0.0
      ],
      [
        0.16072890469716114,
        0.016621565664899328,
        1.4619212083714106,
        0.550935549636642,
        0.550935549636642,
        0.0
      ],
      [
        0.19334603048848645,
        0.019405085378320815,
        0.550935549636642,
        1.6655758927112587,
        0.6655758927112664,
        0.0
      ],
      [
        0.19334603048848645,
        0.019405085378320815,
        0.550935549636642,
        0.6655758927112664,
        1.6655758927112587,
        0.0
      ],
      [
        0.0,
        0.0,
        0.0,
        0.0,
        0.0,
        1.0
      ]
    ],
    "vwap": [
      [
        1.0,
        0.0,
        0.0,
        0.0,
        0.0,
        0.0
      ],
      [
        0.0,
        1.0,
        0.0,
        0.0,
        0.0,
        0.0
      ],
      [
        0.0,
        0.0,
        1.0,
        0.0,
        0.0,
        0.0
      ],
      [
        0.0,
        0.0,
        0.0,
        1.0,
        0.0,
        0.0
      ],
      [
        0.0,
        0.0,
        0.0,
        0.0,
        1.0,
        0.0
      ],
      [
        0.0,
        0.0,
        0.0,
        0.0,
        0.0,
        1.0
      ]
    ]
  },
  "b": {
    "trend": [
      [
        0.16528416892296485
      ],
      [
        0.09932863846592493
      ],
      [
        1.8079372713761488
      ],
      [
        0.38748433822989836
      ],
      [
        0.38748433822989836
      ],
      [
        0.0
      ]
    ],
    "breakout": [
      [
        0.0
      ],
      [
        0.0
      ],
      [
        0.0
      ],
      [
        0.0
      ],
      [
        0.0
      ],
      [
        0.0
      ]
    ],
    "reversion": [
      [
        0.0770832421090192
      ],
      [
        0.008387032843077055
      ],
      [
        0.22486104827716405
      ],
      [
        0.2622204141472347
      ],
      [
        0.2622204141472347
      ],
      [
        0.0
      ]
    ],
    "vwap": [
      [
        0.0
      ],
      [
        0.0
      ],
      [
        0.0
      ],
      [
        0.0
      ],
      [
        0.0
      ],
      [
        0.0
      ]
    ]
  },
  "counts": {
    "trend": 1,
    "breakout": 0,
    "reversion": 2,
    "vwap": 0
  },
  "reward_sum": {
    "trend": 0.38748433822989836,
    "breakout": 0.0,
    "reversion": 0.2622204141472347,
    "vwap": 0.0
  },
  "disabled_until": {
    "trend": 0.0,
    "breakout": 0.0,
    "reversion": 0.0,
    "vwap": 0.0
  },
  "_snapshot_time": "2025-09-19T03:30:00.750286"
}