{
  "arms": [
    "trend",
    "breakout",
    "reversion",
    "vwap"
  ],
  "d": 6,
  "alpha": 0.6,
  "alpha_base": 0.6,
  "alpha_boost_until": 0.0,
  "A": {
    "trend": [
      [
        1.0032663669159945,
        0.0019629452754610912,
        0.035728687919096905,
        0.007657515121426714,
        0.007657515121426714,
        0.0
      ],
      [
        0.0019629452754610912,
        1.0011796452307853,
        0.021471396494312,
        0.00460183546917944,
        0.00460183546917944,
        0.0
      ],
      [
        0.035728687919096905,
        0.021471396494312,
        1.3908131490584998,
        0.08376063530080913,
        0.08376063530080913,
        0.0
      ],
      [
        0.007657515121426714,
        0.00460183546917944,
        0.08376063530080913,
        1.0179519139591298,
        0.017951913959130504,
        0.0
      ],
      [
        0.007657515121426714,
        0.00460183546917944,
        0.08376063530080913,
        0.017951913959130504,
        1.0179519139591298,
        0.0
      ],
      [
        0.0,
        0.0,
        0.0,
        0.0,
        0.0,
        1.0
      ]
    ],
    "breakout": [
      [
        1.0,
        0.0,
        0.0,
        0.0,
        0.0,
        0.0
      ],
      [
        0.0,
        1.0,
        0.0,
        0.0,
        0.0,
        0.0
      ],
      [
        0.0,
        0.0,
        1.0,
        0.0,
        0.0,
        0.0
      ],
      [
        0.0,
        0.0,
        0.0,
        1.0,
        0.0,
        0.0
      ],
      [
        0.0,
        0.0,
        0.0,
        0.0,
        1.0,
        0.0
      ],
      [
        0.0,
        0.0,
        0.0,
        0.0,
        0.0,
        1.0
      ]
    ],
    "reversion": [
      [
        1.1750634642787419,
        0.014249557565250696,
        0.5121869113417069,
        0.5736953563144439,
        0.5736953563144439,
        0.0
      ],
      [
        0.014249557565250696,
        1.001270083389775,
        0.04808418056734682,
        0.047201994032642476,
        0.047201994032642476,
        0.0
      ],
      [
        0.5121869113417069,
        0.04808418056734682,
        2.9398069775295532,
        1.6922121539453794,
        1.6922121539453794,
        0.0
      ],
      [
        0.5736953563144439,
        0.047201994032642476,
        1.6922121539453794,
        2.8896607816118682,
        1.8896607816118838,
        0.0
      ],
      [
        0.5736953563144439,
        0.047201994032642476,
        1.6922121539453794,
        1.8896607816118838,
        2.8896607816118682,
        0.0
      ],
      [
        0.0,
        0.0,
        0.0,
        0.0,
        0.0,
        1.0
      ]
    ],
    "vwap": [
      [
        1.0,
        0.0,
        0.0,
        0.0,
        0.0,
        0.0
      ],
      [
        0.0,
        1.0,
        0.0,
        0.0,
        0.0,
        0.0
      ],
      [
        0.0,
        0.0,
        1.0,
        0.0,
        0.0,
        0.0
      ],
      [
        0.0,
        0.0,
        0.0,
        1.0,
        0.0,
        0.0
      ],
      [
        0.0,
        0.0,
        0.0,
        0.0,
        1.0,
        0.0
      ],
      [
        0.0,
        0.0,
        0.0,
        0.0,
        0.0,
        1.0
      ]
    ]
  },
  "b": {
    "trend": [
      [
        0.007807058480684217
      ],
      [
        0.00469170456168516
      ],
      [
        0.08539639397419095
      ],
      [
        0.018302496292430612
      ],
      [
        0.018302496292430612
      ],
      [
        0.0
      ]
    ],
    "breakout": [
      [
        0.0
      ],
      [
        0.0
      ],
      [
        0.0
      ],
      [
        0.0
      ],
      [
        0.0
      ],
      [
        0.0
      ]
    ],
    "reversion": [
      [
        -0.6011579741329204
      ],
      [
        -0.05785407832678818
      ],
      [
        -2.0672206272442075
      ],
      [
        -2.1263612941756427
      ],
      [
        -2.1263612941756427
      ],
      [
        0.0
      ]
    ],
    "vwap": [
      [
        0.0
      ],
      [
        0.0
      ],
      [
        0.0
      ],
      [
        0.0
      ],
      [
        0.0
      ],
      [
        0.0
      ]
    ]
  },
  "counts": {
    "trend": 1,
    "breakout": 0,
    "reversion": 10,
    "vwap": 0
  },
  "reward_sum": {
    "trend": 0.018302496292430612,
    "breakout": 0.0,
    "reversion": -2.1263612941756427,
    "vwap": 0.0
  },
  "disabled_until": {
    "trend": 0.0,
    "breakout": 0.0,
    "reversion": 0.0,
    "vwap": 0.0
  },
  "_snapshot_time": "2025-09-26T09:03:00.646999"
}