{
  "arms": [
    "trend",
    "breakout",
    "reversion",
    "vwap"
  ],
  "d": 6,
  "alpha": 0.6,
  "alpha_base": 0.6,
  "alpha_boost_until": 0.0,
  "A": {
    "trend": [
      [
        1.0037774230535108,
        0.002270067915517247,
        0.04131880247635475,
        0.00885561080435913,
        0.00885561080435913,
        0.0
      ],
      [
        0.002270067915517247,
        1.0013642126571622,
        0.024830813620944133,
        0.005321839167737191,
        0.005321839167737191,
        0.0
      ],
      [
        0.04131880247635475,
        0.024830813620944133,
        1.4519598186106162,
        0.09686583378390114,
        0.09686583378390114,
        0.0
      ],
      [
        0.00885561080435913,
        0.005321839167737191,
        0.09686583378390114,
        1.020760672449808,
        0.020760672449809284,
        0.0
      ],
      [
        0.00885561080435913,
        0.005321839167737191,
        0.09686583378390114,
        0.020760672449809284,
        1.020760672449808,
        0.0
      ],
      [
        0.0,
        0.0,
        0.0,
        0.0,
        0.0,
        1.0
      ]
    ],
    "breakout": [
      [
        1.0,
        0.0,
        0.0,
        0.0,
        0.0,
        0.0
      ],
      [
        0.0,
        1.0,
        0.0,
        0.0,
        0.0,
        0.0
      ],
      [
        0.0,
        0.0,
        1.0,
        0.0,
        0.0,
        0.0
      ],
      [
        0.0,
        0.0,
        0.0,
        1.0,
        0.0,
        0.0
      ],
      [
        0.0,
        0.0,
        0.0,
        0.0,
        1.0,
        0.0
      ],
      [
        0.0,
        0.0,
        0.0,
        0.0,
        0.0,
        1.0
      ]
    ],
    "reversion": [
      [
        1.1008566335843906,
        0.009367948706308344,
        0.37999759313925746,
        0.32410214143439825,
        0.32410214143439825,
        0.0
      ],
      [
        0.009367948706308344,
        1.0009710739735462,
        0.04074609791734884,
        0.030834850249355915,
        0.030834850249355915,
        0.0
      ],
      [
        0.37999759313925746,
        0.04074609791734884,
        2.7995732081414375,
        1.247767386828425,
        1.247767386828425,
        0.0
      ],
      [
        0.32410214143439825,
        0.030834850249355915,
        1.247767386828425,
        2.051813518990897,
        1.0518135189909132,
        0.0
      ],
      [
        0.32410214143439825,
        0.030834850249355915,
        1.247767386828425,
        1.0518135189909132,
        2.051813518990897,
        0.0
      ],
      [
        0.0,
        0.0,
        0.0,
        0.0,
        0.0,
        1.0
      ]
    ],
    "vwap": [
      [
        1.0,
        0.0,
        0.0,
        0.0,
        0.0,
        0.0
      ],
      [
        0.0,
        1.0,
        0.0,
        0.0,
        0.0,
        0.0
      ],
      [
        0.0,
        0.0,
        1.0,
        0.0,
        0.0,
        0.0
      ],
      [
        0.0,
        0.0,
        0.0,
        1.0,
        0.0,
        0.0
      ],
      [
        0.0,
        0.0,
        0.0,
        0.0,
        1.0,
        0.0
      ],
      [
        0.0,
        0.0,
        0.0,
        0.0,
        0.0,
        1.0
      ]
    ]
  },
  "b": {
    "trend": [
      [
        0.009028551734538337
      ],
      [
        0.005425769188631923
      ],
      [
        0.09875752344453159
      ],
      [
        0.02116610693467275
      ],
      [
        0.02116610693467275
      ],
      [
        0.0
      ]
    ],
    "breakout": [
      [
        0.0
      ],
      [
        0.0
      ],
      [
        0.0
      ],
      [
        0.0
      ],
      [
        0.0
      ],
      [
        0.0
      ]
    ],
    "reversion": [
      [
        -0.213165336849112
      ],
      [
        -0.033165826924380984
      ],
      [
        -1.3832317148525377
      ],
      [
        -0.8489165030498687
      ],
      [
        -0.8489165030498687
      ],
      [
        0.0
      ]
    ],
    "vwap": [
      [
        0.0
      ],
      [
        0.0
      ],
      [
        0.0
      ],
      [
        0.0
      ],
      [
        0.0
      ],
      [
        0.0
      ]
    ]
  },
  "counts": {
    "trend": 1,
    "breakout": 0,
    "reversion": 9,
    "vwap": 0
  },
  "reward_sum": {
    "trend": 0.02116610693467275,
    "breakout": 0.0,
    "reversion": -0.8489165030498687,
    "vwap": 0.0
  },
  "disabled_until": {
    "trend": 0.0,
    "breakout": 0.0,
    "reversion": 0.0,
    "vwap": 0.0
  },
  "_snapshot_time": "2025-09-26T04:17:00.576298"
}