{
  "arms": [
    "trend",
    "breakout",
    "reversion",
    "vwap"
  ],
  "d": 6,
  "alpha": 0.6,
  "alpha_base": 0.6,
  "alpha_boost_until": 0.0,
  "A": {
    "trend": [
      [
        1.0111534746722373,
        0.006702755990343595,
        0.12200068945915477,
        0.026147675125193243,
        0.026147675125193243,
        0.0
      ],
      [
        0.006702755990343595,
        1.0040280665161618,
        0.07331713893016538,
        0.015713622097983722,
        0.015713622097983722,
        0.0
      ],
      [
        0.12200068945915477,
        0.07331713893016538,
        2.3344871141869232,
        0.2860126092336456,
        0.2860126092336456,
        0.0
      ],
      [
        0.026147675125193243,
        0.015713622097983722,
        0.2860126092336456,
        1.0612993649552602,
        0.06129936495526111,
        0.0
      ],
      [
        0.026147675125193243,
        0.015713622097983722,
        0.2860126092336456,
        0.06129936495526111,
        1.0612993649552602,
        0.0
      ],
      [
        0.0,
        0.0,
        0.0,
        0.0,
        0.0,
        1.0
      ]
    ],
    "breakout": [
      [
        1.0,
        0.0,
        0.0,
        0.0,
        0.0,
        0.0
      ],
      [
        0.0,
        1.0,
        0.0,
        0.0,
        0.0,
        0.0
      ],
      [
        0.0,
        0.0,
        1.0,
        0.0,
        0.0,
        0.0
      ],
      [
        0.0,
        0.0,
        0.0,
        1.0,
        0.0,
        0.0
      ],
      [
        0.0,
        0.0,
        0.0,
        0.0,
        1.0,
        0.0
      ],
      [
        0.0,
        0.0,
        0.0,
        0.0,
        0.0,
        1.0
      ]
    ],
    "reversion": [
      [
        1.1286278066677848,
        0.00838185792743437,
        0.21603526806842044,
        0.40412808213684775,
        0.40412808213684775,
        0.0
      ],
      [
        0.00838185792743437,
        1.0006702533276686,
        0.01706433347826204,
        0.028043142387302735,
        0.028043142387302735,
        0.0
      ],
      [
        0.21603526806842044,
        0.01706433347826204,
        1.461663325697797,
        0.7235506791461571,
        0.7235506791461571,
        0.0
      ],
      [
        0.40412808213684775,
        0.028043142387302735,
        0.7235506791461571,
        2.298995523885203,
        1.2989955238852193,
        0.0
      ],
      [
        0.40412808213684775,
        0.028043142387302735,
        0.7235506791461571,
        1.2989955238852193,
        2.298995523885203,
        0.0
      ],
      [
        0.0,
        0.0,
        0.0,
        0.0,
        0.0,
        1.0
      ]
    ],
    "vwap": [
      [
        1.0,
        0.0,
        0.0,
        0.0,
        0.0,
        0.0
      ],
      [
        0.0,
        1.0,
        0.0,
        0.0,
        0.0,
        0.0
      ],
      [
        0.0,
        0.0,
        1.0,
        0.0,
        0.0,
        0.0
      ],
      [
        0.0,
        0.0,
        0.0,
        1.0,
        0.0,
        0.0
      ],
      [
        0.0,
        0.0,
        0.0,
        0.0,
        1.0,
        0.0
      ],
      [
        0.0,
        0.0,
        0.0,
        0.0,
        0.0,
        1.0
      ]
    ]
  },
  "b": {
    "trend": [
      [
        0.026658312206934577
      ],
      [
        0.01602049290363976
      ],
      [
        0.2915981400091742
      ],
      [
        0.06249647822378249
      ],
      [
        0.06249647822378249
      ],
      [
        0.0
      ]
    ],
    "breakout": [
      [
        0.0
      ],
      [
        0.0
      ],
      [
        0.0
      ],
      [
        0.0
      ],
      [
        0.0
      ],
      [
        0.0
      ]
    ],
    "reversion": [
      [
        -0.003676751275807719
      ],
      [
        -0.026618920566590976
      ],
      [
        -0.7331637776338733
      ],
      [
        -0.46169942187182006
      ],
      [
        -0.46169942187182006
      ],
      [
        0.0
      ]
    ],
    "vwap": [
      [
        0.0
      ],
      [
        0.0
      ],
      [
        0.0
      ],
      [
        0.0
      ],
      [
        0.0
      ],
      [
        0.0
      ]
    ]
  },
  "counts": {
    "trend": 1,
    "breakout": 0,
    "reversion": 8,
    "vwap": 0
  },
  "reward_sum": {
    "trend": 0.06249647822378249,
    "breakout": 0.0,
    "reversion": -0.46169942187182006,
    "vwap": 0.0
  },
  "disabled_until": {
    "trend": 0.0,
    "breakout": 0.0,
    "reversion": 0.0,
    "vwap": 0.0
  },
  "_snapshot_time": "2025-09-24T06:23:00.042159"
}