{
  "arms": [
    "trend",
    "breakout",
    "reversion",
    "vwap"
  ],
  "d": 6,
  "alpha": 0.6,
  "alpha_base": 0.6,
  "alpha_boost_until": 0.0,
  "A": {
    "trend": [
      [
        1.0178665457304876,
        0.010737021416283675,
        0.1954306582861551,
        0.041885479377392024,
        0.041885479377392024,
        0.0
      ],
      [
        0.010737021416283675,
        1.0064524855913808,
        0.11744537500812081,
        0.025171361934777946,
        0.025171361934777946,
        0.0
      ],
      [
        0.1954306582861551,
        0.11744537500812081,
        3.137690338932537,
        0.4581583329443872,
        0.4581583329443872,
        0.0
      ],
      [
        0.041885479377392024,
        0.025171361934777946,
        0.4581583329443872,
        1.0981943241373298,
        0.09819432413732986,
        0.0
      ],
      [
        0.041885479377392024,
        0.025171361934777946,
        0.4581583329443872,
        0.09819432413732986,
        1.0981943241373298,
        0.0
      ],
      [
        0.0,
        0.0,
        0.0,
        0.0,
        0.0,
        1.0
      ]
    ],
    "breakout": [
      [
        1.0,
        0.0,
        0.0,
        0.0,
        0.0,
        0.0
      ],
      [
        0.0,
        1.0,
        0.0,
        0.0,
        0.0,
        0.0
      ],
      [
        0.0,
        0.0,
        1.0,
        0.0,
        0.0,
        0.0
      ],
      [
        0.0,
        0.0,
        0.0,
        1.0,
        0.0,
        0.0
      ],
      [
        0.0,
        0.0,
        0.0,
        0.0,
        1.0,
        0.0
      ],
      [
        0.0,
        0.0,
        0.0,
        0.0,
        0.0,
        1.0
      ]
    ],
    "reversion": [
      [
        1.2060465153305961,
        0.01342674389531171,
        0.3460629184868043,
        0.6473653343604037,
        0.6473653343604037,
        0.0
      ],
      [
        0.01342674389531171,
        1.0010736664655364,
        0.027335041626856817,
        0.04492179348705886,
        0.04492179348705886,
        0.0
      ],
      [
        0.3460629184868043,
        0.027335041626856817,
        1.7395299817375416,
        1.1590425116103087,
        1.1590425116103087,
        0.0
      ],
      [
        0.6473653343604037,
        0.04492179348705886,
        1.1590425116103087,
        3.0808370138649734,
        2.0808370138649894,
        0.0
      ],
      [
        0.6473653343604037,
        0.04492179348705886,
        1.1590425116103087,
        2.0808370138649894,
        3.0808370138649734,
        0.0
      ],
      [
        0.0,
        0.0,
        0.0,
        0.0,
        0.0,
        1.0
      ]
    ],
    "vwap": [
      [
        1.0,
        0.0,
        0.0,
        0.0,
        0.0,
        0.0
      ],
      [
        0.0,
        1.0,
        0.0,
        0.0,
        0.0,
        0.0
      ],
      [
        0.0,
        0.0,
        1.0,
        0.0,
        0.0,
        0.0
      ],
      [
        0.0,
        0.0,
        0.0,
        1.0,
        0.0,
        0.0
      ],
      [
        0.0,
        0.0,
        0.0,
        0.0,
        1.0,
        0.0
      ],
      [
        0.0,
        0.0,
        0.0,
        0.0,
        0.0,
        1.0
      ]
    ]
  },
  "b": {
    "trend": [
      [
        0.04270345951727837
      ],
      [
        0.02566293262855046
      ],
      [
        0.46710569185832684
      ],
      [
        0.1001119578420847
      ],
      [
        0.1001119578420847
      ],
      [
        0.0
      ]
    ],
    "breakout": [
      [
        0.0
      ],
      [
        0.0
      ],
      [
        0.0
      ],
      [
        0.0
      ],
      [
        0.0
      ],
      [
        0.0
      ]
    ],
    "reversion": [
      [
        -0.00588972017593499
      ],
      [
        -0.04264035877385271
      ],
      [
        -1.1744415570907276
      ],
      [
        -0.7395878035341408
      ],
      [
        -0.7395878035341408
      ],
      [
        0.0
      ]
    ],
    "vwap": [
      [
        0.0
      ],
      [
        0.0
      ],
      [
        0.0
      ],
      [
        0.0
      ],
      [
        0.0
      ],
      [
        0.0
      ]
    ]
  },
  "counts": {
    "trend": 1,
    "breakout": 0,
    "reversion": 8,
    "vwap": 0
  },
  "reward_sum": {
    "trend": 0.1001119578420847,
    "breakout": 0.0,
    "reversion": -0.7395878035341408,
    "vwap": 0.0
  },
  "disabled_until": {
    "trend": 0.0,
    "breakout": 0.0,
    "reversion": 0.0,
    "vwap": 0.0
  },
  "_snapshot_time": "2025-09-23T11:05:01.004627"
}