{
  "arms": [
    "trend",
    "breakout",
    "reversion",
    "vwap"
  ],
  "d": 6,
  "alpha": 0.6,
  "alpha_base": 0.6,
  "alpha_boost_until": 0.0,
  "A": {
    "trend": [
      [
        1.0421011334191408,
        0.025300960688767936,
        0.4605172338744838,
        0.09869989320784993,
        0.09869989320784993,
        0.0
      ],
      [
        0.025300960688767936,
        1.0152047833344904,
        0.27675094432163017,
        0.0593143679334299,
        0.0593143679334299,
        0.0
      ],
      [
        0.4605172338744838,
        0.27675094432163017,
        6.037301979119248,
        1.07961468284652,
        1.07961468284652,
        0.0
      ],
      [
        0.09869989320784993,
        0.0593143679334299,
        1.07961468284652,
        1.2313873316011912,
        0.231387331601191,
        0.0
      ],
      [
        0.09869989320784993,
        0.0593143679334299,
        1.07961468284652,
        0.231387331601191,
        1.2313873316011912,
        0.0
      ],
      [
        0.0,
        0.0,
        0.0,
        0.0,
        0.0,
        1.0
      ]
    ],
    "breakout": [
      [
        1.0,
        0.0,
        0.0,
        0.0,
        0.0,
        0.0
      ],
      [
        0.0,
        1.0,
        0.0,
        0.0,
        0.0,
        0.0
      ],
      [
        0.0,
        0.0,
        1.0,
        0.0,
        0.0,
        0.0
      ],
      [
        0.0,
        0.0,
        0.0,
        1.0,
        0.0,
        0.0
      ],
      [
        0.0,
        0.0,
        0.0,
        0.0,
        1.0,
        0.0
      ],
      [
        0.0,
        0.0,
        0.0,
        0.0,
        0.0,
        1.0
      ]
    ],
    "reversion": [
      [
        1.4855326800904765,
        0.0316390837181563,
        0.8154705068573388,
        1.5254663505731192,
        1.5254663505731192,
        0.0
      ],
      [
        0.0316390837181563,
        1.0025300120009235,
        0.06441291181351844,
        0.10585473261339706,
        0.10585473261339706,
        0.0
      ],
      [
        0.8154705068573388,
        0.06441291181351844,
        2.742645215155322,
        2.7311940514889357,
        2.7311940514889357,
        0.0
      ],
      [
        1.5254663505731192,
        0.10585473261339706,
        2.7311940514889357,
        5.903331514984873,
        4.903331514984885,
        0.0
      ],
      [
        1.5254663505731192,
        0.10585473261339706,
        2.7311940514889357,
        4.903331514984885,
        5.903331514984873,
        0.0
      ],
      [
        0.0,
        0.0,
        0.0,
        0.0,
        0.0,
        1.0
      ]
    ],
    "vwap": [
      [
        1.0,
        0.0,
        0.0,
        0.0,
        0.0,
        0.0
      ],
      [
        0.0,
        1.0,
        0.0,
        0.0,
        0.0,
        0.0
      ],
      [
        0.0,
        0.0,
        1.0,
        0.0,
        0.0,
        0.0
      ],
      [
        0.0,
        0.0,
        0.0,
        1.0,
        0.0,
        0.0
      ],
      [
        0.0,
        0.0,
        0.0,
        0.0,
        1.0,
        0.0
      ],
      [
        0.0,
        0.0,
        0.0,
        0.0,
        0.0,
        1.0
      ]
    ]
  },
  "b": {
    "trend": [
      [
        0.1006274001542429
      ],
      [
        0.060472716260837216
      ],
      [
        1.1006984422405888
      ],
      [
        0.23590608713853917
      ],
      [
        0.23590608713853917
      ],
      [
        0.0
      ]
    ],
    "breakout": [
      [
        0.0
      ],
      [
        0.0
      ],
      [
        0.0
      ],
      [
        0.0
      ],
      [
        0.0
      ],
      [
        0.0
      ]
    ],
    "reversion": [
      [
        -0.013878670150846373
      ],
      [
        -0.10047870813185168
      ],
      [
        -2.767480711377104
      ],
      [
        -1.7427814677477163
      ],
      [
        -1.7427814677477163
      ],
      [
        0.0
      ]
    ],
    "vwap": [
      [
        0.0
      ],
      [
        0.0
      ],
      [
        0.0
      ],
      [
        0.0
      ],
      [
        0.0
      ],
      [
        0.0
      ]
    ]
  },
  "counts": {
    "trend": 1,
    "breakout": 0,
    "reversion": 8,
    "vwap": 0
  },
  "reward_sum": {
    "trend": 0.23590608713853917,
    "breakout": 0.0,
    "reversion": -1.7427814677477163,
    "vwap": 0.0
  },
  "disabled_until": {
    "trend": 0.0,
    "breakout": 0.0,
    "reversion": 0.0,
    "vwap": 0.0
  },
  "_snapshot_time": "2025-09-22T02:38:00.258888"
}