{
  "arms": [
    "trend",
    "breakout",
    "reversion",
    "vwap"
  ],
  "d": 6,
  "alpha": 0.6,
  "alpha_base": 0.6,
  "alpha_boost_until": 0.0,
  "A": {
    "trend": [
      [
        1.062243426080288,
        0.03740560760474923,
        0.68084082487748,
        0.1459205253657611,
        0.1459205253657611,
        0.0
      ],
      [
        0.03740560760474923,
        1.0224791527136654,
        0.40915589549666237,
        0.0876919259918284,
        0.0876919259918284,
        0.0
      ],
      [
        0.68084082487748,
        0.40915589549666237,
        8.447280106688181,
        1.5961308223687554,
        1.5961308223687554,
        0.0
      ],
      [
        0.1459205253657611,
        0.0876919259918284,
        1.5961308223687554,
        1.3420891339682006,
        0.3420891339682016,
        0.0
      ],
      [
        0.1459205253657611,
        0.0876919259918284,
        1.5961308223687554,
        0.3420891339682016,
        1.3420891339682006,
        0.0
      ],
      [
        0.0,
        0.0,
        0.0,
        0.0,
        0.0,
        1.0
      ]
    ],
    "breakout": [
      [
        1.0,
        0.0,
        0.0,
        0.0,
        0.0,
        0.0
      ],
      [
        0.0,
        1.0,
        0.0,
        0.0,
        0.0,
        0.0
      ],
      [
        0.0,
        0.0,
        1.0,
        0.0,
        0.0,
        0.0
      ],
      [
        0.0,
        0.0,
        0.0,
        1.0,
        0.0,
        0.0
      ],
      [
        0.0,
        0.0,
        0.0,
        0.0,
        1.0,
        0.0
      ],
      [
        0.0,
        0.0,
        0.0,
        0.0,
        0.0,
        1.0
      ]
    ],
    "reversion": [
      [
        1.1674373117813772,
        0.011598782934678366,
        0.3050531116761769,
        0.5031946022172418,
        0.5031946022172418,
        0.0
      ],
      [
        0.011598782934678366,
        1.000914998314327,
        0.023839175592882518,
        0.035687908213565434,
        0.035687908213565434,
        0.0
      ],
      [
        0.3050531116761769,
        0.023839175592882518,
        1.6359771551240918,
        0.9478390673836886,
        0.9478390673836886,
        0.0
      ],
      [
        0.5031946022172418,
        0.035687908213565434,
        0.9478390673836886,
        2.5266454621432417,
        1.5266454621432506,
        0.0
      ],
      [
        0.5031946022172418,
        0.035687908213565434,
        0.9478390673836886,
        1.5266454621432506,
        2.5266454621432417,
        0.0
      ],
      [
        0.0,
        0.0,
        0.0,
        0.0,
        0.0,
        1.0
      ]
    ],
    "vwap": [
      [
        1.0,
        0.0,
        0.0,
        0.0,
        0.0,
        0.0
      ],
      [
        0.0,
        1.0,
        0.0,
        0.0,
        0.0,
        0.0
      ],
      [
        0.0,
        0.0,
        1.0,
        0.0,
        0.0,
        0.0
      ],
      [
        0.0,
        0.0,
        0.0,
        1.0,
        0.0,
        0.0
      ],
      [
        0.0,
        0.0,
        0.0,
        0.0,
        1.0,
        0.0
      ],
      [
        0.0,
        0.0,
        0.0,
        0.0,
        0.0,
        1.0
      ]
    ]
  },
  "b": {
    "trend": [
      [
        0.14877020247403838
      ],
      [
        0.08940445871094578
      ],
      [
        1.6273016083491296
      ],
      [
        0.3487697813385156
      ],
      [
        0.3487697813385156
      ],
      [
        0.0
      ]
    ],
    "breakout": [
      [
        0.0
      ],
      [
        0.0
      ],
      [
        0.0
      ],
      [
        0.0
      ],
      [
        0.0
      ],
      [
        0.0
      ]
    ],
    "reversion": [
      [
        -0.14362870847263237
      ],
      [
        -0.004242537472154205
      ],
      [
        -0.09007096910567412
      ],
      [
        -0.3642279455207258
      ],
      [
        -0.3642279455207258
      ],
      [
        0.0
      ]
    ],
    "vwap": [
      [
        0.0
      ],
      [
        0.0
      ],
      [
        0.0
      ],
      [
        0.0
      ],
      [
        0.0
      ],
      [
        0.0
      ]
    ]
  },
  "counts": {
    "trend": 1,
    "breakout": 0,
    "reversion": 3,
    "vwap": 0
  },
  "reward_sum": {
    "trend": 0.3487697813385156,
    "breakout": 0.0,
    "reversion": -0.3642279455207258,
    "vwap": 0.0
  },
  "disabled_until": {
    "trend": 0.0,
    "breakout": 0.0,
    "reversion": 0.0,
    "vwap": 0.0
  },
  "_snapshot_time": "2025-09-19T07:03:00.986639"
}