{
  "arms": [
    "trend",
    "breakout",
    "reversion",
    "vwap"
  ],
  "d": 6,
  "alpha": 0.6,
  "alpha_base": 0.6,
  "alpha_boost_until": 0.0,
  "A": {
    "trend": [
      [
        1.1074923823717326,
        0.06459827372468474,
        1.1757900695828152,
        0.25200002468160504,
        0.25200002468160504,
        0.0
      ],
      [
        0.06459827372468474,
        1.0388207692130091,
        0.706598989452215,
        0.15144111809443514,
        0.15144111809443514,
        0.0
      ],
      [
        1.1757900695828152,
        0.706598989452215,
        13.861211717762805,
        2.7564662724711875,
        2.7564662724711875,
        0.0
      ],
      [
        0.25200002468160504,
        0.15144111809443514,
        2.7564662724711875,
        1.5907768628656753,
        0.5907768628656763,
        0.0
      ],
      [
        0.25200002468160504,
        0.15144111809443514,
        2.7564662724711875,
        0.5907768628656763,
        1.5907768628656753,
        0.0
      ],
      [
        0.0,
        0.0,
        0.0,
        0.0,
        0.0,
        1.0
      ]
    ],
    "breakout": [
      [
        1.0,
        0.0,
        0.0,
        0.0,
        0.0,
        0.0
      ],
      [
        0.0,
        1.0,
        0.0,
        0.0,
        0.0,
        0.0
      ],
      [
        0.0,
        0.0,
        1.0,
        0.0,
        0.0,
        0.0
      ],
      [
        0.0,
        0.0,
        0.0,
        1.0,
        0.0,
        0.0
      ],
      [
        0.0,
        0.0,
        0.0,
        0.0,
        1.0,
        0.0
      ],
      [
        0.0,
        0.0,
        0.0,
        0.0,
        0.0,
        1.0
      ]
    ],
    "reversion": [
      [
        1.0874296759318378,
        0.008863616346921814,
        0.24984052254179387,
        0.3005412957902044,
        0.3005412957902044,
        0.0
      ],
      [
        0.008863616346921814,
        1.000961995727896,
        0.02583692497006441,
        0.030163688852496907,
        0.030163688852496907,
        0.0
      ],
      [
        0.24984052254179387,
        0.02583692497006441,
        1.7180204225873017,
        0.856386260252418,
        0.856386260252418,
        0.0
      ],
      [
        0.3005412957902044,
        0.030163688852496907,
        0.856386260252418,
        2.034585715242163,
        1.0345857152421742,
        0.0
      ],
      [
        0.3005412957902044,
        0.030163688852496907,
        0.856386260252418,
        1.0345857152421742,
        2.034585715242163,
        0.0
      ],
      [
        0.0,
        0.0,
        0.0,
        0.0,
        0.0,
        1.0
      ]
    ],
    "vwap": [
      [
        1.0,
        0.0,
        0.0,
        0.0,
        0.0,
        0.0
      ],
      [
        0.0,
        1.0,
        0.0,
        0.0,
        0.0,
        0.0
      ],
      [
        0.0,
        0.0,
        1.0,
        0.0,
        0.0,
        0.0
      ],
      [
        0.0,
        0.0,
        0.0,
        1.0,
        0.0,
        0.0
      ],
      [
        0.0,
        0.0,
        0.0,
        0.0,
        1.0,
        0.0
      ],
      [
        0.0,
        0.0,
        0.0,
        0.0,
        0.0,
        1.0
      ]
    ]
  },
  "b": {
    "trend": [
      [
        0.25692132481961144
      ],
      [
        0.1543986066753178
      ],
      [
        2.810297211036618
      ],
      [
        0.6023141246593018
      ],
      [
        0.6023141246593018
      ],
      [
        0.0
      ]
    ],
    "breakout": [
      [
        0.0
      ],
      [
        0.0
      ],
      [
        0.0
      ],
      [
        0.0
      ],
      [
        0.0
      ],
      [
        0.0
      ]
    ],
    "reversion": [
      [
        0.1198198763565215
      ],
      [
        0.013036987168161594
      ],
      [
        0.34952892827032656
      ],
      [
        0.407601143149132
      ],
      [
        0.407601143149132
      ],
      [
        0.0
      ]
    ],
    "vwap": [
      [
        0.0
      ],
      [
        0.0
      ],
      [
        0.0
      ],
      [
        0.0
      ],
      [
        0.0
      ],
      [
        0.0
      ]
    ]
  },
  "counts": {
    "trend": 1,
    "breakout": 0,
    "reversion": 2,
    "vwap": 0
  },
  "reward_sum": {
    "trend": 0.6023141246593018,
    "breakout": 0.0,
    "reversion": 0.407601143149132,
    "vwap": 0.0
  },
  "disabled_until": {
    "trend": 0.0,
    "breakout": 0.0,
    "reversion": 0.0,
    "vwap": 0.0
  },
  "_snapshot_time": "2025-09-18T10:46:00.642349"
}