{
  "arms": [
    "trend",
    "breakout",
    "reversion",
    "vwap"
  ],
  "d": 6,
  "alpha": 0.6,
  "alpha_base": 0.6,
  "alpha_boost_until": 0.0,
  "A": {
    "trend": [
      [
        1.1333476038797792,
        0.08013614384475753,
        1.4586037167014991,
        0.31261377529738477,
        0.31261377529738477,
        0.0
      ],
      [
        0.08013614384475753,
        1.0481583572817517,
        0.8765577622187354,
        0.18786736121385092,
        0.18786736121385092,
        0.0
      ],
      [
        1.4586037167014991,
        0.8765577622187354,
        16.954728397620972,
        3.4194811250747823,
        3.4194811250747823,
        0.0
      ],
      [
        0.31261377529738477,
        0.18786736121385092,
        3.4194811250747823,
        1.732876854643679,
        0.7328768546436799,
        0.0
      ],
      [
        0.31261377529738477,
        0.18786736121385092,
        3.4194811250747823,
        0.7328768546436799,
        1.732876854643679,
        0.0
      ],
      [
        0.0,
        0.0,
        0.0,
        0.0,
        0.0,
        1.0
      ]
    ],
    "breakout": [
      [
        1.0,
        0.0,
        0.0,
        0.0,
        0.0,
        0.0
      ],
      [
        0.0,
        1.0,
        0.0,
        0.0,
        0.0,
        0.0
      ],
      [
        0.0,
        0.0,
        1.0,
        0.0,
        0.0,
        0.0
      ],
      [
        0.0,
        0.0,
        0.0,
        1.0,
        0.0,
        0.0
      ],
      [
        0.0,
        0.0,
        0.0,
        0.0,
        1.0,
        0.0
      ],
      [
        0.0,
        0.0,
        0.0,
        0.0,
        0.0,
        1.0
      ]
    ],
    "reversion": [
      [
        1.10845919995687,
        0.010995588482579637,
        0.3099348465252859,
        0.3728307139193782,
        0.3728307139193782,
        0.0
      ],
      [
        0.010995588482579637,
        1.0011933852653296,
        0.03205149946779623,
        0.037418983037754504,
        0.037418983037754504,
        0.0
      ],
      [
        0.3099348465252859,
        0.03205149946779623,
        1.8907264010360438,
        1.0623734750366447,
        1.0623734750366447,
        0.0
      ],
      [
        0.3728307139193782,
        0.037418983037754504,
        1.0623734750366447,
        2.283435375529181,
        1.2834353755291903,
        0.0
      ],
      [
        0.3728307139193782,
        0.037418983037754504,
        1.0623734750366447,
        1.2834353755291903,
        2.283435375529181,
        0.0
      ],
      [
        0.0,
        0.0,
        0.0,
        0.0,
        0.0,
        1.0
      ]
    ],
    "vwap": [
      [
        1.0,
        0.0,
        0.0,
        0.0,
        0.0,
        0.0
      ],
      [
        0.0,
        1.0,
        0.0,
        0.0,
        0.0,
        0.0
      ],
      [
        0.0,
        0.0,
        1.0,
        0.0,
        0.0,
        0.0
      ],
      [
        0.0,
        0.0,
        0.0,
        1.0,
        0.0,
        0.0
      ],
      [
        0.0,
        0.0,
        0.0,
        0.0,
        1.0,
        0.0
      ],
      [
        0.0,
        0.0,
        0.0,
        0.0,
        0.0,
        1.0
      ]
    ]
  },
  "b": {
    "trend": [
      [
        0.3187187993641779
      ],
      [
        0.19153621669049922
      ],
      [
        3.486260058743548
      ],
      [
        0.7471891824716491
      ],
      [
        0.7471891824716491
      ],
      [
        0.0
      ]
    ],
    "breakout": [
      [
        0.0
      ],
      [
        0.0
      ],
      [
        0.0
      ],
      [
        0.0
      ],
      [
        0.0
      ],
      [
        0.0
      ]
    ],
    "reversion": [
      [
        0.14864023902697748
      ],
      [
        0.01617278324592185
      ],
      [
        0.43360137754070477
      ],
      [
        0.505641744822738
      ],
      [
        0.505641744822738
      ],
      [
        0.0
      ]
    ],
    "vwap": [
      [
        0.0
      ],
      [
        0.0
      ],
      [
        0.0
      ],
      [
        0.0
      ],
      [
        0.0
      ],
      [
        0.0
      ]
    ]
  },
  "counts": {
    "trend": 1,
    "breakout": 0,
    "reversion": 2,
    "vwap": 0
  },
  "reward_sum": {
    "trend": 0.7471891824716491,
    "breakout": 0.0,
    "reversion": 0.505641744822738,
    "vwap": 0.0
  },
  "disabled_until": {
    "trend": 0.0,
    "breakout": 0.0,
    "reversion": 0.0,
    "vwap": 0.0
  },
  "_snapshot_time": "2025-09-18T03:36:00.108519"
}