{
  "arms": [
    "trend",
    "breakout",
    "reversion",
    "vwap"
  ],
  "d": 6,
  "alpha": 0.6,
  "alpha_base": 0.6,
  "alpha_boost_until": 0.0,
  "A": {
    "trend": [
      [
        1.0058131386613334,
        0.0034934449693900063,
        0.06358618685615451,
        0.013628045576916206,
        0.013628045576916206,
        0.0
      ],
      [
        0.0034934449693900063,
        1.002099409366463,
        0.038212548768693066,
        0.008189866101075666,
        0.008189866101075666,
        0.0
      ],
      [
        0.06358618685615451,
        0.038212548768693066,
        1.6955284218146045,
        0.1490684298143709,
        0.1490684298143709,
        0.0
      ],
      [
        0.013628045576916206,
        0.008189866101075666,
        0.1490684298143709,
        1.0319489413665455,
        0.031948941366546975,
        0.0
      ],
      [
        0.013628045576916206,
        0.008189866101075666,
        0.1490684298143709,
        0.031948941366546975,
        1.0319489413665455,
        0.0
      ],
      [
        0.0,
        0.0,
        0.0,
        0.0,
        0.0,
        1.0
      ]
    ],
    "breakout": [
      [
        1.0,
        0.0,
        0.0,
        0.0,
        0.0,
        0.0
      ],
      [
        0.0,
        1.0,
        0.0,
        0.0,
        0.0,
        0.0
      ],
      [
        0.0,
        0.0,
        1.0,
        0.0,
        0.0,
        0.0
      ],
      [
        0.0,
        0.0,
        0.0,
        1.0,
        0.0,
        0.0
      ],
      [
        0.0,
        0.0,
        0.0,
        0.0,
        1.0,
        0.0
      ],
      [
        0.0,
        0.0,
        0.0,
        0.0,
        0.0,
        1.0
      ]
    ],
    "reversion": [
      [
        1.1552099374721663,
        0.014416490827367883,
        0.5847845657208772,
        0.4987661328645942,
        0.4987661328645942,
        0.0
      ],
      [
        0.014416490827367883,
        1.0014944017597909,
        0.0627048423611595,
        0.04745225979768192,
        0.04745225979768192,
        0.0
      ],
      [
        0.5847845657208772,
        0.0627048423611595,
        3.769392901444673,
        1.9202098186967465,
        1.9202098186967465,
        0.0
      ],
      [
        0.4987661328645942,
        0.04745225979768192,
        1.9202098186967465,
        2.6186531784085116,
        1.6186531784085247,
        0.0
      ],
      [
        0.4987661328645942,
        0.04745225979768192,
        1.9202098186967465,
        1.6186531784085247,
        2.6186531784085116,
        0.0
      ],
      [
        0.0,
        0.0,
        0.0,
        0.0,
        0.0,
        1.0
      ]
    ],
    "vwap": [
      [
        1.0,
        0.0,
        0.0,
        0.0,
        0.0,
        0.0
      ],
      [
        0.0,
        1.0,
        0.0,
        0.0,
        0.0,
        0.0
      ],
      [
        0.0,
        0.0,
        1.0,
        0.0,
        0.0,
        0.0
      ],
      [
        0.0,
        0.0,
        0.0,
        1.0,
        0.0,
        0.0
      ],
      [
        0.0,
        0.0,
        0.0,
        0.0,
        1.0,
        0.0
      ],
      [
        0.0,
        0.0,
        0.0,
        0.0,
        0.0,
        1.0
      ]
    ]
  },
  "b": {
    "trend": [
      [
        0.013894187227748052
      ],
      [
        0.008349805724988005
      ],
      [
        0.15197958224439448
      ],
      [
        0.03257287118462939
      ],
      [
        0.03257287118462939
      ],
      [
        0.0
      ]
    ],
    "breakout": [
      [
        0.0
      ],
      [
        0.0
      ],
      [
        0.0
      ],
      [
        0.0
      ],
      [
        0.0
      ],
      [
        0.0
      ]
    ],
    "reversion": [
      [
        -0.32804365392485507
      ],
      [
        -0.05103943826202157
      ],
      [
        -2.128678108139889
      ],
      [
        -1.306411612947705
      ],
      [
        -1.306411612947705
      ],
      [
        0.0
      ]
    ],
    "vwap": [
      [
        0.0
      ],
      [
        0.0
      ],
      [
        0.0
      ],
      [
        0.0
      ],
      [
        0.0
      ],
      [
        0.0
      ]
    ]
  },
  "counts": {
    "trend": 1,
    "breakout": 0,
    "reversion": 9,
    "vwap": 0
  },
  "reward_sum": {
    "trend": 0.03257287118462939,
    "breakout": 0.0,
    "reversion": -1.306411612947705,
    "vwap": 0.0
  },
  "disabled_until": {
    "trend": 0.0,
    "breakout": 0.0,
    "reversion": 0.0,
    "vwap": 0.0
  },
  "_snapshot_time": "2025-09-25T10:40:00.456516"
}