{
  "arms": [
    "trend",
    "breakout",
    "reversion",
    "vwap"
  ],
  "d": 6,
  "alpha": 0.6,
  "alpha_base": 0.6,
  "alpha_boost_until": 0.0,
  "A": {
    "trend": [
      [
        1.0293464519411337,
        0.01763594864597817,
        0.3210019724983734,
        0.06879842506335815,
        0.06879842506335815,
        0.0
      ],
      [
        0.01763594864597817,
        1.010598442539747,
        0.1929083050174056,
        0.041344878548703175,
        0.041344878548703175,
        0.0
      ],
      [
        0.3210019724983734,
        0.1929083050174056,
        4.511234221926973,
        0.7525417448902575,
        0.7525417448902575,
        0.0
      ],
      [
        0.06879842506335815,
        0.041344878548703175,
        0.7525417448902575,
        1.1612877529690069,
        0.16128775296900558,
        0.0
      ],
      [
        0.06879842506335815,
        0.041344878548703175,
        0.7525417448902575,
        0.16128775296900558,
        1.1612877529690069,
        0.0
      ],
      [
        0.0,
        0.0,
        0.0,
        0.0,
        0.0,
        1.0
      ]
    ],
    "breakout": [
      [
        1.0,
        0.0,
        0.0,
        0.0,
        0.0,
        0.0
      ],
      [
        0.0,
        1.0,
        0.0,
        0.0,
        0.0,
        0.0
      ],
      [
        0.0,
        0.0,
        1.0,
        0.0,
        0.0,
        0.0
      ],
      [
        0.0,
        0.0,
        0.0,
        1.0,
        0.0,
        0.0
      ],
      [
        0.0,
        0.0,
        0.0,
        0.0,
        1.0,
        0.0
      ],
      [
        0.0,
        0.0,
        0.0,
        0.0,
        0.0,
        1.0
      ]
    ],
    "reversion": [
      [
        1.3384389042516127,
        0.022053915759290492,
        0.568420944886506,
        1.0633211343559206,
        1.0633211343559206,
        0.0
      ],
      [
        0.022053915759290492,
        1.0017635362653174,
        0.0448988012295295,
        0.07378568155051865,
        0.07378568155051865,
        0.0
      ],
      [
        0.568420944886506,
        0.0448988012295295,
        2.2147049236862513,
        1.9037695298124848,
        1.9037695298124848,
        0.0
      ],
      [
        1.0633211343559206,
        0.07378568155051865,
        1.9037695298124848,
        4.417850565289755,
        3.4178505652897706,
        0.0
      ],
      [
        1.0633211343559206,
        0.07378568155051865,
        1.9037695298124848,
        3.4178505652897706,
        4.417850565289755,
        0.0
      ],
      [
        0.0,
        0.0,
        0.0,
        0.0,
        0.0,
        1.0
      ]
    ],
    "vwap": [
      [
        1.0,
        0.0,
        0.0,
        0.0,
        0.0,
        0.0
      ],
      [
        0.0,
        1.0,
        0.0,
        0.0,
        0.0,
        0.0
      ],
      [
        0.0,
        0.0,
        1.0,
        0.0,
        0.0,
        0.0
      ],
      [
        0.0,
        0.0,
        0.0,
        1.0,
        0.0,
        0.0
      ],
      [
        0.0,
        0.0,
        0.0,
        0.0,
        1.0,
        0.0
      ],
      [
        0.0,
        0.0,
        0.0,
        0.0,
        0.0,
        1.0
      ]
    ]
  },
  "b": {
    "trend": [
      [
        0.07014198722842821
      ],
      [
        0.04215230131290594
      ],
      [
        0.7672381077087262
      ],
      [
        0.1644375361563207
      ],
      [
        0.1644375361563207
      ],
      [
        0.0
      ]
    ],
    "breakout": [
      [
        0.0
      ],
      [
        0.0
      ],
      [
        0.0
      ],
      [
        0.0
      ],
      [
        0.0
      ],
      [
        0.0
      ]
    ],
    "reversion": [
      [
        -0.00967407985276451
      ],
      [
        -0.07003834195964902
      ],
      [
        -1.9290630227432055
      ],
      [
        -1.2147998980926396
      ],
      [
        -1.2147998980926396
      ],
      [
        0.0
      ]
    ],
    "vwap": [
      [
        0.0
      ],
      [
        0.0
      ],
      [
        0.0
      ],
      [
        0.0
      ],
      [
        0.0
      ],
      [
        0.0
      ]
    ]
  },
  "counts": {
    "trend": 1,
    "breakout": 0,
    "reversion": 8,
    "vwap": 0
  },
  "reward_sum": {
    "trend": 0.1644375361563207,
    "breakout": 0.0,
    "reversion": -1.2147998980926396,
    "vwap": 0.0
  },
  "disabled_until": {
    "trend": 0.0,
    "breakout": 0.0,
    "reversion": 0.0,
    "vwap": 0.0
  },
  "_snapshot_time": "2025-09-22T15:25:00.093447"
}