{
  "arms": [
    "trend",
    "breakout",
    "reversion",
    "vwap"
  ],
  "d": 6,
  "alpha": 0.6,
  "alpha_base": 0.6,
  "alpha_boost_until": 0.0,
  "A": {
    "trend": [
      [
        1.1430415099261113,
        0.08596176220417592,
        1.5646391232415657,
        0.3353397072102998,
        0.3353397072102998,
        0.0
      ],
      [
        0.08596176220417592,
        1.0516593020100564,
        0.9402804564697167,
        0.20152466360093715,
        0.20152466360093715,
        0.0
      ],
      [
        1.5646391232415657,
        0.9402804564697167,
        18.114581545194106,
        3.6680654849675056,
        3.6680654849675056,
        0.0
      ],
      [
        0.3353397072102998,
        0.20152466360093715,
        3.6680654849675056,
        1.786154447684292,
        0.7861544476842928,
        0.0
      ],
      [
        0.3353397072102998,
        0.20152466360093715,
        3.6680654849675056,
        0.7861544476842928,
        1.786154447684292,
        0.0
      ],
      [
        0.0,
        0.0,
        0.0,
        0.0,
        0.0,
        1.0
      ]
    ],
    "breakout": [
      [
        1.0,
        0.0,
        0.0,
        0.0,
        0.0,
        0.0
      ],
      [
        0.0,
        1.0,
        0.0,
        0.0,
        0.0,
        0.0
      ],
      [
        0.0,
        0.0,
        1.0,
        0.0,
        0.0,
        0.0
      ],
      [
        0.0,
        0.0,
        0.0,
        1.0,
        0.0,
        0.0
      ],
      [
        0.0,
        0.0,
        0.0,
        0.0,
        1.0,
        0.0
      ],
      [
        0.0,
        0.0,
        0.0,
        0.0,
        0.0,
        1.0
      ]
    ],
    "reversion": [
      [
        1.1163438057814354,
        0.011794929442394434,
        0.33246602965332633,
        0.39993420739632174,
        0.39993420739632174,
        0.0
      ],
      [
        0.011794929442394434,
        1.0012801402148197,
        0.03438153177017656,
        0.040139212688407554,
        0.040139212688407554,
        0.0
      ],
      [
        0.33246602965332633,
        0.03438153177017656,
        1.9554791059471586,
        1.1396043239869271,
        1.1396043239869271,
        0.0
      ],
      [
        0.39993420739632174,
        0.040139212688407554,
        1.1396043239869271,
        2.3767366541793526,
        1.3767366541793606,
        0.0
      ],
      [
        0.39993420739632174,
        0.040139212688407554,
        1.1396043239869271,
        1.3767366541793606,
        2.3767366541793526,
        0.0
      ],
      [
        0.0,
        0.0,
        0.0,
        0.0,
        0.0,
        1.0
      ]
    ],
    "vwap": [
      [
        1.0,
        0.0,
        0.0,
        0.0,
        0.0,
        0.0
      ],
      [
        0.0,
        1.0,
        0.0,
        0.0,
        0.0,
        0.0
      ],
      [
        0.0,
        0.0,
        1.0,
        0.0,
        0.0,
        0.0
      ],
      [
        0.0,
        0.0,
        0.0,
        1.0,
        0.0,
        0.0
      ],
      [
        0.0,
        0.0,
        0.0,
        0.0,
        1.0,
        0.0
      ],
      [
        0.0,
        0.0,
        0.0,
        0.0,
        0.0,
        1.0
      ]
    ]
  },
  "b": {
    "trend": [
      [
        0.3418885452489395
      ],
      [
        0.20546023208369438
      ],
      [
        3.739699014369711
      ],
      [
        0.8015072318626718
      ],
      [
        0.8015072318626718
      ],
      [
        0.0
      ]
    ],
    "breakout": [
      [
        0.0
      ],
      [
        0.0
      ],
      [
        0.0
      ],
      [
        0.0
      ],
      [
        0.0
      ],
      [
        0.0
      ]
    ],
    "reversion": [
      [
        0.15944586634916794
      ],
      [
        0.01734848822098098
      ],
      [
        0.465122686459233
      ],
      [
        0.5424001373607434
      ],
      [
        0.5424001373607434
      ],
      [
        0.0
      ]
    ],
    "vwap": [
      [
        0.0
      ],
      [
        0.0
      ],
      [
        0.0
      ],
      [
        0.0
      ],
      [
        0.0
      ],
      [
        0.0
      ]
    ]
  },
  "counts": {
    "trend": 1,
    "breakout": 0,
    "reversion": 2,
    "vwap": 0
  },
  "reward_sum": {
    "trend": 0.8015072318626718,
    "breakout": 0.0,
    "reversion": 0.5424001373607434,
    "vwap": 0.0
  },
  "disabled_until": {
    "trend": 0.0,
    "breakout": 0.0,
    "reversion": 0.0,
    "vwap": 0.0
  },
  "_snapshot_time": "2025-09-18T01:07:00.556904"
}