{
  "arms": [
    "trend",
    "breakout",
    "reversion",
    "vwap"
  ],
  "d": 6,
  "alpha": 0.6,
  "alpha_base": 0.6,
  "alpha_boost_until": 0.0,
  "A": {
    "trend": [
      [
        1.092949494013959,
        0.05585862667105251,
        1.0167147626927986,
        0.2179063694453932,
        0.2179063694453932,
        0.0
      ],
      [
        0.05585862667105251,
        1.0335686192450666,
        0.6110016085905373,
        0.1309523055420489,
        0.1309523055420489,
        0.0
      ],
      [
        1.0167147626927986,
        0.6110016085905373,
        12.121189196815264,
        2.3835376948545095,
        2.3835376948545095,
        0.0
      ],
      [
        0.2179063694453932,
        0.1309523055420489,
        2.3835376948545095,
        1.5108493203603857,
        0.510849320360386,
        0.0
      ],
      [
        0.2179063694453932,
        0.1309523055420489,
        2.3835376948545095,
        0.510849320360386,
        1.5108493203603857,
        0.0
      ],
      [
        0.0,
        0.0,
        0.0,
        0.0,
        0.0,
        1.0
      ]
    ],
    "breakout": [
      [
        1.0,
        0.0,
        0.0,
        0.0,
        0.0,
        0.0
      ],
      [
        0.0,
        1.0,
        0.0,
        0.0,
        0.0,
        0.0
      ],
      [
        0.0,
        0.0,
        1.0,
        0.0,
        0.0,
        0.0
      ],
      [
        0.0,
        0.0,
        0.0,
        1.0,
        0.0,
        0.0
      ],
      [
        0.0,
        0.0,
        0.0,
        0.0,
        1.0,
        0.0
      ],
      [
        0.0,
        0.0,
        0.0,
        0.0,
        0.0,
        1.0
      ]
    ],
    "reversion": [
      [
        1.075601116659275,
        0.007664437575968057,
        0.21603903125092136,
        0.25988038182457346,
        0.25988038182457346,
        0.0
      ],
      [
        0.007664437575968057,
        1.000831845142685,
        0.02234138875570804,
        0.026082774933187815,
        0.026082774933187815,
        0.0
      ],
      [
        0.21603903125092136,
        0.02234138875570804,
        1.6208778101166077,
        0.7405238195920856,
        0.7405238195920856,
        0.0
      ],
      [
        0.25988038182457346,
        0.026082774933187815,
        0.7405238195920856,
        1.894614265904639,
        0.8946142659046495,
        0.0
      ],
      [
        0.25988038182457346,
        0.026082774933187815,
        0.7405238195920856,
        0.8946142659046495,
        1.894614265904639,
        0.0
      ],
      [
        0.0,
        0.0,
        0.0,
        0.0,
        0.0,
        1.0
      ]
    ],
    "vwap": [
      [
        1.0,
        0.0,
        0.0,
        0.0,
        0.0,
        0.0
      ],
      [
        0.0,
        1.0,
        0.0,
        0.0,
        0.0,
        0.0
      ],
      [
        0.0,
        0.0,
        1.0,
        0.0,
        0.0,
        0.0
      ],
      [
        0.0,
        0.0,
        0.0,
        1.0,
        0.0,
        0.0
      ],
      [
        0.0,
        0.0,
        0.0,
        0.0,
        1.0,
        0.0
      ],
      [
        0.0,
        0.0,
        0.0,
        0.0,
        0.0,
        1.0
      ]
    ]
  },
  "b": {
    "trend": [
      [
        0.22216185571917027
      ],
      [
        0.13350966878100332
      ],
      [
        2.430085723575742
      ],
      [
        0.5208256798229158
      ],
      [
        0.5208256798229158
      ],
      [
        0.0
      ]
    ],
    "breakout": [
      [
        0.0
      ],
      [
        0.0
      ],
      [
        0.0
      ],
      [
        0.0
      ],
      [
        0.0
      ],
      [
        0.0
      ]
    ],
    "reversion": [
      [
        0.1036091733611302
      ],
      [
        0.01127318358761907
      ],
      [
        0.3022403663323363
      ],
      [
        0.3524558594692183
      ],
      [
        0.3524558594692183
      ],
      [
        0.0
      ]
    ],
    "vwap": [
      [
        0.0
      ],
      [
        0.0
      ],
      [
        0.0
      ],
      [
        0.0
      ],
      [
        0.0
      ],
      [
        0.0
      ]
    ]
  },
  "counts": {
    "trend": 1,
    "breakout": 0,
    "reversion": 2,
    "vwap": 0
  },
  "reward_sum": {
    "trend": 0.5208256798229158,
    "breakout": 0.0,
    "reversion": 0.3524558594692183,
    "vwap": 0.0
  },
  "disabled_until": {
    "trend": 0.0,
    "breakout": 0.0,
    "reversion": 0.0,
    "vwap": 0.0
  },
  "_snapshot_time": "2025-09-18T17:03:00.835858"
}