{
  "arms": [
    "trend",
    "breakout",
    "reversion",
    "vwap"
  ],
  "d": 6,
  "alpha": 0.6,
  "alpha_base": 0.6,
  "alpha_boost_until": 0.0,
  "A": {
    "trend": [
      [
        1.0093587535635313,
        0.005624206209590483,
        0.1023693889825348,
        0.02194021638521977,
        0.02194021638521977,
        0.0
      ],
      [
        0.005624206209590483,
        1.0033799047355267,
        0.06151957622125915,
        0.013185121330085587,
        0.013185121330085587,
        0.0
      ],
      [
        0.1023693889825348,
        0.06151957622125915,
        2.119752938200546,
        0.23998992283032317,
        0.23998992283032317,
        0.0
      ],
      [
        0.02194021638521977,
        0.013185121330085587,
        0.23998992283032317,
        1.051435598956909,
        0.05143559895690903,
        0.0
      ],
      [
        0.02194021638521977,
        0.013185121330085587,
        0.23998992283032317,
        0.05143559895690903,
        1.051435598956909,
        0.0
      ],
      [
        0.0,
        0.0,
        0.0,
        0.0,
        0.0,
        1.0
      ]
    ],
    "breakout": [
      [
        1.0,
        0.0,
        0.0,
        0.0,
        0.0,
        0.0
      ],
      [
        0.0,
        1.0,
        0.0,
        0.0,
        0.0,
        0.0
      ],
      [
        0.0,
        0.0,
        1.0,
        0.0,
        0.0,
        0.0
      ],
      [
        0.0,
        0.0,
        0.0,
        1.0,
        0.0,
        0.0
      ],
      [
        0.0,
        0.0,
        0.0,
        0.0,
        1.0,
        0.0
      ],
      [
        0.0,
        0.0,
        0.0,
        0.0,
        0.0,
        1.0
      ]
    ],
    "reversion": [
      [
        1.1079301275518874,
        0.00703312152065453,
        0.18127273287456647,
        0.33909927085193486,
        0.33909927085193486,
        0.0
      ],
      [
        0.00703312152065453,
        1.0005624019333093,
        0.014318487865175044,
        0.023530681376186146,
        0.023530681376186146,
        0.0
      ],
      [
        0.18127273287456647,
        0.014318487865175044,
        1.3873764384188245,
        0.6071231338974377,
        0.6071231338974377,
        0.0
      ],
      [
        0.33909927085193486,
        0.023530681376186146,
        0.6071231338974377,
        2.089972349014433,
        1.089972349014452,
        0.0
      ],
      [
        0.33909927085193486,
        0.023530681376186146,
        0.6071231338974377,
        1.089972349014452,
        2.089972349014433,
        0.0
      ],
      [
        0.0,
        0.0,
        0.0,
        0.0,
        0.0,
        1.0
      ]
    ],
    "vwap": [
      [
        1.0,
        0.0,
        0.0,
        0.0,
        0.0,
        0.0
      ],
      [
        0.0,
        1.0,
        0.0,
        0.0,
        0.0,
        0.0
      ],
      [
        0.0,
        0.0,
        1.0,
        0.0,
        0.0,
        0.0
      ],
      [
        0.0,
        0.0,
        0.0,
        1.0,
        0.0,
        0.0
      ],
      [
        0.0,
        0.0,
        0.0,
        0.0,
        1.0,
        0.0
      ],
      [
        0.0,
        0.0,
        0.0,
        0.0,
        0.0,
        1.0
      ]
    ]
  },
  "b": {
    "trend": [
      [
        0.022368686144541784
      ],
      [
        0.013442613127966813
      ],
      [
        0.24467667808694352
      ],
      [
        0.052440083065848804
      ],
      [
        0.052440083065848804
      ],
      [
        0.0
      ]
    ],
    "breakout": [
      [
        0.0
      ],
      [
        0.0
      ],
      [
        0.0
      ],
      [
        0.0
      ],
      [
        0.0
      ],
      [
        0.0
      ]
    ],
    "reversion": [
      [
        -0.0030851201186957535
      ],
      [
        -0.02233563306778565
      ],
      [
        -0.6151893753488512
      ],
      [
        -0.3874067263073255
      ],
      [
        -0.3874067263073255
      ],
      [
        0.0
      ]
    ],
    "vwap": [
      [
        0.0
      ],
      [
        0.0
      ],
      [
        0.0
      ],
      [
        0.0
      ],
      [
        0.0
      ],
      [
        0.0
      ]
    ]
  },
  "counts": {
    "trend": 1,
    "breakout": 0,
    "reversion": 8,
    "vwap": 0
  },
  "reward_sum": {
    "trend": 0.052440083065848804,
    "breakout": 0.0,
    "reversion": -0.3874067263073255,
    "vwap": 0.0
  },
  "disabled_until": {
    "trend": 0.0,
    "breakout": 0.0,
    "reversion": 0.0,
    "vwap": 0.0
  },
  "_snapshot_time": "2025-09-24T12:21:00.586646"
}