{
  "arms": [
    "trend",
    "breakout",
    "reversion",
    "vwap"
  ],
  "d": 6,
  "alpha": 0.6,
  "alpha_base": 0.6,
  "alpha_boost_until": 0.0,
  "A": {
    "trend": [
      [
        1.1113310033575523,
        0.06690511895125865,
        1.2177782768997805,
        0.2609991050054981,
        0.2609991050054981,
        0.0
      ],
      [
        0.06690511895125865,
        1.0402070834438297,
        0.7318320864366151,
        0.15684917623964326,
        0.15684917623964326,
        0.0
      ],
      [
        1.2177782768997805,
        0.7318320864366151,
        14.320493725599805,
        2.8549014271002857,
        2.8549014271002857,
        0.0
      ],
      [
        0.2609991050054981,
        0.15684917623964326,
        2.8549014271002857,
        1.6118738784280469,
        0.6118738784280476,
        0.0
      ],
      [
        0.2609991050054981,
        0.15684917623964326,
        2.8549014271002857,
        0.6118738784280476,
        1.6118738784280469,
        0.0
      ],
      [
        0.0,
        0.0,
        0.0,
        0.0,
        0.0,
        1.0
      ]
    ],
    "breakout": [
      [
        1.0,
        0.0,
        0.0,
        0.0,
        0.0,
        0.0
      ],
      [
        0.0,
        1.0,
        0.0,
        0.0,
        0.0,
        0.0
      ],
      [
        0.0,
        0.0,
        1.0,
        0.0,
        0.0,
        0.0
      ],
      [
        0.0,
        0.0,
        0.0,
        1.0,
        0.0,
        0.0
      ],
      [
        0.0,
        0.0,
        0.0,
        0.0,
        1.0,
        0.0
      ],
      [
        0.0,
        0.0,
        0.0,
        0.0,
        0.0,
        1.0
      ]
    ],
    "reversion": [
      [
        1.0905518449768472,
        0.009180141694754224,
        0.2587624856779393,
        0.3112738156178517,
        0.3112738156178517,
        0.0
      ],
      [
        0.009180141694754224,
        1.0009963492040024,
        0.026759577907982876,
        0.031240853266236553,
        0.031240853266236553,
        0.0
      ],
      [
        0.2587624856779393,
        0.026759577907982876,
        1.7436613861753911,
        0.8869683554487463,
        0.8869683554487463,
        0.0
      ],
      [
        0.3112738156178517,
        0.031240853266236553,
        0.8869683554487463,
        2.0715314257244537,
        1.0715314257244648,
        0.0
      ],
      [
        0.3112738156178517,
        0.031240853266236553,
        0.8869683554487463,
        1.0715314257244648,
        2.0715314257244537,
        0.0
      ],
      [
        0.0,
        0.0,
        0.0,
        0.0,
        0.0,
        1.0
      ]
    ],
    "vwap": [
      [
        1.0,
        0.0,
        0.0,
        0.0,
        0.0,
        0.0
      ],
      [
        0.0,
        1.0,
        0.0,
        0.0,
        0.0,
        0.0
      ],
      [
        0.0,
        0.0,
        1.0,
        0.0,
        0.0,
        0.0
      ],
      [
        0.0,
        0.0,
        0.0,
        1.0,
        0.0,
        0.0
      ],
      [
        0.0,
        0.0,
        0.0,
        0.0,
        1.0,
        0.0
      ],
      [
        0.0,
        0.0,
        0.0,
        0.0,
        0.0,
        1.0
      ]
    ]
  },
  "b": {
    "trend": [
      [
        0.2660961478851802
      ],
      [
        0.15991227860897683
      ],
      [
        2.91065470254117
      ],
      [
        0.623823143140045
      ],
      [
        0.623823143140045
      ],
      [
        0.0
      ]
    ],
    "breakout": [
      [
        0.0
      ],
      [
        0.0
      ],
      [
        0.0
      ],
      [
        0.0
      ],
      [
        0.0
      ],
      [
        0.0
      ]
    ],
    "reversion": [
      [
        0.12409871995224588
      ],
      [
        0.01350254622854693
      ],
      [
        0.3620108274487218
      ],
      [
        0.42215683786362307
      ],
      [
        0.42215683786362307
      ],
      [
        0.0
      ]
    ],
    "vwap": [
      [
        0.0
      ],
      [
        0.0
      ],
      [
        0.0
      ],
      [
        0.0
      ],
      [
        0.0
      ],
      [
        0.0
      ]
    ]
  },
  "counts": {
    "trend": 1,
    "breakout": 0,
    "reversion": 2,
    "vwap": 0
  },
  "reward_sum": {
    "trend": 0.623823143140045,
    "breakout": 0.0,
    "reversion": 0.42215683786362307,
    "vwap": 0.0
  },
  "disabled_until": {
    "trend": 0.0,
    "breakout": 0.0,
    "reversion": 0.0,
    "vwap": 0.0
  },
  "_snapshot_time": "2025-09-18T09:29:00.942422"
}