{
  "arms": [
    "trend",
    "breakout",
    "reversion",
    "vwap"
  ],
  "d": 6,
  "alpha": 0.6,
  "alpha_base": 0.6,
  "alpha_boost_until": 0.0,
  "A": {
    "trend": [
      [
        1.0406495135702611,
        0.024428599929120554,
        0.44463889751740615,
        0.09529678473007029,
        0.09529678473007029,
        0.0
      ],
      [
        0.024428599929120554,
        1.0146805322397148,
        0.2672087507665559,
        0.057269246892180964,
        0.057269246892180964,
        0.0
      ],
      [
        0.44463889751740615,
        0.2672087507665559,
        5.863619065053911,
        1.0423902668869882,
        1.0423902668869882,
        0.0
      ],
      [
        0.09529678473007029,
        0.057269246892180964,
        1.0423902668869882,
        1.2234092460711028,
        0.22340924607110255,
        0.0
      ],
      [
        0.09529678473007029,
        0.057269246892180964,
        1.0423902668869882,
        0.22340924607110255,
        1.2234092460711028,
        0.0
      ],
      [
        0.0,
        0.0,
        0.0,
        0.0,
        0.0,
        1.0
      ]
    ],
    "breakout": [
      [
        1.0,
        0.0,
        0.0,
        0.0,
        0.0,
        0.0
      ],
      [
        0.0,
        1.0,
        0.0,
        0.0,
        0.0,
        0.0
      ],
      [
        0.0,
        0.0,
        1.0,
        0.0,
        0.0,
        0.0
      ],
      [
        0.0,
        0.0,
        0.0,
        1.0,
        0.0,
        0.0
      ],
      [
        0.0,
        0.0,
        0.0,
        0.0,
        1.0,
        0.0
      ],
      [
        0.0,
        0.0,
        0.0,
        0.0,
        0.0,
        1.0
      ]
    ],
    "reversion": [
      [
        1.4687918273280989,
        0.030548188576013692,
        0.7873536112349556,
        1.4728692574914617,
        1.4728692574914617,
        0.0
      ],
      [
        0.030548188576013692,
        1.0024427788235677,
        0.062191996277070595,
        0.10220492990073214,
        0.10220492990073214,
        0.0
      ],
      [
        0.7873536112349556,
        0.062191996277070595,
        2.6825599352962186,
        2.6370242471558134,
        2.6370242471558134,
        0.0
      ],
      [
        1.4728692574914617,
        0.10220492990073214,
        2.6370242471558134,
        5.734267815869521,
        4.734267815869535,
        0.0
      ],
      [
        1.4728692574914617,
        0.10220492990073214,
        2.6370242471558134,
        4.734267815869535,
        5.734267815869521,
        0.0
      ],
      [
        0.0,
        0.0,
        0.0,
        0.0,
        0.0,
        1.0
      ]
    ],
    "vwap": [
      [
        1.0,
        0.0,
        0.0,
        0.0,
        0.0,
        0.0
      ],
      [
        0.0,
        1.0,
        0.0,
        0.0,
        0.0,
        0.0
      ],
      [
        0.0,
        0.0,
        1.0,
        0.0,
        0.0,
        0.0
      ],
      [
        0.0,
        0.0,
        0.0,
        1.0,
        0.0,
        0.0
      ],
      [
        0.0,
        0.0,
        0.0,
        0.0,
        1.0,
        0.0
      ],
      [
        0.0,
        0.0,
        0.0,
        0.0,
        0.0,
        1.0
      ]
    ]
  },
  "b": {
    "trend": [
      [
        0.09715783248368139
      ],
      [
        0.05838765611848997
      ],
      [
        1.0627470718943248
      ],
      [
        0.2277721978402969
      ],
      [
        0.2277721978402969
      ],
      [
        0.0
      ]
    ],
    "breakout": [
      [
        0.0
      ],
      [
        0.0
      ],
      [
        0.0
      ],
      [
        0.0
      ],
      [
        0.0
      ],
      [
        0.0
      ]
    ],
    "reversion": [
      [
        -0.013400142580900672
      ],
      [
        -0.09701426726604682
      ],
      [
        -2.6720597664815933
      ],
      [
        -1.6826914899873575
      ],
      [
        -1.6826914899873575
      ],
      [
        0.0
      ]
    ],
    "vwap": [
      [
        0.0
      ],
      [
        0.0
      ],
      [
        0.0
      ],
      [
        0.0
      ],
      [
        0.0
      ],
      [
        0.0
      ]
    ]
  },
  "counts": {
    "trend": 1,
    "breakout": 0,
    "reversion": 8,
    "vwap": 0
  },
  "reward_sum": {
    "trend": 0.2277721978402969,
    "breakout": 0.0,
    "reversion": -1.6826914899873575,
    "vwap": 0.0
  },
  "disabled_until": {
    "trend": 0.0,
    "breakout": 0.0,
    "reversion": 0.0,
    "vwap": 0.0
  },
  "_snapshot_time": "2025-09-22T03:48:00.660104"
}