{
  "arms": [
    "trend",
    "breakout",
    "reversion",
    "vwap"
  ],
  "d": 6,
  "alpha": 0.6,
  "alpha_base": 0.6,
  "alpha_boost_until": 0.0,
  "A": {
    "trend": [
      [
        1.0317970119100166,
        0.019108629222553426,
        0.34780707266226546,
        0.07454340120972955,
        0.07454340120972955,
        0.0
      ],
      [
        0.019108629222553426,
        1.011483459886052,
        0.20901701113591512,
        0.044797360794018824,
        0.044797360794018824,
        0.0
      ],
      [
        0.34780707266226546,
        0.20901701113591512,
        4.804437981035075,
        0.8153823458133427,
        0.8153823458133427,
        0.0
      ],
      [
        0.07454340120972955,
        0.044797360794018824,
        0.8153823458133427,
        1.17475600159033,
        0.17475600159032884,
        0.0
      ],
      [
        0.07454340120972955,
        0.044797360794018824,
        0.8153823458133427,
        0.17475600159032884,
        1.17475600159033,
        0.0
      ],
      [
        0.0,
        0.0,
        0.0,
        0.0,
        0.0,
        1.0
      ]
    ],
    "breakout": [
      [
        1.0,
        0.0,
        0.0,
        0.0,
        0.0,
        0.0
      ],
      [
        0.0,
        1.0,
        0.0,
        0.0,
        0.0,
        0.0
      ],
      [
        0.0,
        0.0,
        1.0,
        0.0,
        0.0,
        0.0
      ],
      [
        0.0,
        0.0,
        0.0,
        1.0,
        0.0,
        0.0
      ],
      [
        0.0,
        0.0,
        0.0,
        0.0,
        1.0,
        0.0
      ],
      [
        0.0,
        0.0,
        0.0,
        0.0,
        0.0,
        1.0
      ]
    ],
    "reversion": [
      [
        1.3667000661915703,
        0.023895516346143002,
        0.6158866356557866,
        1.1521132040462032,
        1.1521132040462032,
        0.0
      ],
      [
        0.023895516346143002,
        1.001910799429673,
        0.04864805191116609,
        0.07994711591563831,
        0.07994711591563831,
        0.0
      ],
      [
        0.6158866356557866,
        0.04864805191116609,
        2.3161382167453723,
        2.0627427988501,
        2.0627427988501,
        0.0
      ],
      [
        1.1521132040462032,
        0.07994711591563831,
        2.0627427988501,
        4.703256371474549,
        3.703256371474564,
        0.0
      ],
      [
        1.1521132040462032,
        0.07994711591563831,
        2.0627427988501,
        3.703256371474564,
        4.703256371474549,
        0.0
      ],
      [
        0.0,
        0.0,
        0.0,
        0.0,
        0.0,
        1.0
      ]
    ],
    "vwap": [
      [
        1.0,
        0.0,
        0.0,
        0.0,
        0.0,
        0.0
      ],
      [
        0.0,
        1.0,
        0.0,
        0.0,
        0.0,
        0.0
      ],
      [
        0.0,
        0.0,
        1.0,
        0.0,
        0.0,
        0.0
      ],
      [
        0.0,
        0.0,
        0.0,
        1.0,
        0.0,
        0.0
      ],
      [
        0.0,
        0.0,
        0.0,
        0.0,
        1.0,
        0.0
      ],
      [
        0.0,
        0.0,
        0.0,
        0.0,
        0.0,
        1.0
      ]
    ]
  },
  "b": {
    "trend": [
      [
        0.07599915682373953
      ],
      [
        0.04567220696967483
      ],
      [
        0.8313059206465162
      ],
      [
        0.17816880575902114
      ],
      [
        0.17816880575902114
      ],
      [
        0.0
      ]
    ],
    "breakout": [
      [
        0.0
      ],
      [
        0.0
      ],
      [
        0.0
      ],
      [
        0.0
      ],
      [
        0.0
      ],
      [
        0.0
      ]
    ],
    "reversion": [
      [
        -0.010481908781130842
      ],
      [
        -0.07588685671153522
      ],
      [
        -2.0901484115482662
      ],
      [
        -1.3162411219394
      ],
      [
        -1.3162411219394
      ],
      [
        0.0
      ]
    ],
    "vwap": [
      [
        0.0
      ],
      [
        0.0
      ],
      [
        0.0
      ],
      [
        0.0
      ],
      [
        0.0
      ],
      [
        0.0
      ]
    ]
  },
  "counts": {
    "trend": 1,
    "breakout": 0,
    "reversion": 8,
    "vwap": 0
  },
  "reward_sum": {
    "trend": 0.17816880575902114,
    "breakout": 0.0,
    "reversion": -1.3162411219394,
    "vwap": 0.0
  },
  "disabled_until": {
    "trend": 0.0,
    "breakout": 0.0,
    "reversion": 0.0,
    "vwap": 0.0
  },
  "_snapshot_time": "2025-09-22T11:58:00.830419"
}