{
  "arms": [
    "trend",
    "breakout",
    "reversion",
    "vwap"
  ],
  "d": 6,
  "alpha": 0.6,
  "alpha_base": 0.6,
  "alpha_boost_until": 0.0,
  "A": {
    "trend": [
      [
        1.163771718302614,
        0.09841972104300811,
        1.7913935463148398,
        0.38393862098697673,
        0.38393862098697673,
        0.0
      ],
      [
        0.09841972104300811,
        1.0591459965772918,
        1.0765500596432191,
        0.23073050931390474,
        0.23073050931390474,
        0.0
      ],
      [
        1.7913935463148398,
        1.0765500596432191,
        20.594902410737152,
        4.1996577610928805,
        4.1996577610928805,
        0.0
      ],
      [
        0.38393862098697673,
        0.23073050931390474,
        4.1996577610928805,
        1.900087427873244,
        0.9000874278732445,
        0.0
      ],
      [
        0.38393862098697673,
        0.23073050931390474,
        4.1996577610928805,
        0.9000874278732445,
        1.900087427873244,
        0.0
      ],
      [
        0.0,
        0.0,
        0.0,
        0.0,
        0.0,
        1.0
      ]
    ],
    "breakout": [
      [
        1.0,
        0.0,
        0.0,
        0.0,
        0.0,
        0.0
      ],
      [
        0.0,
        1.0,
        0.0,
        0.0,
        0.0,
        0.0
      ],
      [
        0.0,
        0.0,
        1.0,
        0.0,
        0.0,
        0.0
      ],
      [
        0.0,
        0.0,
        0.0,
        1.0,
        0.0,
        0.0
      ],
      [
        0.0,
        0.0,
        0.0,
        0.0,
        1.0,
        0.0
      ],
      [
        0.0,
        0.0,
        0.0,
        0.0,
        0.0,
        1.0
      ]
    ],
    "reversion": [
      [
        1.1332048647734045,
        0.013504302793202054,
        0.3806484773664548,
        0.45789444188000133,
        0.45789444188000133,
        0.0
      ],
      [
        0.013504302793202054,
        1.001465663797576,
        0.03936425544435518,
        0.045956364950916886,
        0.045956364950916886,
        0.0
      ],
      [
        0.3806484773664548,
        0.03936425544435518,
        2.093951364635635,
        1.3047608237695085,
        1.3047608237695085,
        0.0
      ],
      [
        0.45789444188000133,
        0.045956364950916886,
        1.3047608237695085,
        2.576259420231315,
        1.576259420231321,
        0.0
      ],
      [
        0.45789444188000133,
        0.045956364950916886,
        1.3047608237695085,
        1.576259420231321,
        2.576259420231315,
        0.0
      ],
      [
        0.0,
        0.0,
        0.0,
        0.0,
        0.0,
        1.0
      ]
    ],
    "vwap": [
      [
        1.0,
        0.0,
        0.0,
        0.0,
        0.0,
        0.0
      ],
      [
        0.0,
        1.0,
        0.0,
        0.0,
        0.0,
        0.0
      ],
      [
        0.0,
        0.0,
        1.0,
        0.0,
        0.0,
        0.0
      ],
      [
        0.0,
        0.0,
        0.0,
        1.0,
        0.0,
        0.0
      ],
      [
        0.0,
        0.0,
        0.0,
        0.0,
        1.0,
        0.0
      ],
      [
        0.0,
        0.0,
        0.0,
        0.0,
        0.0,
        1.0
      ]
    ]
  },
  "b": {
    "trend": [
      [
        0.39143654560359714
      ],
      [
        0.23523643779055248
      ],
      [
        4.281672738453927
      ],
      [
        0.9176652054492862
      ],
      [
        0.9176652054492862
      ],
      [
        0.0
      ]
    ],
    "breakout": [
      [
        0.0
      ],
      [
        0.0
      ],
      [
        0.0
      ],
      [
        0.0
      ],
      [
        0.0
      ],
      [
        0.0
      ]
    ],
    "reversion": [
      [
        0.18255346662476324
      ],
      [
        0.019862707876687938
      ],
      [
        0.5325303236962773
      ],
      [
        0.6210071646267432
      ],
      [
        0.6210071646267432
      ],
      [
        0.0
      ]
    ],
    "vwap": [
      [
        0.0
      ],
      [
        0.0
      ],
      [
        0.0
      ],
      [
        0.0
      ],
      [
        0.0
      ],
      [
        0.0
      ]
    ]
  },
  "counts": {
    "trend": 1,
    "breakout": 0,
    "reversion": 2,
    "vwap": 0
  },
  "reward_sum": {
    "trend": 0.9176652054492862,
    "breakout": 0.0,
    "reversion": 0.6210071646267432,
    "vwap": 0.0
  },
  "disabled_until": {
    "trend": 0.0,
    "breakout": 0.0,
    "reversion": 0.0,
    "vwap": 0.0
  },
  "_snapshot_time": "2025-09-17T19:14:00.655913"
}