{
  "arms": [
    "trend",
    "breakout",
    "reversion",
    "vwap"
  ],
  "d": 6,
  "alpha": 0.6,
  "alpha_base": 0.6,
  "alpha_boost_until": 0.0,
  "A": {
    "trend": [
      [
        1.0049765249465714,
        0.002990676302852145,
        0.0544350072451935,
        0.011666728206166333,
        0.011666728206166333,
        0.0
      ],
      [
        0.002990676302852145,
        1.0017972671381057,
        0.03271308552888611,
        0.00701119917062723,
        0.00701119917062723,
        0.0
      ],
      [
        0.0544350072451935,
        0.03271308552888611,
        1.5954295508608798,
        0.12761483992320094,
        0.12761483992320094,
        0.0
      ],
      [
        0.011666728206166333,
        0.00701119917062723,
        0.12761483992320094,
        1.0273509222796844,
        0.027350922279685573,
        0.0
      ],
      [
        0.011666728206166333,
        0.00701119917062723,
        0.12761483992320094,
        0.027350922279685573,
        1.0273509222796844,
        0.0
      ],
      [
        0.0,
        0.0,
        0.0,
        0.0,
        0.0,
        1.0
      ]
    ],
    "breakout": [
      [
        1.0,
        0.0,
        0.0,
        0.0,
        0.0,
        0.0
      ],
      [
        0.0,
        1.0,
        0.0,
        0.0,
        0.0,
        0.0
      ],
      [
        0.0,
        0.0,
        1.0,
        0.0,
        0.0,
        0.0
      ],
      [
        0.0,
        0.0,
        0.0,
        1.0,
        0.0,
        0.0
      ],
      [
        0.0,
        0.0,
        0.0,
        0.0,
        1.0,
        0.0
      ],
      [
        0.0,
        0.0,
        0.0,
        0.0,
        0.0,
        1.0
      ]
    ],
    "reversion": [
      [
        1.1328724757459732,
        0.012341702206696788,
        0.5006236990418336,
        0.4269848436982263,
        0.4269848436982263,
        0.0
      ],
      [
        0.012341702206696788,
        1.0012793308522405,
        0.05368050384842439,
        0.040623038329552,
        0.040623038329552,
        0.0
      ],
      [
        0.5006236990418336,
        0.05368050384842439,
        3.370828164235748,
        1.6438575823002353,
        1.6438575823002353,
        0.0
      ],
      [
        0.4269848436982263,
        0.040623038329552,
        1.6438575823002353,
        2.3857002888606833,
        1.3857002888606968,
        0.0
      ],
      [
        0.4269848436982263,
        0.040623038329552,
        1.6438575823002353,
        1.3857002888606968,
        2.3857002888606833,
        0.0
      ],
      [
        0.0,
        0.0,
        0.0,
        0.0,
        0.0,
        1.0
      ]
    ],
    "vwap": [
      [
        1.0,
        0.0,
        0.0,
        0.0,
        0.0,
        0.0
      ],
      [
        0.0,
        1.0,
        0.0,
        0.0,
        0.0,
        0.0
      ],
      [
        0.0,
        0.0,
        1.0,
        0.0,
        0.0,
        0.0
      ],
      [
        0.0,
        0.0,
        0.0,
        1.0,
        0.0,
        0.0
      ],
      [
        0.0,
        0.0,
        0.0,
        0.0,
        1.0,
        0.0
      ],
      [
        0.0,
        0.0,
        0.0,
        0.0,
        0.0,
        1.0
      ]
    ]
  },
  "b": {
    "trend": [
      [
        0.011894567355006215
      ],
      [
        0.007148120647081816
      ],
      [
        0.13010702590659204
      ],
      [
        0.027885057535266194
      ],
      [
        0.027885057535266194
      ],
      [
        0.0
      ]
    ],
    "breakout": [
      [
        0.0
      ],
      [
        0.0
      ],
      [
        0.0
      ],
      [
        0.0
      ],
      [
        0.0
      ],
      [
        0.0
      ]
    ],
    "reversion": [
      [
        -0.28083235622440617
      ],
      [
        -0.04369395821562521
      ],
      [
        -1.8223235889488494
      ],
      [
        -1.1183958204144158
      ],
      [
        -1.1183958204144158
      ],
      [
        0.0
      ]
    ],
    "vwap": [
      [
        0.0
      ],
      [
        0.0
      ],
      [
        0.0
      ],
      [
        0.0
      ],
      [
        0.0
      ],
      [
        0.0
      ]
    ]
  },
  "counts": {
    "trend": 1,
    "breakout": 0,
    "reversion": 9,
    "vwap": 0
  },
  "reward_sum": {
    "trend": 0.027885057535266194,
    "breakout": 0.0,
    "reversion": -1.1183958204144158,
    "vwap": 0.0
  },
  "disabled_until": {
    "trend": 0.0,
    "breakout": 0.0,
    "reversion": 0.0,
    "vwap": 0.0
  },
  "_snapshot_time": "2025-09-25T17:50:00.337930"
}