{
  "arms": [
    "trend",
    "breakout",
    "reversion",
    "vwap"
  ],
  "d": 6,
  "alpha": 0.6,
  "alpha_base": 0.6,
  "alpha_boost_until": 0.0,
  "A": {
    "trend": [
      [
        1.155764940361402,
        0.0936079937216203,
        1.7038125495510485,
        0.3651679118977719,
        0.3651679118977719,
        0.0
      ],
      [
        0.0936079937216203,
        1.0562543565211566,
        1.0239176676801967,
        0.21945012481598195,
        0.21945012481598195,
        0.0
      ],
      [
        1.7038125495510485,
        1.0239176676801967,
        19.636910188340273,
        3.9943370410646417,
        3.9943370410646417,
        0.0
      ],
      [
        0.3651679118977719,
        0.21945012481598195,
        3.9943370410646417,
        1.8560822709551221,
        0.8560822709551227,
        0.0
      ],
      [
        0.3651679118977719,
        0.21945012481598195,
        3.9943370410646417,
        0.8560822709551227,
        1.8560822709551221,
        0.0
      ],
      [
        0.0,
        0.0,
        0.0,
        0.0,
        0.0,
        1.0
      ]
    ],
    "breakout": [
      [
        1.0,
        0.0,
        0.0,
        0.0,
        0.0,
        0.0
      ],
      [
        0.0,
        1.0,
        0.0,
        0.0,
        0.0,
        0.0
      ],
      [
        0.0,
        0.0,
        1.0,
        0.0,
        0.0,
        0.0
      ],
      [
        0.0,
        0.0,
        0.0,
        1.0,
        0.0,
        0.0
      ],
      [
        0.0,
        0.0,
        0.0,
        0.0,
        1.0,
        0.0
      ],
      [
        0.0,
        0.0,
        0.0,
        0.0,
        0.0,
        1.0
      ]
    ],
    "reversion": [
      [
        1.126692496313308,
        0.012844079191491692,
        0.36203862296960626,
        0.43550804235603985,
        0.43550804235603985,
        0.0
      ],
      [
        0.012844079191491692,
        1.001394007685732,
        0.03743974213136863,
        0.04370956426419919,
        0.04370956426419919,
        0.0
      ],
      [
        0.36203862296960626,
        0.03743974213136863,
        2.040468225141807,
        1.2409712373220452,
        1.2409712373220452,
        0.0
      ],
      [
        0.43550804235603985,
        0.04370956426419919,
        1.2409712373220452,
        2.4991963028241067,
        1.4991963028241133,
        0.0
      ],
      [
        0.43550804235603985,
        0.04370956426419919,
        1.2409712373220452,
        1.4991963028241133,
        2.4991963028241067,
        0.0
      ],
      [
        0.0,
        0.0,
        0.0,
        0.0,
        0.0,
        1.0
      ]
    ],
    "vwap": [
      [
        1.0,
        0.0,
        0.0,
        0.0,
        0.0,
        0.0
      ],
      [
        0.0,
        1.0,
        0.0,
        0.0,
        0.0,
        0.0
      ],
      [
        0.0,
        0.0,
        1.0,
        0.0,
        0.0,
        0.0
      ],
      [
        0.0,
        0.0,
        0.0,
        1.0,
        0.0,
        0.0
      ],
      [
        0.0,
        0.0,
        0.0,
        0.0,
        1.0,
        0.0
      ],
      [
        0.0,
        0.0,
        0.0,
        0.0,
        0.0,
        1.0
      ]
    ]
  },
  "b": {
    "trend": [
      [
        0.37229926395810836
      ],
      [
        0.22373575903727583
      ],
      [
        4.072342316882653
      ],
      [
        0.8728006732787699
      ],
      [
        0.8728006732787699
      ],
      [
        0.0
      ]
    ],
    "breakout": [
      [
        0.0
      ],
      [
        0.0
      ],
      [
        0.0
      ],
      [
        0.0
      ],
      [
        0.0
      ],
      [
        0.0
      ]
    ],
    "reversion": [
      [
        0.17362845145845748
      ],
      [
        0.018891622680000178
      ],
      [
        0.5064949856477461
      ],
      [
        0.5906462053683208
      ],
      [
        0.5906462053683208
      ],
      [
        0.0
      ]
    ],
    "vwap": [
      [
        0.0
      ],
      [
        0.0
      ],
      [
        0.0
      ],
      [
        0.0
      ],
      [
        0.0
      ],
      [
        0.0
      ]
    ]
  },
  "counts": {
    "trend": 1,
    "breakout": 0,
    "reversion": 2,
    "vwap": 0
  },
  "reward_sum": {
    "trend": 0.8728006732787699,
    "breakout": 0.0,
    "reversion": 0.5906462053683208,
    "vwap": 0.0
  },
  "disabled_until": {
    "trend": 0.0,
    "breakout": 0.0,
    "reversion": 0.0,
    "vwap": 0.0
  },
  "_snapshot_time": "2025-09-17T22:26:00.040217"
}