{
  "arms": [
    "trend",
    "breakout",
    "reversion",
    "vwap"
  ],
  "d": 6,
  "alpha": 0.6,
  "alpha_base": 0.6,
  "alpha_boost_until": 0.0,
  "A": {
    "trend": [
      [
        1.0163251074610296,
        0.009810683669708574,
        0.17856985596588315,
        0.03827180486969037,
        0.03827180486969037,
        0.0
      ],
      [
        0.009810683669708574,
        1.0058957966614832,
        0.10731276189200142,
        0.0229996998146367,
        0.0229996998146367,
        0.0
      ],
      [
        0.17856985596588315,
        0.10731276189200142,
        2.9532608612713513,
        0.41863067054532993,
        0.41863067054532993,
        0.0
      ],
      [
        0.03827180486969037,
        0.0229996998146367,
        0.41863067054532993,
        1.089722597629465,
        0.08972259762946533,
        0.0
      ],
      [
        0.03827180486969037,
        0.0229996998146367,
        0.41863067054532993,
        0.08972259762946533,
        1.089722597629465,
        0.0
      ],
      [
        0.0,
        0.0,
        0.0,
        0.0,
        0.0,
        1.0
      ]
    ],
    "breakout": [
      [
        1.0,
        0.0,
        0.0,
        0.0,
        0.0,
        0.0
      ],
      [
        0.0,
        1.0,
        0.0,
        0.0,
        0.0,
        0.0
      ],
      [
        0.0,
        0.0,
        1.0,
        0.0,
        0.0,
        0.0
      ],
      [
        0.0,
        0.0,
        0.0,
        1.0,
        0.0,
        0.0
      ],
      [
        0.0,
        0.0,
        0.0,
        0.0,
        1.0,
        0.0
      ],
      [
        0.0,
        0.0,
        0.0,
        0.0,
        0.0,
        1.0
      ]
    ],
    "reversion": [
      [
        1.1882698287337412,
        0.012268350035263975,
        0.31620630074754075,
        0.5915138163469642,
        0.5915138163469642,
        0.0
      ],
      [
        0.012268350035263975,
        1.000981035768838,
        0.024976707794649233,
        0.041046160633444115,
        0.041046160633444115,
        0.0
      ],
      [
        0.31620630074754075,
        0.024976707794649233,
        1.6757269482660306,
        1.0590459868048792,
        1.0590459868048792,
        0.0
      ],
      [
        0.5915138163469642,
        0.041046160633444115,
        1.0590459868048792,
        2.901312563304556,
        1.9013125633045727,
        0.0
      ],
      [
        0.5915138163469642,
        0.041046160633444115,
        1.0590459868048792,
        1.9013125633045727,
        2.901312563304556,
        0.0
      ],
      [
        0.0,
        0.0,
        0.0,
        0.0,
        0.0,
        1.0
      ]
    ],
    "vwap": [
      [
        1.0,
        0.0,
        0.0,
        0.0,
        0.0,
        0.0
      ],
      [
        0.0,
        1.0,
        0.0,
        0.0,
        0.0,
        0.0
      ],
      [
        0.0,
        0.0,
        1.0,
        0.0,
        0.0,
        0.0
      ],
      [
        0.0,
        0.0,
        0.0,
        1.0,
        0.0,
        0.0
      ],
      [
        0.0,
        0.0,
        0.0,
        0.0,
        1.0,
        0.0
      ],
      [
        0.0,
        0.0,
        0.0,
        0.0,
        0.0,
        1.0
      ]
    ]
  },
  "b": {
    "trend": [
      [
        0.03901921367976858
      ],
      [
        0.02344886019077113
      ],
      [
        0.4268060950490831
      ],
      [
        0.09147478726775637
      ],
      [
        0.09147478726775637
      ],
      [
        0.0
      ]
    ],
    "breakout": [
      [
        0.0
      ],
      [
        0.0
      ],
      [
        0.0
      ],
      [
        0.0
      ],
      [
        0.0
      ],
      [
        0.0
      ]
    ],
    "reversion": [
      [
        -0.005381583896402266
      ],
      [
        -0.03896155696017464
      ],
      [
        -1.073116477881178
      ],
      [
        -0.6757797814805369
      ],
      [
        -0.6757797814805369
      ],
      [
        0.0
      ]
    ],
    "vwap": [
      [
        0.0
      ],
      [
        0.0
      ],
      [
        0.0
      ],
      [
        0.0
      ],
      [
        0.0
      ],
      [
        0.0
      ]
    ]
  },
  "counts": {
    "trend": 1,
    "breakout": 0,
    "reversion": 8,
    "vwap": 0
  },
  "reward_sum": {
    "trend": 0.09147478726775637,
    "breakout": 0.0,
    "reversion": -0.6757797814805369,
    "vwap": 0.0
  },
  "disabled_until": {
    "trend": 0.0,
    "breakout": 0.0,
    "reversion": 0.0,
    "vwap": 0.0
  },
  "_snapshot_time": "2025-09-23T15:08:00.847935"
}