{
  "arms": [
    "trend",
    "breakout",
    "reversion",
    "vwap"
  ],
  "d": 6,
  "alpha": 0.6,
  "alpha_base": 0.6,
  "alpha_boost_until": 0.0,
  "A": {
    "trend": [
      [
        1.1236890994251625,
        0.07433180031115892,
        1.3529555454153899,
        0.28997083719099964,
        0.28997083719099964,
        0.0
      ],
      [
        0.07433180031115892,
        1.04467019780382,
        0.8130677796109335,
        0.17425993451575203,
        0.17425993451575203,
        0.0
      ],
      [
        1.3529555454153899,
        0.8130677796109335,
        15.799110967557763,
        3.171804581079351,
        3.171804581079351,
        0.0
      ],
      [
        0.28997083719099964,
        0.17425993451575203,
        3.171804581079351,
        1.6797938283326572,
        0.6797938283326578,
        0.0
      ],
      [
        0.28997083719099964,
        0.17425993451575203,
        3.171804581079351,
        0.6797938283326578,
        1.6797938283326572,
        0.0
      ],
      [
        0.0,
        0.0,
        0.0,
        0.0,
        0.0,
        1.0
      ]
    ],
    "breakout": [
      [
        1.0,
        0.0,
        0.0,
        0.0,
        0.0,
        0.0
      ],
      [
        0.0,
        1.0,
        0.0,
        0.0,
        0.0,
        0.0
      ],
      [
        0.0,
        0.0,
        1.0,
        0.0,
        0.0,
        0.0
      ],
      [
        0.0,
        0.0,
        0.0,
        1.0,
        0.0,
        0.0
      ],
      [
        0.0,
        0.0,
        0.0,
        0.0,
        1.0,
        0.0
      ],
      [
        0.0,
        0.0,
        0.0,
        0.0,
        0.0,
        1.0
      ]
    ],
    "reversion": [
      [
        1.1006033882628552,
        0.010199166670337078,
        0.28748594599232613,
        0.3458262008539987,
        0.3458262008539987,
        0.0
      ],
      [
        0.010199166670337078,
        1.001106947139965,
        0.029729976310424937,
        0.03470868751056044,
        0.03470868751056044,
        0.0
      ],
      [
        0.28748594599232613,
        0.029729976310424937,
        1.826210169308263,
        0.9854246687396842,
        0.9854246687396842,
        0.0
      ],
      [
        0.3458262008539987,
        0.03470868751056044,
        0.9854246687396842,
        2.190474827824564,
        1.190474827824575,
        0.0
      ],
      [
        0.3458262008539987,
        0.03470868751056044,
        0.9854246687396842,
        1.190474827824575,
        2.190474827824564,
        0.0
      ],
      [
        0.0,
        0.0,
        0.0,
        0.0,
        0.0,
        1.0
      ]
    ],
    "vwap": [
      [
        1.0,
        0.0,
        0.0,
        0.0,
        0.0,
        0.0
      ],
      [
        0.0,
        1.0,
        0.0,
        0.0,
        0.0,
        0.0
      ],
      [
        0.0,
        0.0,
        1.0,
        0.0,
        0.0,
        0.0
      ],
      [
        0.0,
        0.0,
        0.0,
        1.0,
        0.0,
        0.0
      ],
      [
        0.0,
        0.0,
        0.0,
        0.0,
        1.0,
        0.0
      ],
      [
        0.0,
        0.0,
        0.0,
        0.0,
        0.0,
        1.0
      ]
    ]
  },
  "b": {
    "trend": [
      [
        0.295633668069246
      ],
      [
        0.17766305100697014
      ],
      [
        3.2337466477212757
      ],
      [
        0.6930694994974371
      ],
      [
        0.6930694994974371
      ],
      [
        0.0
      ]
    ],
    "breakout": [
      [
        0.0
      ],
      [
        0.0
      ],
      [
        0.0
      ],
      [
        0.0
      ],
      [
        0.0
      ],
      [
        0.0
      ]
    ],
    "reversion": [
      [
        0.13787407323916334
      ],
      [
        0.015001371878342058
      ],
      [
        0.40219518264363796
      ],
      [
        0.4690175918367272
      ],
      [
        0.4690175918367272
      ],
      [
        0.0
      ]
    ],
    "vwap": [
      [
        0.0
      ],
      [
        0.0
      ],
      [
        0.0
      ],
      [
        0.0
      ],
      [
        0.0
      ],
      [
        0.0
      ]
    ]
  },
  "counts": {
    "trend": 1,
    "breakout": 0,
    "reversion": 2,
    "vwap": 0
  },
  "reward_sum": {
    "trend": 0.6930694994974371,
    "breakout": 0.0,
    "reversion": 0.4690175918367272,
    "vwap": 0.0
  },
  "disabled_until": {
    "trend": 0.0,
    "breakout": 0.0,
    "reversion": 0.0,
    "vwap": 0.0
  },
  "_snapshot_time": "2025-09-18T06:06:00.685508"
}