{
  "arms": [
    "trend",
    "breakout",
    "reversion",
    "vwap"
  ],
  "d": 6,
  "alpha": 0.6,
  "alpha_base": 0.6,
  "alpha_boost_until": 0.0,
  "A": {
    "trend": [
      [
        1.0073943977273876,
        0.004443713292827314,
        0.0808825632717017,
        0.017335074064719923,
        0.017335074064719923,
        0.0
      ],
      [
        0.004443713292827314,
        1.0026704795382746,
        0.04860692308140275,
        0.010417629926536505,
        0.010417629926536505,
        0.0
      ],
      [
        0.0808825632717017,
        0.04860692308140275,
        1.884722364496394,
        0.18961723138941583,
        0.18961723138941583,
        0.0
      ],
      [
        0.017335074064719923,
        0.010417629926536505,
        0.18961723138941583,
        1.0406395225017882,
        0.04063952250178857,
        0.0
      ],
      [
        0.017335074064719923,
        0.010417629926536505,
        0.18961723138941583,
        0.04063952250178857,
        1.0406395225017882,
        0.0
      ],
      [
        0.0,
        0.0,
        0.0,
        0.0,
        0.0,
        1.0
      ]
    ],
    "breakout": [
      [
        1.0,
        0.0,
        0.0,
        0.0,
        0.0,
        0.0
      ],
      [
        0.0,
        1.0,
        0.0,
        0.0,
        0.0,
        0.0
      ],
      [
        0.0,
        0.0,
        1.0,
        0.0,
        0.0,
        0.0
      ],
      [
        0.0,
        0.0,
        0.0,
        1.0,
        0.0,
        0.0
      ],
      [
        0.0,
        0.0,
        0.0,
        0.0,
        1.0,
        0.0
      ],
      [
        0.0,
        0.0,
        0.0,
        0.0,
        0.0,
        1.0
      ]
    ],
    "reversion": [
      [
        1.0852761304663812,
        0.005556904285996659,
        0.14322448763138412,
        0.26792402008718513,
        0.26792402008718513,
        0.0
      ],
      [
        0.005556904285996659,
        1.0004443565640782,
        0.011313108461629083,
        0.018591708362744416,
        0.018591708362744416,
        0.0
      ],
      [
        0.14322448763138412,
        0.011313108461629083,
        1.3060680502422715,
        0.4796910070407005,
        0.4796910070407005,
        0.0
      ],
      [
        0.26792402008718513,
        0.018591708362744416,
        0.4796910070407005,
        1.8611925728950665,
        0.8611925728950827,
        0.0
      ],
      [
        0.26792402008718513,
        0.018591708362744416,
        0.4796910070407005,
        0.8611925728950827,
        1.8611925728950665,
        0.0
      ],
      [
        0.0,
        0.0,
        0.0,
        0.0,
        0.0,
        1.0
      ]
    ],
    "vwap": [
      [
        1.0,
        0.0,
        0.0,
        0.0,
        0.0,
        0.0
      ],
      [
        0.0,
        1.0,
        0.0,
        0.0,
        0.0,
        0.0
      ],
      [
        0.0,
        0.0,
        1.0,
        0.0,
        0.0,
        0.0
      ],
      [
        0.0,
        0.0,
        0.0,
        1.0,
        0.0,
        0.0
      ],
      [
        0.0,
        0.0,
        0.0,
        0.0,
        1.0,
        0.0
      ],
      [
        0.0,
        0.0,
        0.0,
        0.0,
        0.0,
        1.0
      ]
    ]
  },
  "b": {
    "trend": [
      [
        0.017673610152146267
      ],
      [
        0.010621075476432536
      ],
      [
        0.19332026002278246
      ],
      [
        0.04143317039110632
      ],
      [
        0.04143317039110632
      ],
      [
        0.0
      ]
    ],
    "breakout": [
      [
        0.0
      ],
      [
        0.0
      ],
      [
        0.0
      ],
      [
        0.0
      ],
      [
        0.0
      ],
      [
        0.0
      ]
    ],
    "reversion": [
      [
        -0.002437568746686391
      ],
      [
        -0.017647494751843268
      ],
      [
        -0.486064184521227
      ],
      [
        -0.30609198085358347
      ],
      [
        -0.30609198085358347
      ],
      [
        0.0
      ]
    ],
    "vwap": [
      [
        0.0
      ],
      [
        0.0
      ],
      [
        0.0
      ],
      [
        0.0
      ],
      [
        0.0
      ],
      [
        0.0
      ]
    ]
  },
  "counts": {
    "trend": 1,
    "breakout": 0,
    "reversion": 8,
    "vwap": 0
  },
  "reward_sum": {
    "trend": 0.04143317039110632,
    "breakout": 0.0,
    "reversion": -0.30609198085358347,
    "vwap": 0.0
  },
  "disabled_until": {
    "trend": 0.0,
    "breakout": 0.0,
    "reversion": 0.0,
    "vwap": 0.0
  },
  "_snapshot_time": "2025-09-24T20:45:00.460244"
}