{
  "arms": [
    "trend",
    "breakout",
    "reversion",
    "vwap"
  ],
  "d": 6,
  "alpha": 0.6,
  "alpha_base": 0.6,
  "alpha_boost_until": 0.0,
  "A": {
    "trend": [
      [
        1.0053116094607017,
        0.00319204760644715,
        0.058100281337115214,
        0.01245228439134218,
        0.01245228439134218,
        0.0
      ],
      [
        0.00319204760644715,
        1.001918282584065,
        0.034915756767924716,
        0.007483284469663763,
        0.007483284469663763,
        0.0
      ],
      [
        0.058100281337115214,
        0.034915756767924716,
        1.6355216279410687,
        0.1362075340402123,
        0.1362075340402123,
        0.0
      ],
      [
        0.01245228439134218,
        0.007483284469663763,
        0.1362075340402123,
        1.02919254280837,
        0.029192542808371146,
        0.0
      ],
      [
        0.01245228439134218,
        0.007483284469663763,
        0.1362075340402123,
        0.029192542808371146,
        1.02919254280837,
        0.0
      ],
      [
        0.0,
        0.0,
        0.0,
        0.0,
        0.0,
        1.0
      ]
    ],
    "breakout": [
      [
        1.0,
        0.0,
        0.0,
        0.0,
        0.0,
        0.0
      ],
      [
        0.0,
        1.0,
        0.0,
        0.0,
        0.0,
        0.0
      ],
      [
        0.0,
        0.0,
        1.0,
        0.0,
        0.0,
        0.0
      ],
      [
        0.0,
        0.0,
        0.0,
        1.0,
        0.0,
        0.0
      ],
      [
        0.0,
        0.0,
        0.0,
        0.0,
        1.0,
        0.0
      ],
      [
        0.0,
        0.0,
        0.0,
        0.0,
        0.0,
        1.0
      ]
    ],
    "reversion": [
      [
        1.1418191824247756,
        0.013172706437938312,
        0.5343322106552323,
        0.45573502789864334,
        0.45573502789864334,
        0.0
      ],
      [
        0.013172706437938312,
        1.0013654720776217,
        0.0572949749388881,
        0.04335831067467686,
        0.04335831067467686,
        0.0
      ],
      [
        0.5343322106552323,
        0.0572949749388881,
        3.530463213196616,
        1.7545434977089474,
        1.7545434977089474,
        0.0
      ],
      [
        0.45573502789864334,
        0.04335831067467686,
        1.7545434977089474,
        2.4790036909352375,
        1.479003690935251,
        0.0
      ],
      [
        0.45573502789864334,
        0.04335831067467686,
        1.7545434977089474,
        1.479003690935251,
        2.4790036909352375,
        0.0
      ],
      [
        0.0,
        0.0,
        0.0,
        0.0,
        0.0,
        1.0
      ]
    ],
    "vwap": [
      [
        1.0,
        0.0,
        0.0,
        0.0,
        0.0,
        0.0
      ],
      [
        0.0,
        1.0,
        0.0,
        0.0,
        0.0,
        0.0
      ],
      [
        0.0,
        0.0,
        1.0,
        0.0,
        0.0,
        0.0
      ],
      [
        0.0,
        0.0,
        0.0,
        1.0,
        0.0,
        0.0
      ],
      [
        0.0,
        0.0,
        0.0,
        0.0,
        1.0,
        0.0
      ],
      [
        0.0,
        0.0,
        0.0,
        0.0,
        0.0,
        1.0
      ]
    ]
  },
  "b": {
    "trend": [
      [
        0.012695464640911718
      ],
      [
        0.007629425284291963
      ],
      [
        0.1388675264625009
      ],
      [
        0.029762643010278367
      ],
      [
        0.029762643010278367
      ],
      [
        0.0
      ]
    ],
    "breakout": [
      [
        0.0
      ],
      [
        0.0
      ],
      [
        0.0
      ],
      [
        0.0
      ],
      [
        0.0
      ],
      [
        0.0
      ]
    ],
    "reversion": [
      [
        -0.29974165028964267
      ],
      [
        -0.04663600490811245
      ],
      [
        -1.9450261617176217
      ],
      [
        -1.19370080212617
      ],
      [
        -1.19370080212617
      ],
      [
        0.0
      ]
    ],
    "vwap": [
      [
        0.0
      ],
      [
        0.0
      ],
      [
        0.0
      ],
      [
        0.0
      ],
      [
        0.0
      ],
      [
        0.0
      ]
    ]
  },
  "counts": {
    "trend": 1,
    "breakout": 0,
    "reversion": 9,
    "vwap": 0
  },
  "reward_sum": {
    "trend": 0.029762643010278367,
    "breakout": 0.0,
    "reversion": -1.19370080212617,
    "vwap": 0.0
  },
  "disabled_until": {
    "trend": 0.0,
    "breakout": 0.0,
    "reversion": 0.0,
    "vwap": 0.0
  },
  "_snapshot_time": "2025-09-25T13:44:00.433890"
}