{
  "arms": [
    "trend",
    "breakout",
    "reversion",
    "vwap"
  ],
  "d": 6,
  "alpha": 0.6,
  "alpha_base": 0.6,
  "alpha_boost_until": 0.0,
  "A": {
    "trend": [
      [
        1.0146205538644315,
        0.008786320664796302,
        0.15992483994026735,
        0.03427573055320019,
        0.03427573055320019,
        0.0
      ],
      [
        0.008786320664796302,
        1.0052801987900368,
        0.09610791349019875,
        0.02059823194477301,
        0.02059823194477301,
        0.0
      ],
      [
        0.15992483994026735,
        0.09610791349019875,
        2.7493150168642693,
        0.37492018246259756,
        0.37492018246259756,
        0.0
      ],
      [
        0.03427573055320019,
        0.02059823194477301,
        0.37492018246259756,
        1.0803543912117988,
        0.08035439121179945,
        0.0
      ],
      [
        0.03427573055320019,
        0.02059823194477301,
        0.37492018246259756,
        0.08035439121179945,
        1.0803543912117988,
        0.0
      ],
      [
        0.0,
        0.0,
        0.0,
        0.0,
        0.0,
        1.0
      ]
    ],
    "breakout": [
      [
        1.0,
        0.0,
        0.0,
        0.0,
        0.0,
        0.0
      ],
      [
        0.0,
        1.0,
        0.0,
        0.0,
        0.0,
        0.0
      ],
      [
        0.0,
        0.0,
        1.0,
        0.0,
        0.0,
        0.0
      ],
      [
        0.0,
        0.0,
        0.0,
        1.0,
        0.0,
        0.0
      ],
      [
        0.0,
        0.0,
        0.0,
        0.0,
        1.0,
        0.0
      ],
      [
        0.0,
        0.0,
        0.0,
        0.0,
        0.0,
        1.0
      ]
    ],
    "reversion": [
      [
        1.1686120093616341,
        0.010987374689351934,
        0.2831902493375816,
        0.5297520787596895,
        0.5297520787596895,
        0.0
      ],
      [
        0.010987374689351934,
        1.0008786028720158,
        0.022368814572249304,
        0.03676040748288558,
        0.03676040748288558,
        0.0
      ],
      [
        0.2831902493375816,
        0.022368814572249304,
        1.6051722641553607,
        0.9484678083713721,
        0.9484678083713721,
        0.0
      ],
      [
        0.5297520787596895,
        0.03676040748288558,
        0.9484678083713721,
        2.7027907970144414,
        1.7027907970144585,
        0.0
      ],
      [
        0.5297520787596895,
        0.03676040748288558,
        0.9484678083713721,
        1.7027907970144585,
        2.7027907970144414,
        0.0
      ],
      [
        0.0,
        0.0,
        0.0,
        0.0,
        0.0,
        1.0
      ]
    ],
    "vwap": [
      [
        1.0,
        0.0,
        0.0,
        0.0,
        0.0,
        0.0
      ],
      [
        0.0,
        1.0,
        0.0,
        0.0,
        0.0,
        0.0
      ],
      [
        0.0,
        0.0,
        1.0,
        0.0,
        0.0,
        0.0
      ],
      [
        0.0,
        0.0,
        0.0,
        1.0,
        0.0,
        0.0
      ],
      [
        0.0,
        0.0,
        0.0,
        0.0,
        1.0,
        0.0
      ],
      [
        0.0,
        0.0,
        0.0,
        0.0,
        0.0,
        1.0
      ]
    ]
  },
  "b": {
    "trend": [
      [
        0.03494510016026613
      ],
      [
        0.02100049413439215
      ],
      [
        0.38224198629188594
      ],
      [
        0.08192362945715162
      ],
      [
        0.08192362945715162
      ],
      [
        0.0
      ]
    ],
    "breakout": [
      [
        0.0
      ],
      [
        0.0
      ],
      [
        0.0
      ],
      [
        0.0
      ],
      [
        0.0
      ],
      [
        0.0
      ]
    ],
    "reversion": [
      [
        -0.004819676527160806
      ],
      [
        -0.03489346355226939
      ],
      [
        -0.9610691571325428
      ],
      [
        -0.6052195808949514
      ],
      [
        -0.6052195808949514
      ],
      [
        0.0
      ]
    ],
    "vwap": [
      [
        0.0
      ],
      [
        0.0
      ],
      [
        0.0
      ],
      [
        0.0
      ],
      [
        0.0
      ],
      [
        0.0
      ]
    ]
  },
  "counts": {
    "trend": 1,
    "breakout": 0,
    "reversion": 8,
    "vwap": 0
  },
  "reward_sum": {
    "trend": 0.08192362945715162,
    "breakout": 0.0,
    "reversion": -0.6052195808949514,
    "vwap": 0.0
  },
  "disabled_until": {
    "trend": 0.0,
    "breakout": 0.0,
    "reversion": 0.0,
    "vwap": 0.0
  },
  "_snapshot_time": "2025-09-23T19:15:00.043517"
}