{
  "arms": [
    "trend",
    "breakout",
    "reversion",
    "vwap"
  ],
  "d": 6,
  "alpha": 0.6,
  "alpha_base": 0.6,
  "alpha_boost_until": 0.0,
  "A": {
    "trend": [
      [
        1.0447112507364844,
        0.026869528332344884,
        0.48906762930218595,
        0.10481892800715158,
        0.10481892800715158,
        0.0
      ],
      [
        0.026869528332344884,
        1.016147424661809,
        0.29390849742533465,
        0.06299164325447727,
        0.06299164325447727,
        0.0
      ],
      [
        0.48906762930218595,
        0.29390849742533465,
        6.349596401159923,
        1.1465468709114353,
        1.1465468709114353,
        0.0
      ],
      [
        0.10481892800715158,
        0.06299164325447727,
        1.1465468709114353,
        1.245732505523553,
        0.2457325055235537,
        0.0
      ],
      [
        0.10481892800715158,
        0.06299164325447727,
        1.1465468709114353,
        0.2457325055235537,
        1.245732505523553,
        0.0
      ],
      [
        0.0,
        0.0,
        0.0,
        0.0,
        0.0,
        1.0
      ]
    ],
    "breakout": [
      [
        1.0,
        0.0,
        0.0,
        0.0,
        0.0,
        0.0
      ],
      [
        0.0,
        1.0,
        0.0,
        0.0,
        0.0,
        0.0
      ],
      [
        0.0,
        0.0,
        1.0,
        0.0,
        0.0,
        0.0
      ],
      [
        0.0,
        0.0,
        0.0,
        1.0,
        0.0,
        0.0
      ],
      [
        0.0,
        0.0,
        0.0,
        0.0,
        1.0,
        0.0
      ],
      [
        0.0,
        0.0,
        0.0,
        0.0,
        0.0,
        1.0
      ]
    ],
    "reversion": [
      [
        1.3832243740970722,
        0.02708195533812182,
        0.6852125112172391,
        1.2450484151650507,
        1.2450484151650507,
        0.0
      ],
      [
        0.02708195533812182,
        1.0023659454805869,
        0.05950463994346074,
        0.0939561977436002,
        0.0939561977436002,
        0.0
      ],
      [
        0.6852125112172391,
        0.05950463994346074,
        2.603768884373886,
        2.3884422144557313,
        2.3884422144557313,
        0.0
      ],
      [
        1.2450484151650507,
        0.0939561977436002,
        2.3884422144557313,
        5.145323887996922,
        4.145323887996931,
        0.0
      ],
      [
        1.2450484151650507,
        0.0939561977436002,
        2.3884422144557313,
        4.145323887996931,
        5.145323887996922,
        0.0
      ],
      [
        0.0,
        0.0,
        0.0,
        0.0,
        0.0,
        1.0
      ]
    ],
    "vwap": [
      [
        1.0,
        0.0,
        0.0,
        0.0,
        0.0,
        0.0
      ],
      [
        0.0,
        1.0,
        0.0,
        0.0,
        0.0,
        0.0
      ],
      [
        0.0,
        0.0,
        1.0,
        0.0,
        0.0,
        0.0
      ],
      [
        0.0,
        0.0,
        0.0,
        1.0,
        0.0,
        0.0
      ],
      [
        0.0,
        0.0,
        0.0,
        0.0,
        1.0,
        0.0
      ],
      [
        0.0,
        0.0,
        0.0,
        0.0,
        0.0,
        1.0
      ]
    ]
  },
  "b": {
    "trend": [
      [
        0.10686593338153202
      ],
      [
        0.06422180496987066
      ],
      [
        1.1689377467900242
      ],
      [
        0.25053140748744707
      ],
      [
        0.25053140748744707
      ],
      [
        0.0
      ]
    ],
    "breakout": [
      [
        0.0
      ],
      [
        0.0
      ],
      [
        0.0
      ],
      [
        0.0
      ],
      [
        0.0
      ],
      [
        0.0
      ]
    ],
    "reversion": [
      [
        -0.3956978192531301
      ],
      [
        -0.1254629476666215
      ],
      [
        -3.4592793147650567
      ],
      [
        -2.9297240070740442
      ],
      [
        -2.9297240070740442
      ],
      [
        0.0
      ]
    ],
    "vwap": [
      [
        0.0
      ],
      [
        0.0
      ],
      [
        0.0
      ],
      [
        0.0
      ],
      [
        0.0
      ],
      [
        0.0
      ]
    ]
  },
  "counts": {
    "trend": 1,
    "breakout": 0,
    "reversion": 7,
    "vwap": 0
  },
  "reward_sum": {
    "trend": 0.25053140748744707,
    "breakout": 0.0,
    "reversion": -2.9297240070740442,
    "vwap": 0.0
  },
  "disabled_until": {
    "trend": 0.0,
    "breakout": 0.0,
    "reversion": 0.0,
    "vwap": 0.0
  },
  "_snapshot_time": "2025-09-22T00:39:00.748129"
}