{
  "arms": [
    "trend",
    "breakout",
    "reversion",
    "vwap"
  ],
  "d": 6,
  "alpha": 0.6,
  "alpha_base": 0.6,
  "alpha_boost_until": 0.0,
  "A": {
    "trend": [
      [
        1.0083396700512783,
        0.005011781084941363,
        0.09122228955702351,
        0.019551125506646654,
        0.019551125506646654,
        0.0
      ],
      [
        0.005011781084941363,
        1.0030118637175023,
        0.05482065147852483,
        0.011749381018800053,
        0.011749381018800053,
        0.0
      ],
      [
        0.09122228955702351,
        0.05482065147852483,
        1.9978219834670008,
        0.21385719353009444,
        0.21385719353009444,
        0.0
      ],
      [
        0.019551125506646654,
        0.011749381018800053,
        0.21385719353009444,
        1.0458347280199813,
        0.04583472801998072,
        0.0
      ],
      [
        0.019551125506646654,
        0.011749381018800053,
        0.21385719353009444,
        0.04583472801998072,
        1.0458347280199813,
        0.0
      ],
      [
        0.0,
        0.0,
        0.0,
        0.0,
        0.0,
        1.0
      ]
    ],
    "breakout": [
      [
        1.0,
        0.0,
        0.0,
        0.0,
        0.0,
        0.0
      ],
      [
        0.0,
        1.0,
        0.0,
        0.0,
        0.0,
        0.0
      ],
      [
        0.0,
        0.0,
        1.0,
        0.0,
        0.0,
        0.0
      ],
      [
        0.0,
        0.0,
        0.0,
        1.0,
        0.0,
        0.0
      ],
      [
        0.0,
        0.0,
        0.0,
        0.0,
        1.0,
        0.0
      ],
      [
        0.0,
        0.0,
        0.0,
        0.0,
        0.0,
        1.0
      ]
    ],
    "reversion": [
      [
        1.0961775140530001,
        0.006267278277457925,
        0.16153377383055295,
        0.30217443106462505,
        0.30217443106462505,
        0.0
      ],
      [
        0.006267278277457925,
        1.0005011614557602,
        0.012759334201736512,
        0.020968403262998186,
        0.020968403262998186,
        0.0
      ],
      [
        0.16153377383055295,
        0.012759334201736512,
        1.3451946522708988,
        0.5410129225896672,
        0.5410129225896672,
        0.0
      ],
      [
        0.30217443106462505,
        0.020968403262998186,
        0.5410129225896672,
        1.971284230756786,
        0.9712842307568043,
        0.0
      ],
      [
        0.30217443106462505,
        0.020968403262998186,
        0.5410129225896672,
        0.9712842307568043,
        1.971284230756786,
        0.0
      ],
      [
        0.0,
        0.0,
        0.0,
        0.0,
        0.0,
        1.0
      ]
    ],
    "vwap": [
      [
        1.0,
        0.0,
        0.0,
        0.0,
        0.0,
        0.0
      ],
      [
        0.0,
        1.0,
        0.0,
        0.0,
        0.0,
        0.0
      ],
      [
        0.0,
        0.0,
        1.0,
        0.0,
        0.0,
        0.0
      ],
      [
        0.0,
        0.0,
        0.0,
        1.0,
        0.0,
        0.0
      ],
      [
        0.0,
        0.0,
        0.0,
        0.0,
        1.0,
        0.0
      ],
      [
        0.0,
        0.0,
        0.0,
        0.0,
        0.0,
        1.0
      ]
    ]
  },
  "b": {
    "trend": [
      [
        0.019932938789306465
      ],
      [
        0.011978834291681147
      ],
      [
        0.21803360358149435
      ],
      [
        0.04672983290584424
      ],
      [
        0.04672983290584424
      ],
      [
        0.0
      ]
    ],
    "breakout": [
      [
        0.0
      ],
      [
        0.0
      ],
      [
        0.0
      ],
      [
        0.0
      ],
      [
        0.0
      ],
      [
        0.0
      ]
    ],
    "reversion": [
      [
        -0.002749178475939498
      ],
      [
        -0.01990348489328768
      ],
      [
        -0.548200823393131
      ],
      [
        -0.3452216420826227
      ],
      [
        -0.3452216420826227
      ],
      [
        0.0
      ]
    ],
    "vwap": [
      [
        0.0
      ],
      [
        0.0
      ],
      [
        0.0
      ],
      [
        0.0
      ],
      [
        0.0
      ],
      [
        0.0
      ]
    ]
  },
  "counts": {
    "trend": 1,
    "breakout": 0,
    "reversion": 8,
    "vwap": 0
  },
  "reward_sum": {
    "trend": 0.04672983290584424,
    "breakout": 0.0,
    "reversion": -0.3452216420826227,
    "vwap": 0.0
  },
  "disabled_until": {
    "trend": 0.0,
    "breakout": 0.0,
    "reversion": 0.0,
    "vwap": 0.0
  },
  "_snapshot_time": "2025-09-24T16:51:00.905550"
}