{
  "arms": [
    "trend",
    "breakout",
    "reversion",
    "vwap"
  ],
  "d": 6,
  "alpha": 0.6,
  "alpha_base": 0.6,
  "alpha_boost_until": 0.0,
  "A": {
    "trend": [
      [
        1.0436045915312757,
        0.026204474003092244,
        0.47696259566922816,
        0.10222452884254615,
        0.10222452884254615,
        0.0
      ],
      [
        0.026204474003092244,
        1.015747755767558,
        0.2866338956459814,
        0.06143252154102693,
        0.06143252154102693,
        0.0
      ],
      [
        0.47696259566922816,
        0.2866338956459814,
        6.217187219936484,
        1.1181684062521646,
        1.1181684062521646,
        0.0
      ],
      [
        0.10222452884254615,
        0.06143252154102693,
        1.1181684062521646,
        1.2396503196133595,
        0.23965031961336,
        0.0
      ],
      [
        0.10222452884254615,
        0.06143252154102693,
        1.1181684062521646,
        0.23965031961336,
        1.2396503196133595,
        0.0
      ],
      [
        0.0,
        0.0,
        0.0,
        0.0,
        0.0,
        1.0
      ]
    ],
    "breakout": [
      [
        1.0,
        0.0,
        0.0,
        0.0,
        0.0,
        0.0
      ],
      [
        0.0,
        1.0,
        0.0,
        0.0,
        0.0,
        0.0
      ],
      [
        0.0,
        0.0,
        1.0,
        0.0,
        0.0,
        0.0
      ],
      [
        0.0,
        0.0,
        0.0,
        1.0,
        0.0,
        0.0
      ],
      [
        0.0,
        0.0,
        0.0,
        0.0,
        1.0,
        0.0
      ],
      [
        0.0,
        0.0,
        0.0,
        0.0,
        0.0,
        1.0
      ]
    ],
    "reversion": [
      [
        1.373739093004081,
        0.02641164317560561,
        0.6682526471881213,
        1.2142319144660823,
        1.2142319144660823,
        0.0
      ],
      [
        0.02641164317560561,
        1.0023073853798965,
        0.058031825909826196,
        0.09163066469751842,
        0.09163066469751842,
        0.0
      ],
      [
        0.6682526471881213,
        0.058031825909826196,
        2.564073604781292,
        2.3293252915516023,
        2.3293252915516023,
        0.0
      ],
      [
        1.2142319144660823,
        0.09163066469751842,
        2.3293252915516023,
        5.04272195305532,
        4.04272195305533,
        0.0
      ],
      [
        1.2142319144660823,
        0.09163066469751842,
        2.3293252915516023,
        4.04272195305533,
        5.04272195305532,
        0.0
      ],
      [
        0.0,
        0.0,
        0.0,
        0.0,
        0.0,
        1.0
      ]
    ],
    "vwap": [
      [
        1.0,
        0.0,
        0.0,
        0.0,
        0.0,
        0.0
      ],
      [
        0.0,
        1.0,
        0.0,
        0.0,
        0.0,
        0.0
      ],
      [
        0.0,
        0.0,
        1.0,
        0.0,
        0.0,
        0.0
      ],
      [
        0.0,
        0.0,
        0.0,
        1.0,
        0.0,
        0.0
      ],
      [
        0.0,
        0.0,
        0.0,
        0.0,
        1.0,
        0.0
      ],
      [
        0.0,
        0.0,
        0.0,
        0.0,
        0.0,
        1.0
      ]
    ]
  },
  "b": {
    "trend": [
      [
        0.10422086828154449
      ],
      [
        0.0626322352201026
      ],
      [
        1.140005080034065
      ],
      [
        0.24433044277000113
      ],
      [
        0.24433044277000113
      ],
      [
        0.0
      ]
    ],
    "breakout": [
      [
        0.0
      ],
      [
        0.0
      ],
      [
        0.0
      ],
      [
        0.0
      ],
      [
        0.0
      ],
      [
        0.0
      ]
    ],
    "reversion": [
      [
        -0.3859038048396602
      ],
      [
        -0.12235758327486768
      ],
      [
        -3.373657838424916
      ],
      [
        -2.8572096848901847
      ],
      [
        -2.8572096848901847
      ],
      [
        0.0
      ]
    ],
    "vwap": [
      [
        0.0
      ],
      [
        0.0
      ],
      [
        0.0
      ],
      [
        0.0
      ],
      [
        0.0
      ],
      [
        0.0
      ]
    ]
  },
  "counts": {
    "trend": 1,
    "breakout": 0,
    "reversion": 7,
    "vwap": 0
  },
  "reward_sum": {
    "trend": 0.24433044277000113,
    "breakout": 0.0,
    "reversion": -2.8572096848901847,
    "vwap": 0.0
  },
  "disabled_until": {
    "trend": 0.0,
    "breakout": 0.0,
    "reversion": 0.0,
    "vwap": 0.0
  },
  "_snapshot_time": "2025-09-22T01:25:00.395373"
}