{
  "arms": [
    "trend",
    "breakout",
    "reversion",
    "vwap"
  ],
  "d": 6,
  "alpha": 0.6,
  "alpha_base": 0.6,
  "alpha_boost_until": 0.0,
  "A": {
    "trend": [
      [
        1.1032671839818748,
        0.06205911219428657,
        1.1295733405532895,
        0.24209467069245635,
        0.24209467069245635,
        0.0
      ],
      [
        0.06205911219428657,
        1.0372948429291853,
        0.6788247337641763,
        0.14548842866461004,
        0.14548842866461004,
        0.0
      ],
      [
        1.1295733405532895,
        0.6788247337641763,
        13.355676629205629,
        2.648117972813385,
        2.648117972813385,
        0.0
      ],
      [
        0.24209467069245635,
        0.14548842866461004,
        2.648117972813385,
        1.5675552224603746,
        0.567555222460375,
        0.0
      ],
      [
        0.24209467069245635,
        0.14548842866461004,
        2.648117972813385,
        0.567555222460375,
        1.5675552224603746,
        0.0
      ],
      [
        0.0,
        0.0,
        0.0,
        0.0,
        0.0,
        1.0
      ]
    ],
    "breakout": [
      [
        1.0,
        0.0,
        0.0,
        0.0,
        0.0,
        0.0
      ],
      [
        0.0,
        1.0,
        0.0,
        0.0,
        0.0,
        0.0
      ],
      [
        0.0,
        0.0,
        1.0,
        0.0,
        0.0,
        0.0
      ],
      [
        0.0,
        0.0,
        0.0,
        1.0,
        0.0,
        0.0
      ],
      [
        0.0,
        0.0,
        0.0,
        0.0,
        1.0,
        0.0
      ],
      [
        0.0,
        0.0,
        0.0,
        0.0,
        0.0,
        1.0
      ]
    ],
    "reversion": [
      [
        1.0839930814697714,
        0.008515214565409315,
        0.2400200520091535,
        0.2887279321727971,
        0.2887279321727971,
        0.0
      ],
      [
        0.008515214565409315,
        1.0009241826037392,
        0.024821354086121385,
        0.02897804604916773,
        0.02897804604916773,
        0.0
      ],
      [
        0.2400200520091535,
        0.024821354086121385,
        1.689797225124717,
        0.8227243228380816,
        0.8227243228380816,
        0.0
      ],
      [
        0.2887279321727971,
        0.02897804604916773,
        0.8227243228380816,
        1.9939192996156634,
        0.9939192996156748,
        0.0
      ],
      [
        0.2887279321727971,
        0.02897804604916773,
        0.8227243228380816,
        0.9939192996156748,
        1.9939192996156634,
        0.0
      ],
      [
        0.0,
        0.0,
        0.0,
        0.0,
        0.0,
        1.0
      ]
    ],
    "vwap": [
      [
        1.0,
        0.0,
        0.0,
        0.0,
        0.0,
        0.0
      ],
      [
        0.0,
        1.0,
        0.0,
        0.0,
        0.0,
        0.0
      ],
      [
        0.0,
        0.0,
        1.0,
        0.0,
        0.0,
        0.0
      ],
      [
        0.0,
        0.0,
        0.0,
        1.0,
        0.0,
        0.0
      ],
      [
        0.0,
        0.0,
        0.0,
        0.0,
        1.0,
        0.0
      ],
      [
        0.0,
        0.0,
        0.0,
        0.0,
        0.0,
        1.0
      ]
    ]
  },
  "b": {
    "trend": [
      [
        0.24682252950038586
      ],
      [
        0.14832966737071782
      ],
      [
        2.69983298102233
      ],
      [
        0.5786389896074199
      ],
      [
        0.5786389896074199
      ],
      [
        0.0
      ]
    ],
    "breakout": [
      [
        0.0
      ],
      [
        0.0
      ],
      [
        0.0
      ],
      [
        0.0
      ],
      [
        0.0
      ],
      [
        0.0
      ]
    ],
    "reversion": [
      [
        0.11511012169777916
      ],
      [
        0.012524542881635075
      ],
      [
        0.33579000991768054
      ],
      [
        0.391579582776767
      ],
      [
        0.391579582776767
      ],
      [
        0.0
      ]
    ],
    "vwap": [
      [
        0.0
      ],
      [
        0.0
      ],
      [
        0.0
      ],
      [
        0.0
      ],
      [
        0.0
      ],
      [
        0.0
      ]
    ]
  },
  "counts": {
    "trend": 1,
    "breakout": 0,
    "reversion": 2,
    "vwap": 0
  },
  "reward_sum": {
    "trend": 0.5786389896074199,
    "breakout": 0.0,
    "reversion": 0.391579582776767,
    "vwap": 0.0
  },
  "disabled_until": {
    "trend": 0.0,
    "breakout": 0.0,
    "reversion": 0.0,
    "vwap": 0.0
  },
  "_snapshot_time": "2025-09-18T12:02:00.625605"
}