{
  "arms": [
    "trend",
    "breakout",
    "reversion",
    "vwap"
  ],
  "d": 6,
  "alpha": 0.6,
  "alpha_base": 0.6,
  "alpha_boost_until": 0.0,
  "A": {
    "trend": [
      [
        1.0121455675212099,
        0.007298960893465213,
        0.13285255536991686,
        0.028473490377505937,
        0.028473490377505937,
        0.0
      ],
      [
        0.007298960893465213,
        1.0043863598824272,
        0.07983864109673502,
        0.01711133649398963,
        0.01711133649398963,
        0.0
      ],
      [
        0.13285255536991686,
        0.07983864109673502,
        2.4531886992926775,
        0.3114532071347733,
        0.3114532071347733,
        0.0
      ],
      [
        0.028473490377505937,
        0.01711133649398963,
        0.3114532071347733,
        1.066751895525853,
        0.0667518955258533,
        0.0
      ],
      [
        0.028473490377505937,
        0.01711133649398963,
        0.3114532071347733,
        0.0667518955258533,
        1.066751895525853,
        0.0
      ],
      [
        0.0,
        0.0,
        0.0,
        0.0,
        0.0,
        1.0
      ]
    ],
    "breakout": [
      [
        1.0,
        0.0,
        0.0,
        0.0,
        0.0,
        0.0
      ],
      [
        0.0,
        1.0,
        0.0,
        0.0,
        0.0,
        0.0
      ],
      [
        0.0,
        0.0,
        1.0,
        0.0,
        0.0,
        0.0
      ],
      [
        0.0,
        0.0,
        0.0,
        1.0,
        0.0,
        0.0
      ],
      [
        0.0,
        0.0,
        0.0,
        0.0,
        1.0,
        0.0
      ],
      [
        0.0,
        0.0,
        0.0,
        0.0,
        0.0,
        1.0
      ]
    ],
    "reversion": [
      [
        1.1400691494711919,
        0.00912741763463609,
        0.23525143620211714,
        0.44007495897471,
        0.44007495897471,
        0.0
      ],
      [
        0.00912741763463609,
        1.0007298718369597,
        0.01858219259515355,
        0.03053755797013681,
        0.03053755797013681,
        0.0
      ],
      [
        0.23525143620211714,
        0.01858219259515355,
        1.5027279174521433,
        0.7879099461678708,
        0.7879099461678708,
        0.0
      ],
      [
        0.44007495897471,
        0.03053755797013681,
        0.7879099461678708,
        2.4145401597915592,
        1.4145401597915765,
        0.0
      ],
      [
        0.44007495897471,
        0.03053755797013681,
        0.7879099461678708,
        1.4145401597915765,
        2.4145401597915592,
        0.0
      ],
      [
        0.0,
        0.0,
        0.0,
        0.0,
        0.0,
        1.0
      ]
    ],
    "vwap": [
      [
        1.0,
        0.0,
        0.0,
        0.0,
        0.0,
        0.0
      ],
      [
        0.0,
        1.0,
        0.0,
        0.0,
        0.0,
        0.0
      ],
      [
        0.0,
        0.0,
        1.0,
        0.0,
        0.0,
        0.0
      ],
      [
        0.0,
        0.0,
        0.0,
        1.0,
        0.0,
        0.0
      ],
      [
        0.0,
        0.0,
        0.0,
        0.0,
        1.0,
        0.0
      ],
      [
        0.0,
        0.0,
        0.0,
        0.0,
        0.0,
        1.0
      ]
    ]
  },
  "b": {
    "trend": [
      [
        0.029029548228299354
      ],
      [
        0.017445503217805393
      ],
      [
        0.31753556650434667
      ],
      [
        0.0680554910833484
      ],
      [
        0.0680554910833484
      ],
      [
        0.0
      ]
    ],
    "breakout": [
      [
        0.0
      ],
      [
        0.0
      ],
      [
        0.0
      ],
      [
        0.0
      ],
      [
        0.0
      ],
      [
        0.0
      ]
    ],
    "reversion": [
      [
        -0.004003795426206943
      ],
      [
        -0.028986652732355355
      ],
      [
        -0.7983781222476738
      ],
      [
        -0.5027672243526148
      ],
      [
        -0.5027672243526148
      ],
      [
        0.0
      ]
    ],
    "vwap": [
      [
        0.0
      ],
      [
        0.0
      ],
      [
        0.0
      ],
      [
        0.0
      ],
      [
        0.0
      ],
      [
        0.0
      ]
    ]
  },
  "counts": {
    "trend": 1,
    "breakout": 0,
    "reversion": 8,
    "vwap": 0
  },
  "reward_sum": {
    "trend": 0.0680554910833484,
    "breakout": 0.0,
    "reversion": -0.5027672243526148,
    "vwap": 0.0
  },
  "disabled_until": {
    "trend": 0.0,
    "breakout": 0.0,
    "reversion": 0.0,
    "vwap": 0.0
  },
  "_snapshot_time": "2025-09-24T03:39:00.239262"
}