{
  "arms": [
    "trend",
    "breakout",
    "reversion",
    "vwap"
  ],
  "d": 6,
  "alpha": 0.6,
  "alpha_base": 0.6,
  "alpha_boost_until": 0.0,
  "A": {
    "trend": [
      [
        1.0060207295209507,
        0.0036181980995786305,
        0.06585688982029743,
        0.014114711707045743,
        0.014114711707045743,
        0.0
      ],
      [
        0.0036181980995786305,
        1.0021743806032535,
        0.03957714306262074,
        0.008482331401341523,
        0.008482331401341523,
        0.0
      ],
      [
        0.06585688982029743,
        0.03957714306262074,
        1.7203661818242253,
        0.15439175775987832,
        0.15439175775987832,
        0.0
      ],
      [
        0.014114711707045743,
        0.008482331401341523,
        0.15439175775987832,
        1.0330898582771058,
        0.03308985827710748,
        0.0
      ],
      [
        0.014114711707045743,
        0.008482331401341523,
        0.15439175775987832,
        0.03308985827710748,
        1.0330898582771058,
        0.0
      ],
      [
        0.0,
        0.0,
        0.0,
        0.0,
        0.0,
        1.0
      ]
    ],
    "breakout": [
      [
        1.0,
        0.0,
        0.0,
        0.0,
        0.0,
        0.0
      ],
      [
        0.0,
        1.0,
        0.0,
        0.0,
        0.0,
        0.0
      ],
      [
        0.0,
        0.0,
        1.0,
        0.0,
        0.0,
        0.0
      ],
      [
        0.0,
        0.0,
        0.0,
        1.0,
        0.0,
        0.0
      ],
      [
        0.0,
        0.0,
        0.0,
        0.0,
        1.0,
        0.0
      ],
      [
        0.0,
        0.0,
        0.0,
        0.0,
        0.0,
        1.0
      ]
    ],
    "reversion": [
      [
        1.1607525825419165,
        0.014931312836246921,
        0.6056675925608316,
        0.5165773870426723,
        0.5165773870426723,
        0.0
      ],
      [
        0.014931312836246921,
        1.0015477677921534,
        0.06494407195575216,
        0.04914681001849685,
        0.04914681001849685,
        0.0
      ],
      [
        0.6056675925608316,
        0.06494407195575216,
        3.8682896741732007,
        1.9887817262551413,
        1.9887817262551413,
        0.0
      ],
      [
        0.5165773870426723,
        0.04914681001849685,
        1.9887817262551413,
        2.676456307544818,
        1.6764563075448307,
        0.0
      ],
      [
        0.5165773870426723,
        0.04914681001849685,
        1.9887817262551413,
        1.6764563075448307,
        2.676456307544818,
        0.0
      ],
      [
        0.0,
        0.0,
        0.0,
        0.0,
        0.0,
        1.0
      ]
    ],
    "vwap": [
      [
        1.0,
        0.0,
        0.0,
        0.0,
        0.0,
        0.0
      ],
      [
        0.0,
        1.0,
        0.0,
        0.0,
        0.0,
        0.0
      ],
      [
        0.0,
        0.0,
        1.0,
        0.0,
        0.0,
        0.0
      ],
      [
        0.0,
        0.0,
        0.0,
        1.0,
        0.0,
        0.0
      ],
      [
        0.0,
        0.0,
        0.0,
        0.0,
        1.0,
        0.0
      ],
      [
        0.0,
        0.0,
        0.0,
        0.0,
        0.0,
        1.0
      ]
    ]
  },
  "b": {
    "trend": [
      [
        0.014390357444618833
      ],
      [
        0.008647982570418905
      ],
      [
        0.15740686928508837
      ],
      [
        0.0337360690237592
      ],
      [
        0.0337360690237592
      ],
      [
        0.0
      ]
    ],
    "breakout": [
      [
        0.0
      ],
      [
        0.0
      ],
      [
        0.0
      ],
      [
        0.0
      ],
      [
        0.0
      ],
      [
        0.0
      ]
    ],
    "reversion": [
      [
        -0.3397583003624617
      ],
      [
        -0.05286208889543575
      ],
      [
        -2.20469455021392
      ],
      [
        -1.3530643982235682
      ],
      [
        -1.3530643982235682
      ],
      [
        0.0
      ]
    ],
    "vwap": [
      [
        0.0
      ],
      [
        0.0
      ],
      [
        0.0
      ],
      [
        0.0
      ],
      [
        0.0
      ],
      [
        0.0
      ]
    ]
  },
  "counts": {
    "trend": 1,
    "breakout": 0,
    "reversion": 9,
    "vwap": 0
  },
  "reward_sum": {
    "trend": 0.0337360690237592,
    "breakout": 0.0,
    "reversion": -1.3530643982235682,
    "vwap": 0.0
  },
  "disabled_until": {
    "trend": 0.0,
    "breakout": 0.0,
    "reversion": 0.0,
    "vwap": 0.0
  },
  "_snapshot_time": "2025-09-25T09:35:00.134311"
}