{
  "arms": [
    "trend",
    "breakout",
    "reversion",
    "vwap"
  ],
  "d": 6,
  "alpha": 0.6,
  "alpha_base": 0.6,
  "alpha_boost_until": 0.0,
  "A": {
    "trend": [
      [
        1.06039930955646,
        0.03629737331541632,
        0.6606692197085501,
        0.14159726636575826,
        0.14159726636575826,
        0.0
      ],
      [
        0.03629737331541632,
        1.0218131518269615,
        0.3970336330310062,
        0.08509383427497445,
        0.08509383427497445,
        0.0
      ],
      [
        0.6606692197085501,
        0.3970336330310062,
        8.226635885006015,
        1.5488414713628489,
        1.5488414713628489,
        0.0
      ],
      [
        0.14159726636575826,
        0.08509383427497445,
        1.5488414713628489,
        1.3319538913522346,
        0.33195389135223546,
        0.0
      ],
      [
        0.14159726636575826,
        0.08509383427497445,
        1.5488414713628489,
        0.33195389135223546,
        1.3319538913522346,
        0.0
      ],
      [
        0.0,
        0.0,
        0.0,
        0.0,
        0.0,
        1.0
      ]
    ],
    "breakout": [
      [
        1.0,
        0.0,
        0.0,
        0.0,
        0.0,
        0.0
      ],
      [
        0.0,
        1.0,
        0.0,
        0.0,
        0.0,
        0.0
      ],
      [
        0.0,
        0.0,
        1.0,
        0.0,
        0.0,
        0.0
      ],
      [
        0.0,
        0.0,
        0.0,
        1.0,
        0.0,
        0.0
      ],
      [
        0.0,
        0.0,
        0.0,
        0.0,
        1.0,
        0.0
      ],
      [
        0.0,
        0.0,
        0.0,
        0.0,
        0.0,
        1.0
      ]
    ],
    "reversion": [
      [
        1.281065733803032,
        0.01710878555440163,
        0.3925643927127189,
        0.8317919927336141,
        0.8317919927336141,
        0.0
      ],
      [
        0.01710878555440163,
        1.0011768292986645,
        0.02789861952000255,
        0.051586254000503776,
        0.051586254000503776,
        0.0
      ],
      [
        0.3925643927127189,
        0.02789861952000255,
        1.695740202741891,
        1.1994218229084936,
        1.1994218229084936,
        0.0
      ],
      [
        0.8317919927336141,
        0.051586254000503776,
        1.1994218229084936,
        3.4764147879972924,
        2.4764147879973017,
        0.0
      ],
      [
        0.8317919927336141,
        0.051586254000503776,
        1.1994218229084936,
        2.4764147879973017,
        3.4764147879972924,
        0.0
      ],
      [
        0.0,
        0.0,
        0.0,
        0.0,
        0.0,
        1.0
      ]
    ],
    "vwap": [
      [
        1.0,
        0.0,
        0.0,
        0.0,
        0.0,
        0.0
      ],
      [
        0.0,
        1.0,
        0.0,
        0.0,
        0.0,
        0.0
      ],
      [
        0.0,
        0.0,
        1.0,
        0.0,
        0.0,
        0.0
      ],
      [
        0.0,
        0.0,
        0.0,
        1.0,
        0.0,
        0.0
      ],
      [
        0.0,
        0.0,
        0.0,
        0.0,
        1.0,
        0.0
      ],
      [
        0.0,
        0.0,
        0.0,
        0.0,
        0.0,
        1.0
      ]
    ]
  },
  "b": {
    "trend": [
      [
        0.14436251469217232
      ],
      [
        0.0867556289469791
      ],
      [
        1.579088745173232
      ],
      [
        0.33843660790509145
      ],
      [
        0.33843660790509145
      ],
      [
        0.0
      ]
    ],
    "breakout": [
      [
        0.0
      ],
      [
        0.0
      ],
      [
        0.0
      ],
      [
        0.0
      ],
      [
        0.0
      ],
      [
        0.0
      ]
    ],
    "reversion": [
      [
        1.6134928462929612
      ],
      [
        0.08240587607940368
      ],
      [
        1.3396916553452907
      ],
      [
        4.723921289370014
      ],
      [
        4.723921289370014
      ],
      [
        0.0
      ]
    ],
    "vwap": [
      [
        0.0
      ],
      [
        0.0
      ],
      [
        0.0
      ],
      [
        0.0
      ],
      [
        0.0
      ],
      [
        0.0
      ]
    ]
  },
  "counts": {
    "trend": 1,
    "breakout": 0,
    "reversion": 4,
    "vwap": 0
  },
  "reward_sum": {
    "trend": 0.33843660790509145,
    "breakout": 0.0,
    "reversion": 4.723921289370014,
    "vwap": 0.0
  },
  "disabled_until": {
    "trend": 0.0,
    "breakout": 0.0,
    "reversion": 0.0,
    "vwap": 0.0
  },
  "_snapshot_time": "2025-09-19T08:05:00.218443"
}