{
  "arms": [
    "trend",
    "breakout",
    "reversion",
    "vwap"
  ],
  "d": 6,
  "alpha": 0.6,
  "alpha_base": 0.6,
  "alpha_boost_until": 0.0,
  "A": {
    "trend": [
      [
        1.0036655074873353,
        0.0022028114995896178,
        0.04009463004257625,
        0.008593241278108425,
        0.008593241278108425,
        0.0
      ],
      [
        0.0022028114995896178,
        1.0013237944594264,
        0.024095138922713297,
        0.0051641664275875986,
        0.0051641664275875986,
        0.0
      ],
      [
        0.04009463004257625,
        0.024095138922713297,
        1.4385693833133861,
        0.09399594219977109,
        0.09399594219977109,
        0.0
      ],
      [
        0.008593241278108425,
        0.0051641664275875986,
        0.09399594219977109,
        1.020145585821044,
        0.020145585821044927,
        0.0
      ],
      [
        0.008593241278108425,
        0.0051641664275875986,
        0.09399594219977109,
        0.020145585821044927,
        1.020145585821044,
        0.0
      ],
      [
        0.0,
        0.0,
        0.0,
        0.0,
        0.0,
        1.0
      ]
    ],
    "breakout": [
      [
        1.0,
        0.0,
        0.0,
        0.0,
        0.0,
        0.0
      ],
      [
        0.0,
        1.0,
        0.0,
        0.0,
        0.0,
        0.0
      ],
      [
        0.0,
        0.0,
        1.0,
        0.0,
        0.0,
        0.0
      ],
      [
        0.0,
        0.0,
        0.0,
        1.0,
        0.0,
        0.0
      ],
      [
        0.0,
        0.0,
        0.0,
        0.0,
        1.0,
        0.0
      ],
      [
        0.0,
        0.0,
        0.0,
        0.0,
        0.0,
        1.0
      ]
    ],
    "reversion": [
      [
        1.0978685046165109,
        0.009090399893661208,
        0.36873921800388243,
        0.3144998082714363,
        0.3144998082714363,
        0.0
      ],
      [
        0.009090399893661208,
        1.0009423034884808,
        0.0395388932825339,
        0.02992129101209217,
        0.02992129101209217,
        0.0
      ],
      [
        0.36873921800388243,
        0.0395388932825339,
        2.7462563697545113,
        1.2107991702496088,
        1.2107991702496088,
        0.0
      ],
      [
        0.3144998082714363,
        0.02992129101209217,
        1.2107991702496088,
        2.0206509237980397,
        1.0206509237980566,
        0.0
      ],
      [
        0.3144998082714363,
        0.02992129101209217,
        1.2107991702496088,
        1.0206509237980566,
        2.0206509237980397,
        0.0
      ],
      [
        0.0,
        0.0,
        0.0,
        0.0,
        0.0,
        1.0
      ]
    ],
    "vwap": [
      [
        1.0,
        0.0,
        0.0,
        0.0,
        0.0,
        0.0
      ],
      [
        0.0,
        1.0,
        0.0,
        0.0,
        0.0,
        0.0
      ],
      [
        0.0,
        0.0,
        1.0,
        0.0,
        0.0,
        0.0
      ],
      [
        0.0,
        0.0,
        0.0,
        1.0,
        0.0,
        0.0
      ],
      [
        0.0,
        0.0,
        0.0,
        0.0,
        1.0,
        0.0
      ],
      [
        0.0,
        0.0,
        0.0,
        0.0,
        0.0,
        1.0
      ]
    ]
  },
  "b": {
    "trend": [
      [
        0.008761058402496833
      ],
      [
        0.005265017262760668
      ],
      [
        0.09583158584268035
      ],
      [
        0.020539008299501452
      ],
      [
        0.020539008299501452
      ],
      [
        0.0
      ]
    ],
    "breakout": [
      [
        0.0
      ],
      [
        0.0
      ],
      [
        0.0
      ],
      [
        0.0
      ],
      [
        0.0
      ],
      [
        0.0
      ]
    ],
    "reversion": [
      [
        -0.20684978282604644
      ],
      [
        -0.03218320669748718
      ],
      [
        -1.3422500301626274
      ],
      [
        -0.8237652372984469
      ],
      [
        -0.8237652372984469
      ],
      [
        0.0
      ]
    ],
    "vwap": [
      [
        0.0
      ],
      [
        0.0
      ],
      [
        0.0
      ],
      [
        0.0
      ],
      [
        0.0
      ],
      [
        0.0
      ]
    ]
  },
  "counts": {
    "trend": 1,
    "breakout": 0,
    "reversion": 9,
    "vwap": 0
  },
  "reward_sum": {
    "trend": 0.020539008299501452,
    "breakout": 0.0,
    "reversion": -0.8237652372984469,
    "vwap": 0.0
  },
  "disabled_until": {
    "trend": 0.0,
    "breakout": 0.0,
    "reversion": 0.0,
    "vwap": 0.0
  },
  "_snapshot_time": "2025-09-26T05:19:00.319852"
}