{
  "arms": [
    "trend",
    "breakout",
    "reversion",
    "vwap"
  ],
  "d": 6,
  "alpha": 0.6,
  "alpha_base": 0.6,
  "alpha_boost_until": 0.0,
  "A": {
    "trend": [
      [
        1.0324409815948905,
        0.019495627157253725,
        0.35485104307096377,
        0.07605309308651013,
        0.07605309308651013,
        0.0
      ],
      [
        0.019495627157253725,
        1.0117160289106195,
        0.21325013276304666,
        0.04570462033134072,
        0.04570462033134072,
        0.0
      ],
      [
        0.35485104307096377,
        0.21325013276304666,
        4.881487445138875,
        0.8318958947521861,
        0.8318958947521861,
        0.0
      ],
      [
        0.07605309308651013,
        0.04570462033134072,
        0.8318958947521861,
        1.1782952513661393,
        0.17829525136613786,
        0.0
      ],
      [
        0.07605309308651013,
        0.04570462033134072,
        0.8318958947521861,
        0.17829525136613786,
        1.1782952513661393,
        0.0
      ],
      [
        0.0,
        0.0,
        0.0,
        0.0,
        0.0,
        1.0
      ]
    ],
    "breakout": [
      [
        1.0,
        0.0,
        0.0,
        0.0,
        0.0,
        0.0
      ],
      [
        0.0,
        1.0,
        0.0,
        0.0,
        0.0,
        0.0
      ],
      [
        0.0,
        0.0,
        1.0,
        0.0,
        0.0,
        0.0
      ],
      [
        0.0,
        0.0,
        0.0,
        1.0,
        0.0,
        0.0
      ],
      [
        0.0,
        0.0,
        0.0,
        0.0,
        1.0,
        0.0
      ],
      [
        0.0,
        0.0,
        0.0,
        0.0,
        0.0,
        1.0
      ]
    ],
    "reversion": [
      [
        1.3741266673683366,
        0.02437946081787099,
        0.62835989332552,
        1.1754464021167679,
        1.1754464021167679,
        0.0
      ],
      [
        0.02437946081787099,
        1.0019494979372583,
        0.04963329765525084,
        0.08156624664365937,
        0.08156624664365937,
        0.0
      ],
      [
        0.62835989332552,
        0.04963329765525084,
        2.342793335002596,
        2.104518542870017,
        2.104518542870017,
        0.0
      ],
      [
        1.1754464021167679,
        0.08156624664365937,
        2.104518542870017,
        4.778256652799536,
        3.778256652799551,
        0.0
      ],
      [
        1.1754464021167679,
        0.08156624664365937,
        2.104518542870017,
        3.778256652799551,
        4.778256652799536,
        0.0
      ],
      [
        0.0,
        0.0,
        0.0,
        0.0,
        0.0,
        1.0
      ]
    ],
    "vwap": [
      [
        1.0,
        0.0,
        0.0,
        0.0,
        0.0,
        0.0
      ],
      [
        0.0,
        1.0,
        0.0,
        0.0,
        0.0,
        0.0
      ],
      [
        0.0,
        0.0,
        1.0,
        0.0,
        0.0,
        0.0
      ],
      [
        0.0,
        0.0,
        0.0,
        1.0,
        0.0,
        0.0
      ],
      [
        0.0,
        0.0,
        0.0,
        0.0,
        1.0,
        0.0
      ],
      [
        0.0,
        0.0,
        0.0,
        0.0,
        0.0,
        1.0
      ]
    ]
  },
  "b": {
    "trend": [
      [
        0.07753833142319419
      ],
      [
        0.04659718434846072
      ],
      [
        0.8481419621358043
      ],
      [
        0.18177717342651342
      ],
      [
        0.18177717342651342
      ],
      [
        0.0
      ]
    ],
    "breakout": [
      [
        0.0
      ],
      [
        0.0
      ],
      [
        0.0
      ],
      [
        0.0
      ],
      [
        0.0
      ],
      [
        0.0
      ]
    ],
    "reversion": [
      [
        -0.01069419386986064
      ],
      [
        -0.0774237569504911
      ],
      [
        -2.1324791883436833
      ],
      [
        -1.3428983242863346
      ],
      [
        -1.3428983242863346
      ],
      [
        0.0
      ]
    ],
    "vwap": [
      [
        0.0
      ],
      [
        0.0
      ],
      [
        0.0
      ],
      [
        0.0
      ],
      [
        0.0
      ],
      [
        0.0
      ]
    ]
  },
  "counts": {
    "trend": 1,
    "breakout": 0,
    "reversion": 8,
    "vwap": 0
  },
  "reward_sum": {
    "trend": 0.18177717342651342,
    "breakout": 0.0,
    "reversion": -1.3428983242863346,
    "vwap": 0.0
  },
  "disabled_until": {
    "trend": 0.0,
    "breakout": 0.0,
    "reversion": 0.0,
    "vwap": 0.0
  },
  "_snapshot_time": "2025-09-22T11:18:00.009001"
}