{
  "arms": [
    "trend",
    "breakout",
    "reversion",
    "vwap"
  ],
  "d": 6,
  "alpha": 0.6,
  "alpha_base": 0.6,
  "alpha_boost_until": 0.0,
  "A": {
    "trend": [
      [
        1.020765776380348,
        0.012479333671147012,
        0.22714347860255824,
        0.048682297711886396,
        0.048682297711886396,
        0.0
      ],
      [
        0.012479333671147012,
        1.0074995399171875,
        0.13650340872344283,
        0.029255955852421793,
        0.029255955852421793,
        0.0
      ],
      [
        0.22714347860255824,
        0.13650340872344283,
        3.4845764938745933,
        0.5325043593894991,
        0.5325043593894991,
        0.0
      ],
      [
        0.048682297711886396,
        0.029255955852421793,
        0.5325043593894991,
        1.1141284615176499,
        0.11412846151764894,
        0.0
      ],
      [
        0.048682297711886396,
        0.029255955852421793,
        0.5325043593894991,
        0.11412846151764894,
        1.1141284615176499,
        0.0
      ],
      [
        0.0,
        0.0,
        0.0,
        0.0,
        0.0,
        1.0
      ]
    ],
    "breakout": [
      [
        1.0,
        0.0,
        0.0,
        0.0,
        0.0,
        0.0
      ],
      [
        0.0,
        1.0,
        0.0,
        0.0,
        0.0,
        0.0
      ],
      [
        0.0,
        0.0,
        1.0,
        0.0,
        0.0,
        0.0
      ],
      [
        0.0,
        0.0,
        0.0,
        1.0,
        0.0,
        0.0
      ],
      [
        0.0,
        0.0,
        0.0,
        0.0,
        1.0,
        0.0
      ],
      [
        0.0,
        0.0,
        0.0,
        0.0,
        0.0,
        1.0
      ]
    ],
    "reversion": [
      [
        1.2394819863810622,
        0.015605521372297511,
        0.40221905718267237,
        0.7524142591692199,
        0.7524142591692199,
        0.0
      ],
      [
        0.015605521372297511,
        1.00124789190181,
        0.03177073902999717,
        0.052211318977269945,
        0.052211318977269945,
        0.0
      ],
      [
        0.40221905718267237,
        0.03177073902999717,
        1.8595345994116816,
        1.3471220444334047,
        1.3471220444334047,
        0.0
      ],
      [
        0.7524142591692199,
        0.052211318977269945,
        1.3471220444334047,
        3.418497496140985,
        2.4184974961410006,
        0.0
      ],
      [
        0.7524142591692199,
        0.052211318977269945,
        1.3471220444334047,
        2.4184974961410006,
        3.418497496140985,
        0.0
      ],
      [
        0.0,
        0.0,
        0.0,
        0.0,
        0.0,
        1.0
      ]
    ],
    "vwap": [
      [
        1.0,
        0.0,
        0.0,
        0.0,
        0.0,
        0.0
      ],
      [
        0.0,
        1.0,
        0.0,
        0.0,
        0.0,
        0.0
      ],
      [
        0.0,
        0.0,
        1.0,
        0.0,
        0.0,
        0.0
      ],
      [
        0.0,
        0.0,
        0.0,
        1.0,
        0.0,
        0.0
      ],
      [
        0.0,
        0.0,
        0.0,
        0.0,
        1.0,
        0.0
      ],
      [
        0.0,
        0.0,
        0.0,
        0.0,
        0.0,
        1.0
      ]
    ]
  },
  "b": {
    "trend": [
      [
        0.04963301269197689
      ],
      [
        0.029827294445566543
      ],
      [
        0.5429036193922059
      ],
      [
        0.11635727246370701
      ],
      [
        0.11635727246370701
      ],
      [
        0.0
      ]
    ],
    "breakout": [
      [
        0.0
      ],
      [
        0.0
      ],
      [
        0.0
      ],
      [
        0.0
      ],
      [
        0.0
      ],
      [
        0.0
      ]
    ],
    "reversion": [
      [
        -0.006845453730185377
      ],
      [
        -0.04955967249812088
      ],
      [
        -1.3650199156694516
      ],
      [
        -0.8596018040362465
      ],
      [
        -0.8596018040362465
      ],
      [
        0.0
      ]
    ],
    "vwap": [
      [
        0.0
      ],
      [
        0.0
      ],
      [
        0.0
      ],
      [
        0.0
      ],
      [
        0.0
      ],
      [
        0.0
      ]
    ]
  },
  "counts": {
    "trend": 1,
    "breakout": 0,
    "reversion": 8,
    "vwap": 0
  },
  "reward_sum": {
    "trend": 0.11635727246370701,
    "breakout": 0.0,
    "reversion": -0.8596018040362465,
    "vwap": 0.0
  },
  "disabled_until": {
    "trend": 0.0,
    "breakout": 0.0,
    "reversion": 0.0,
    "vwap": 0.0
  },
  "_snapshot_time": "2025-09-23T06:04:00.835804"
}