{
  "arms": [
    "trend",
    "breakout",
    "reversion",
    "vwap"
  ],
  "d": 6,
  "alpha": 0.6,
  "alpha_base": 0.6,
  "alpha_boost_until": 0.0,
  "A": {
    "trend": [
      [
        1.1402020645227244,
        0.08425537829726802,
        1.5335802553035585,
        0.32868304656190905,
        0.32868304656190905,
        0.0
      ],
      [
        0.08425537829726802,
        1.0506338390677925,
        0.9216154198562398,
        0.19752429839207966,
        0.19752429839207966,
        0.0
      ],
      [
        1.5335802553035585,
        0.9216154198562398,
        17.77484855492784,
        3.5952525533506985,
        3.5952525533506985,
        0.0
      ],
      [
        0.32868304656190905,
        0.19752429839207966,
        3.5952525533506985,
        1.7705488893118817,
        0.7705488893118823,
        0.0
      ],
      [
        0.32868304656190905,
        0.19752429839207966,
        3.5952525533506985,
        0.7705488893118823,
        1.7705488893118817,
        0.0
      ],
      [
        0.0,
        0.0,
        0.0,
        0.0,
        0.0,
        1.0
      ]
    ],
    "breakout": [
      [
        1.0,
        0.0,
        0.0,
        0.0,
        0.0,
        0.0
      ],
      [
        0.0,
        1.0,
        0.0,
        0.0,
        0.0,
        0.0
      ],
      [
        0.0,
        0.0,
        1.0,
        0.0,
        0.0,
        0.0
      ],
      [
        0.0,
        0.0,
        0.0,
        1.0,
        0.0,
        0.0
      ],
      [
        0.0,
        0.0,
        0.0,
        0.0,
        1.0,
        0.0
      ],
      [
        0.0,
        0.0,
        0.0,
        0.0,
        0.0,
        1.0
      ]
    ],
    "reversion": [
      [
        1.1140343231374863,
        0.011560794202870013,
        0.32586641293948426,
        0.3919953136623599,
        0.3919953136623599,
        0.0
      ],
      [
        0.011560794202870013,
        1.0012547287922853,
        0.03369904119526113,
        0.039342429272023326,
        0.039342429272023326,
        0.0
      ],
      [
        0.32586641293948426,
        0.03369904119526113,
        1.9365123685517291,
        1.1169826090658772,
        1.1169826090658772,
        0.0
      ],
      [
        0.3919953136623599,
        0.039342429272023326,
        1.1169826090658772,
        2.3494077440860255,
        1.3494077440860337,
        0.0
      ],
      [
        0.3919953136623599,
        0.039342429272023326,
        1.1169826090658772,
        1.3494077440860337,
        2.3494077440860255,
        0.0
      ],
      [
        0.0,
        0.0,
        0.0,
        0.0,
        0.0,
        1.0
      ]
    ],
    "vwap": [
      [
        1.0,
        0.0,
        0.0,
        0.0,
        0.0,
        0.0
      ],
      [
        0.0,
        1.0,
        0.0,
        0.0,
        0.0,
        0.0
      ],
      [
        0.0,
        0.0,
        1.0,
        0.0,
        0.0,
        0.0
      ],
      [
        0.0,
        0.0,
        0.0,
        1.0,
        0.0,
        0.0
      ],
      [
        0.0,
        0.0,
        0.0,
        0.0,
        1.0,
        0.0
      ],
      [
        0.0,
        0.0,
        0.0,
        0.0,
        0.0,
        1.0
      ]
    ]
  },
  "b": {
    "trend": [
      [
        0.3351018868951558
      ],
      [
        0.20138174387512967
      ],
      [
        3.665464121422277
      ],
      [
        0.7855969130575239
      ],
      [
        0.7855969130575239
      ],
      [
        0.0
      ]
    ],
    "breakout": [
      [
        0.0
      ],
      [
        0.0
      ],
      [
        0.0
      ],
      [
        0.0
      ],
      [
        0.0
      ],
      [
        0.0
      ]
    ],
    "reversion": [
      [
        0.15628078627885744
      ],
      [
        0.017004112066393202
      ],
      [
        0.4558897688623757
      ],
      [
        0.5316332237730641
      ],
      [
        0.5316332237730641
      ],
      [
        0.0
      ]
    ],
    "vwap": [
      [
        0.0
      ],
      [
        0.0
      ],
      [
        0.0
      ],
      [
        0.0
      ],
      [
        0.0
      ],
      [
        0.0
      ]
    ]
  },
  "counts": {
    "trend": 1,
    "breakout": 0,
    "reversion": 2,
    "vwap": 0
  },
  "reward_sum": {
    "trend": 0.7855969130575239,
    "breakout": 0.0,
    "reversion": 0.5316332237730641,
    "vwap": 0.0
  },
  "disabled_until": {
    "trend": 0.0,
    "breakout": 0.0,
    "reversion": 0.0,
    "vwap": 0.0
  },
  "_snapshot_time": "2025-09-18T01:48:00.915611"
}