{
  "arms": [
    "trend",
    "breakout",
    "reversion",
    "vwap"
  ],
  "d": 6,
  "alpha": 0.6,
  "alpha_base": 0.6,
  "alpha_boost_until": 0.0,
  "A": {
    "trend": [
      [
        1.0832443576341988,
        0.05002625936685507,
        0.9105565147547529,
        0.19515410967334443,
        0.19515410967334443,
        0.0
      ],
      [
        0.05002625936685507,
        1.0300636186927798,
        0.5472050919711583,
        0.11727918125006691,
        0.11727918125006691,
        0.0
      ],
      [
        0.9105565147547529,
        0.5472050919711583,
        10.959992366157918,
        2.1346653514355154,
        2.1346653514355154,
        0.0
      ],
      [
        0.19515410967334443,
        0.11727918125006691,
        2.1346653514355154,
        1.457510005540004,
        0.457510005540005,
        0.0
      ],
      [
        0.19515410967334443,
        0.11727918125006691,
        2.1346653514355154,
        0.457510005540005,
        1.457510005540004,
        0.0
      ],
      [
        0.0,
        0.0,
        0.0,
        0.0,
        0.0,
        1.0
      ]
    ],
    "breakout": [
      [
        1.0,
        0.0,
        0.0,
        0.0,
        0.0,
        0.0
      ],
      [
        0.0,
        1.0,
        0.0,
        0.0,
        0.0,
        0.0
      ],
      [
        0.0,
        0.0,
        1.0,
        0.0,
        0.0,
        0.0
      ],
      [
        0.0,
        0.0,
        0.0,
        1.0,
        0.0,
        0.0
      ],
      [
        0.0,
        0.0,
        0.0,
        0.0,
        1.0,
        0.0
      ],
      [
        0.0,
        0.0,
        0.0,
        0.0,
        0.0,
        1.0
      ]
    ],
    "reversion": [
      [
        1.067707376565,
        0.006864170584328893,
        0.19348174587907496,
        0.23274548910904105,
        0.23274548910904105,
        0.0
      ],
      [
        0.006864170584328893,
        1.0007449896880942,
        0.020008657124540266,
        0.023359393912402708,
        0.023359393912402708,
        0.0
      ],
      [
        0.19348174587907496,
        0.020008657124540266,
        1.5560500895757734,
        0.6632034991552331,
        0.6632034991552331,
        0.0
      ],
      [
        0.23274548910904105,
        0.023359393912402708,
        0.6632034991552331,
        1.801204898269133,
        0.8012048982691427,
        0.0
      ],
      [
        0.23274548910904105,
        0.023359393912402708,
        0.6632034991552331,
        0.8012048982691427,
        1.801204898269133,
        0.0
      ],
      [
        0.0,
        0.0,
        0.0,
        0.0,
        0.0,
        1.0
      ]
    ],
    "vwap": [
      [
        1.0,
        0.0,
        0.0,
        0.0,
        0.0,
        0.0
      ],
      [
        0.0,
        1.0,
        0.0,
        0.0,
        0.0,
        0.0
      ],
      [
        0.0,
        0.0,
        1.0,
        0.0,
        0.0,
        0.0
      ],
      [
        0.0,
        0.0,
        0.0,
        1.0,
        0.0,
        0.0
      ],
      [
        0.0,
        0.0,
        0.0,
        0.0,
        1.0,
        0.0
      ],
      [
        0.0,
        0.0,
        0.0,
        0.0,
        0.0,
        1.0
      ]
    ]
  },
  "b": {
    "trend": [
      [
        0.19896526781938573
      ],
      [
        0.11956952249745555
      ],
      [
        2.176353160402558
      ],
      [
        0.4664447032895315
      ],
      [
        0.4664447032895315
      ],
      [
        0.0
      ]
    ],
    "breakout": [
      [
        0.0
      ],
      [
        0.0
      ],
      [
        0.0
      ],
      [
        0.0
      ],
      [
        0.0
      ],
      [
        0.0
      ]
    ],
    "reversion": [
      [
        0.09279102778291931
      ],
      [
        0.010096116565226309
      ],
      [
        0.27068254016188203
      ],
      [
        0.3156548825485599
      ],
      [
        0.3156548825485599
      ],
      [
        0.0
      ]
    ],
    "vwap": [
      [
        0.0
      ],
      [
        0.0
      ],
      [
        0.0
      ],
      [
        0.0
      ],
      [
        0.0
      ],
      [
        0.0
      ]
    ]
  },
  "counts": {
    "trend": 1,
    "breakout": 0,
    "reversion": 2,
    "vwap": 0
  },
  "reward_sum": {
    "trend": 0.4664447032895315,
    "breakout": 0.0,
    "reversion": 0.3156548825485599,
    "vwap": 0.0
  },
  "disabled_until": {
    "trend": 0.0,
    "breakout": 0.0,
    "reversion": 0.0,
    "vwap": 0.0
  },
  "_snapshot_time": "2025-09-18T20:51:00.318157"
}