{
  "arms": [
    "trend",
    "breakout",
    "reversion",
    "vwap"
  ],
  "d": 6,
  "alpha": 0.6,
  "alpha_base": 0.6,
  "alpha_boost_until": 0.0,
  "A": {
    "trend": [
      [
        1.004281723394699,
        0.002573130614107874,
        0.04683501972052644,
        0.010037868519950812,
        0.010037868519950812,
        0.0
      ],
      [
        0.002573130614107874,
        1.0015463402342735,
        0.028145821657807015,
        0.006032324932773098,
        0.006032324932773098,
        0.0
      ],
      [
        0.04683501972052644,
        0.028145821657807015,
        1.5122981729595684,
        0.10979779092364654,
        0.10979779092364654,
        0.0
      ],
      [
        0.010037868519950812,
        0.006032324932773098,
        0.10979779092364654,
        1.0235323011637267,
        0.023532301163728918,
        0.0
      ],
      [
        0.010037868519950812,
        0.006032324932773098,
        0.10979779092364654,
        0.023532301163728918,
        1.0235323011637267,
        0.0
      ],
      [
        0.0,
        0.0,
        0.0,
        0.0,
        0.0,
        1.0
      ]
    ],
    "breakout": [
      [
        1.0,
        0.0,
        0.0,
        0.0,
        0.0,
        0.0
      ],
      [
        0.0,
        1.0,
        0.0,
        0.0,
        0.0,
        0.0
      ],
      [
        0.0,
        0.0,
        1.0,
        0.0,
        0.0,
        0.0
      ],
      [
        0.0,
        0.0,
        0.0,
        1.0,
        0.0,
        0.0
      ],
      [
        0.0,
        0.0,
        0.0,
        0.0,
        1.0,
        0.0
      ],
      [
        0.0,
        0.0,
        0.0,
        0.0,
        0.0,
        1.0
      ]
    ],
    "reversion": [
      [
        1.1143213776724052,
        0.010618605479960637,
        0.4307287167534539,
        0.36737100970512104,
        0.36737100970512104,
        0.0
      ],
      [
        0.010618605479960637,
        1.0011007160414964,
        0.04618585692520036,
        0.03495142000629131,
        0.03495142000629131,
        0.0
      ],
      [
        0.4307287167534539,
        0.04618585692520036,
        3.0398230742545738,
        1.4143490775702343,
        1.4143490775702343,
        0.0
      ],
      [
        0.36737100970512104,
        0.03495142000629131,
        1.4143490775702343,
        2.192234623267357,
        1.192234623267372,
        0.0
      ],
      [
        0.36737100970512104,
        0.03495142000629131,
        1.4143490775702343,
        1.192234623267372,
        2.192234623267357,
        0.0
      ],
      [
        0.0,
        0.0,
        0.0,
        0.0,
        0.0,
        1.0
      ]
    ],
    "vwap": [
      [
        1.0,
        0.0,
        0.0,
        0.0,
        0.0,
        0.0
      ],
      [
        0.0,
        1.0,
        0.0,
        0.0,
        0.0,
        0.0
      ],
      [
        0.0,
        0.0,
        1.0,
        0.0,
        0.0,
        0.0
      ],
      [
        0.0,
        0.0,
        0.0,
        1.0,
        0.0,
        0.0
      ],
      [
        0.0,
        0.0,
        0.0,
        0.0,
        1.0,
        0.0
      ],
      [
        0.0,
        0.0,
        0.0,
        0.0,
        0.0,
        1.0
      ]
    ]
  },
  "b": {
    "trend": [
      [
        0.010233897721911947
      ],
      [
        0.006150130006648242
      ],
      [
        0.11194202834706762
      ],
      [
        0.02399186269397482
      ],
      [
        0.02399186269397482
      ],
      [
        0.0
      ]
    ],
    "breakout": [
      [
        0.0
      ],
      [
        0.0
      ],
      [
        0.0
      ],
      [
        0.0
      ],
      [
        0.0
      ],
      [
        0.0
      ]
    ],
    "reversion": [
      [
        -0.2416237198736357
      ],
      [
        -0.03759359093090517
      ],
      [
        -1.5678984084848442
      ],
      [
        -0.9622500841880305
      ],
      [
        -0.9622500841880305
      ],
      [
        0.0
      ]
    ],
    "vwap": [
      [
        0.0
      ],
      [
        0.0
      ],
      [
        0.0
      ],
      [
        0.0
      ],
      [
        0.0
      ],
      [
        0.0
      ]
    ]
  },
  "counts": {
    "trend": 1,
    "breakout": 0,
    "reversion": 9,
    "vwap": 0
  },
  "reward_sum": {
    "trend": 0.02399186269397482,
    "breakout": 0.0,
    "reversion": -0.9622500841880305,
    "vwap": 0.0
  },
  "disabled_until": {
    "trend": 0.0,
    "breakout": 0.0,
    "reversion": 0.0,
    "vwap": 0.0
  },
  "_snapshot_time": "2025-09-26T00:08:00.018953"
}