{
  "arms": [
    "trend",
    "breakout",
    "reversion",
    "vwap"
  ],
  "d": 6,
  "alpha": 0.6,
  "alpha_base": 0.6,
  "alpha_boost_until": 0.0,
  "A": {
    "trend": [
      [
        1.1118904556357307,
        0.06724132557915442,
        1.2238977657284227,
        0.262310658296983,
        0.262310658296983,
        0.0
      ],
      [
        0.06724132557915442,
        1.040409129089276,
        0.7355096346096635,
        0.15763736305491785,
        0.15763736305491785,
        0.0
      ],
      [
        1.2238977657284227,
        0.7355096346096635,
        14.387430879999803,
        2.869247665427423,
        2.869247665427423,
        0.0
      ],
      [
        0.262310658296983,
        0.15763736305491785,
        2.869247665427423,
        1.6149486215357256,
        0.6149486215357263,
        0.0
      ],
      [
        0.262310658296983,
        0.15763736305491785,
        2.869247665427423,
        0.6149486215357263,
        1.6149486215357256,
        0.0
      ],
      [
        0.0,
        0.0,
        0.0,
        0.0,
        0.0,
        1.0
      ]
    ],
    "breakout": [
      [
        1.0,
        0.0,
        0.0,
        0.0,
        0.0,
        0.0
      ],
      [
        0.0,
        1.0,
        0.0,
        0.0,
        0.0,
        0.0
      ],
      [
        0.0,
        0.0,
        1.0,
        0.0,
        0.0,
        0.0
      ],
      [
        0.0,
        0.0,
        0.0,
        1.0,
        0.0,
        0.0
      ],
      [
        0.0,
        0.0,
        0.0,
        0.0,
        1.0,
        0.0
      ],
      [
        0.0,
        0.0,
        0.0,
        0.0,
        0.0,
        1.0
      ]
    ],
    "reversion": [
      [
        1.0910068793737158,
        0.009226273060054496,
        0.2600627996763209,
        0.31283800564608216,
        0.31283800564608216,
        0.0
      ],
      [
        0.009226273060054496,
        1.001001355983922,
        0.026894048148726507,
        0.0313978424786297,
        0.0313978424786297,
        0.0
      ],
      [
        0.2600627996763209,
        0.026894048148726507,
        1.7473983780657196,
        0.8914254828630617,
        0.8914254828630617,
        0.0
      ],
      [
        0.31283800564608216,
        0.0313978424786297,
        0.8914254828630617,
        2.07691600575322,
        1.076916005753231,
        0.0
      ],
      [
        0.31283800564608216,
        0.0313978424786297,
        0.8914254828630617,
        1.076916005753231,
        2.07691600575322,
        0.0
      ],
      [
        0.0,
        0.0,
        0.0,
        0.0,
        0.0,
        1.0
      ]
    ],
    "vwap": [
      [
        1.0,
        0.0,
        0.0,
        0.0,
        0.0,
        0.0
      ],
      [
        0.0,
        1.0,
        0.0,
        0.0,
        0.0,
        0.0
      ],
      [
        0.0,
        0.0,
        1.0,
        0.0,
        0.0,
        0.0
      ],
      [
        0.0,
        0.0,
        0.0,
        1.0,
        0.0,
        0.0
      ],
      [
        0.0,
        0.0,
        0.0,
        0.0,
        1.0,
        0.0
      ],
      [
        0.0,
        0.0,
        0.0,
        0.0,
        0.0,
        1.0
      ]
    ]
  },
  "b": {
    "trend": [
      [
        0.26743331445746754
      ],
      [
        0.16071585789846918
      ],
      [
        2.925281108081578
      ],
      [
        0.6269579328040654
      ],
      [
        0.6269579328040654
      ],
      [
        0.0
      ]
    ],
    "breakout": [
      [
        0.0
      ],
      [
        0.0
      ],
      [
        0.0
      ],
      [
        0.0
      ],
      [
        0.0
      ],
      [
        0.0
      ]
    ],
    "reversion": [
      [
        0.12472233161029736
      ],
      [
        0.013570398219645155
      ],
      [
        0.3638299773353988
      ],
      [
        0.4242782290086664
      ],
      [
        0.4242782290086664
      ],
      [
        0.0
      ]
    ],
    "vwap": [
      [
        0.0
      ],
      [
        0.0
      ],
      [
        0.0
      ],
      [
        0.0
      ],
      [
        0.0
      ],
      [
        0.0
      ]
    ]
  },
  "counts": {
    "trend": 1,
    "breakout": 0,
    "reversion": 2,
    "vwap": 0
  },
  "reward_sum": {
    "trend": 0.6269579328040654,
    "breakout": 0.0,
    "reversion": 0.4242782290086664,
    "vwap": 0.0
  },
  "disabled_until": {
    "trend": 0.0,
    "breakout": 0.0,
    "reversion": 0.0,
    "vwap": 0.0
  },
  "_snapshot_time": "2025-09-18T09:26:00.935428"
}