{
  "arms": [
    "trend",
    "breakout",
    "reversion",
    "vwap"
  ],
  "d": 6,
  "alpha": 0.6,
  "alpha_base": 0.6,
  "alpha_boost_until": 0.0,
  "A": {
    "trend": [
      [
        1.0171642661960019,
        0.010314981783344213,
        0.1877488739168775,
        0.04023908866468295,
        0.04023908866468295,
        0.0
      ],
      [
        0.010314981783344213,
        1.0061988580214107,
        0.11282895477041012,
        0.024181952308060722,
        0.024181952308060722,
        0.0
      ],
      [
        0.1877488739168775,
        0.11282895477041012,
        3.053664237930905,
        0.4401495233157917,
        0.4401495233157917,
        0.0
      ],
      [
        0.04023908866468295,
        0.024181952308060722,
        0.4401495233157917,
        1.0943346041173245,
        0.0943346041173244,
        0.0
      ],
      [
        0.04023908866468295,
        0.024181952308060722,
        0.4401495233157917,
        0.0943346041173244,
        1.0943346041173245,
        0.0
      ],
      [
        0.0,
        0.0,
        0.0,
        0.0,
        0.0,
        1.0
      ]
    ],
    "breakout": [
      [
        1.0,
        0.0,
        0.0,
        0.0,
        0.0,
        0.0
      ],
      [
        0.0,
        1.0,
        0.0,
        0.0,
        0.0,
        0.0
      ],
      [
        0.0,
        0.0,
        1.0,
        0.0,
        0.0,
        0.0
      ],
      [
        0.0,
        0.0,
        0.0,
        1.0,
        0.0,
        0.0
      ],
      [
        0.0,
        0.0,
        0.0,
        0.0,
        1.0,
        0.0
      ],
      [
        0.0,
        0.0,
        0.0,
        0.0,
        0.0,
        1.0
      ]
    ],
    "reversion": [
      [
        1.1979474539310635,
        0.012898979458094924,
        0.3324602384296864,
        0.6219193733719265,
        0.6219193733719265,
        0.0
      ],
      [
        0.012898979458094924,
        1.001031463904561,
        0.026260584336766337,
        0.04315605450794982,
        0.04315605450794982,
        0.0
      ],
      [
        0.3324602384296864,
        0.026260584336766337,
        1.710461308970726,
        1.1134840781122262,
        1.1134840781122262,
        0.0
      ],
      [
        0.6219193733719265,
        0.04315605450794982,
        1.1134840781122262,
        2.9990456440343642,
        1.9990456440343805,
        0.0
      ],
      [
        0.6219193733719265,
        0.04315605450794982,
        1.1134840781122262,
        1.9990456440343805,
        2.9990456440343642,
        0.0
      ],
      [
        0.0,
        0.0,
        0.0,
        0.0,
        0.0,
        1.0
      ]
    ],
    "vwap": [
      [
        1.0,
        0.0,
        0.0,
        0.0,
        0.0,
        0.0
      ],
      [
        0.0,
        1.0,
        0.0,
        0.0,
        0.0,
        0.0
      ],
      [
        0.0,
        0.0,
        1.0,
        0.0,
        0.0,
        0.0
      ],
      [
        0.0,
        0.0,
        0.0,
        1.0,
        0.0,
        0.0
      ],
      [
        0.0,
        0.0,
        0.0,
        0.0,
        1.0,
        0.0
      ],
      [
        0.0,
        0.0,
        0.0,
        0.0,
        0.0,
        1.0
      ]
    ]
  },
  "b": {
    "trend": [
      [
        0.04102491649485462
      ],
      [
        0.024654200853993526
      ],
      [
        0.4487451887827862
      ],
      [
        0.09617686147760818
      ],
      [
        0.09617686147760818
      ],
      [
        0.0
      ]
    ],
    "breakout": [
      [
        0.0
      ],
      [
        0.0
      ],
      [
        0.0
      ],
      [
        0.0
      ],
      [
        0.0
      ],
      [
        0.0
      ]
    ],
    "reversion": [
      [
        -0.005658213201626642
      ],
      [
        -0.04096429604960113
      ],
      [
        -1.1282778339829664
      ],
      [
        -0.7105168579684858
      ],
      [
        -0.7105168579684858
      ],
      [
        0.0
      ]
    ],
    "vwap": [
      [
        0.0
      ],
      [
        0.0
      ],
      [
        0.0
      ],
      [
        0.0
      ],
      [
        0.0
      ],
      [
        0.0
      ]
    ]
  },
  "counts": {
    "trend": 1,
    "breakout": 0,
    "reversion": 8,
    "vwap": 0
  },
  "reward_sum": {
    "trend": 0.09617686147760818,
    "breakout": 0.0,
    "reversion": -0.7105168579684858,
    "vwap": 0.0
  },
  "disabled_until": {
    "trend": 0.0,
    "breakout": 0.0,
    "reversion": 0.0,
    "vwap": 0.0
  },
  "_snapshot_time": "2025-09-23T12:19:00.262761"
}