{
  "arms": [
    "trend",
    "breakout",
    "reversion",
    "vwap"
  ],
  "d": 6,
  "alpha": 0.6,
  "alpha_base": 0.6,
  "alpha_boost_until": 0.0,
  "A": {
    "trend": [
      [
        1.011904471940721,
        0.007154072874811333,
        0.13021536580257917,
        0.027908277374563185,
        0.027908277374563185,
        0.0
      ],
      [
        0.007154072874811333,
        1.0042992884483226,
        0.07825380420154343,
        0.01677166791961027,
        0.01677166791961027,
        0.0
      ],
      [
        0.13021536580257917,
        0.07825380420154343,
        2.4243421779256105,
        0.3052707054412027,
        0.3052707054412027,
        0.0
      ],
      [
        0.027908277374563185,
        0.01677166791961027,
        0.3052707054412027,
        1.065426837065437,
        0.06542683706543727,
        0.0
      ],
      [
        0.027908277374563185,
        0.01677166791961027,
        0.3052707054412027,
        0.06542683706543727,
        1.065426837065437,
        0.0
      ],
      [
        0.0,
        0.0,
        0.0,
        0.0,
        0.0,
        1.0
      ]
    ],
    "breakout": [
      [
        1.0,
        0.0,
        0.0,
        0.0,
        0.0,
        0.0
      ],
      [
        0.0,
        1.0,
        0.0,
        0.0,
        0.0,
        0.0
      ],
      [
        0.0,
        0.0,
        1.0,
        0.0,
        0.0,
        0.0
      ],
      [
        0.0,
        0.0,
        0.0,
        1.0,
        0.0,
        0.0
      ],
      [
        0.0,
        0.0,
        0.0,
        0.0,
        1.0,
        0.0
      ],
      [
        0.0,
        0.0,
        0.0,
        0.0,
        0.0,
        1.0
      ]
    ],
    "reversion": [
      [
        1.1372887069071576,
        0.008946233836584385,
        0.23058157771481916,
        0.43133925127662937,
        0.43133925127662937,
        0.0
      ],
      [
        0.008946233836584385,
        1.0007153835165163,
        0.018213326792657324,
        0.029931372194736586,
        0.029931372194736586,
        0.0
      ],
      [
        0.23058157771481916,
        0.018213326792657324,
        1.4927485172409645,
        0.7722695402739093,
        0.7722695402739093,
        0.0
      ],
      [
        0.43133925127662937,
        0.029931372194736586,
        0.7722695402739093,
        2.386460831233704,
        1.3864608312337214,
        0.0
      ],
      [
        0.43133925127662937,
        0.029931372194736586,
        0.7722695402739093,
        1.3864608312337214,
        2.386460831233704,
        0.0
      ],
      [
        0.0,
        0.0,
        0.0,
        0.0,
        0.0,
        1.0
      ]
    ],
    "vwap": [
      [
        1.0,
        0.0,
        0.0,
        0.0,
        0.0,
        0.0
      ],
      [
        0.0,
        1.0,
        0.0,
        0.0,
        0.0,
        0.0
      ],
      [
        0.0,
        0.0,
        1.0,
        0.0,
        0.0,
        0.0
      ],
      [
        0.0,
        0.0,
        0.0,
        1.0,
        0.0,
        0.0
      ],
      [
        0.0,
        0.0,
        0.0,
        0.0,
        1.0,
        0.0
      ],
      [
        0.0,
        0.0,
        0.0,
        0.0,
        0.0,
        1.0
      ]
    ]
  },
  "b": {
    "trend": [
      [
        0.028453297199336963
      ],
      [
        0.017099201267083787
      ],
      [
        0.3112323269399119
      ],
      [
        0.06670455560013307
      ],
      [
        0.06670455560013307
      ],
      [
        0.0
      ]
    ],
    "breakout": [
      [
        0.0
      ],
      [
        0.0
      ],
      [
        0.0
      ],
      [
        0.0
      ],
      [
        0.0
      ],
      [
        0.0
      ]
    ],
    "reversion": [
      [
        -0.003924318087601394
      ],
      [
        -0.028411253200408392
      ],
      [
        -0.7825299178309826
      ],
      [
        -0.49278704387983274
      ],
      [
        -0.49278704387983274
      ],
      [
        0.0
      ]
    ],
    "vwap": [
      [
        0.0
      ],
      [
        0.0
      ],
      [
        0.0
      ],
      [
        0.0
      ],
      [
        0.0
      ],
      [
        0.0
      ]
    ]
  },
  "counts": {
    "trend": 1,
    "breakout": 0,
    "reversion": 8,
    "vwap": 0
  },
  "reward_sum": {
    "trend": 0.06670455560013307,
    "breakout": 0.0,
    "reversion": -0.49278704387983274,
    "vwap": 0.0
  },
  "disabled_until": {
    "trend": 0.0,
    "breakout": 0.0,
    "reversion": 0.0,
    "vwap": 0.0
  },
  "_snapshot_time": "2025-09-24T04:12:00.528777"
}