{
  "arms": [
    "trend",
    "breakout",
    "reversion",
    "vwap"
  ],
  "d": 6,
  "alpha": 0.6,
  "alpha_base": 0.6,
  "alpha_boost_until": 0.0,
  "A": {
    "trend": [
      [
        1.009127112743609,
        0.0054850000932034244,
        0.09983561896306527,
        0.021397168672909715,
        0.021397168672909715,
        0.0
      ],
      [
        0.0054850000932034244,
        1.0032962478789933,
        0.05999689000236913,
        0.012858773136926606,
        0.012858773136926606,
        0.0
      ],
      [
        0.09983561896306527,
        0.05999689000236913,
        2.092037656784638,
        0.23404987300208768,
        0.23404987300208768,
        0.0
      ],
      [
        0.021397168672909715,
        0.012858773136926606,
        0.23404987300208768,
        1.0501625037488025,
        0.050162503748802344,
        0.0
      ],
      [
        0.021397168672909715,
        0.012858773136926606,
        0.23404987300208768,
        0.050162503748802344,
        1.0501625037488025,
        0.0
      ],
      [
        0.0,
        0.0,
        0.0,
        0.0,
        0.0,
        1.0
      ]
    ],
    "breakout": [
      [
        1.0,
        0.0,
        0.0,
        0.0,
        0.0,
        0.0
      ],
      [
        0.0,
        1.0,
        0.0,
        0.0,
        0.0,
        0.0
      ],
      [
        0.0,
        0.0,
        1.0,
        0.0,
        0.0,
        0.0
      ],
      [
        0.0,
        0.0,
        0.0,
        1.0,
        0.0,
        0.0
      ],
      [
        0.0,
        0.0,
        0.0,
        0.0,
        1.0,
        0.0
      ],
      [
        0.0,
        0.0,
        0.0,
        0.0,
        0.0,
        1.0
      ]
    ],
    "reversion": [
      [
        1.1052587223192631,
        0.006859042993572956,
        0.17678600671091566,
        0.33070614108288643,
        0.33070614108288643,
        0.0
      ],
      [
        0.006859042993572956,
        1.0005484817842132,
        0.01396408743710266,
        0.022948267672233666,
        0.022948267672233666,
        0.0
      ],
      [
        0.17678600671091566,
        0.01396408743710266,
        1.3777883885567515,
        0.5920960793249213,
        0.5920960793249213,
        0.0
      ],
      [
        0.33070614108288643,
        0.022948267672233666,
        0.5920960793249213,
        2.0629941743136464,
        1.0629941743136653,
        0.0
      ],
      [
        0.33070614108288643,
        0.022948267672233666,
        0.5920960793249213,
        1.0629941743136653,
        2.0629941743136464,
        0.0
      ],
      [
        0.0,
        0.0,
        0.0,
        0.0,
        0.0,
        1.0
      ]
    ],
    "vwap": [
      [
        1.0,
        0.0,
        0.0,
        0.0,
        0.0,
        0.0
      ],
      [
        0.0,
        1.0,
        0.0,
        0.0,
        0.0,
        0.0
      ],
      [
        0.0,
        0.0,
        1.0,
        0.0,
        0.0,
        0.0
      ],
      [
        0.0,
        0.0,
        0.0,
        1.0,
        0.0,
        0.0
      ],
      [
        0.0,
        0.0,
        0.0,
        0.0,
        1.0,
        0.0
      ],
      [
        0.0,
        0.0,
        0.0,
        0.0,
        0.0,
        1.0
      ]
    ]
  },
  "b": {
    "trend": [
      [
        0.021815033271438935
      ],
      [
        0.013109891691749384
      ],
      [
        0.23862062522229407
      ],
      [
        0.0511421256235766
      ],
      [
        0.0511421256235766
      ],
      [
        0.0
      ]
    ],
    "breakout": [
      [
        0.0
      ],
      [
        0.0
      ],
      [
        0.0
      ],
      [
        0.0
      ],
      [
        0.0
      ],
      [
        0.0
      ]
    ],
    "reversion": [
      [
        -0.0030087595489892444
      ],
      [
        -0.021782798299545672
      ],
      [
        -0.5999626712427922
      ],
      [
        -0.3778179267822467
      ],
      [
        -0.3778179267822467
      ],
      [
        0.0
      ]
    ],
    "vwap": [
      [
        0.0
      ],
      [
        0.0
      ],
      [
        0.0
      ],
      [
        0.0
      ],
      [
        0.0
      ],
      [
        0.0
      ]
    ]
  },
  "counts": {
    "trend": 1,
    "breakout": 0,
    "reversion": 8,
    "vwap": 0
  },
  "reward_sum": {
    "trend": 0.0511421256235766,
    "breakout": 0.0,
    "reversion": -0.3778179267822467,
    "vwap": 0.0
  },
  "disabled_until": {
    "trend": 0.0,
    "breakout": 0.0,
    "reversion": 0.0,
    "vwap": 0.0
  },
  "_snapshot_time": "2025-09-24T13:07:00.749377"
}