{
  "arms": [
    "trend",
    "breakout",
    "reversion",
    "vwap"
  ],
  "d": 6,
  "alpha": 0.6,
  "alpha_base": 0.6,
  "alpha_boost_until": 0.0,
  "A": {
    "trend": [
      [
        1.086650317904235,
        0.0520730942119358,
        0.9478121246365128,
        0.20313888080945627,
        0.20313888080945627,
        0.0
      ],
      [
        0.0520730942119358,
        1.031293677927438,
        0.5695941025393612,
        0.1220776834331868,
        0.1220776834331868,
        0.0
      ],
      [
        0.9478121246365128,
        0.5695941025393612,
        11.367507532988416,
        2.2220056299053383,
        2.2220056299053383,
        0.0
      ],
      [
        0.20313888080945627,
        0.1220776834331868,
        2.2220056299053383,
        1.47622912292284,
        0.47622912292284103,
        0.0
      ],
      [
        0.20313888080945627,
        0.1220776834331868,
        2.2220056299053383,
        0.47622912292284103,
        1.47622912292284,
        0.0
      ],
      [
        0.0,
        0.0,
        0.0,
        0.0,
        0.0,
        1.0
      ]
    ],
    "breakout": [
      [
        1.0,
        0.0,
        0.0,
        0.0,
        0.0,
        0.0
      ],
      [
        0.0,
        1.0,
        0.0,
        0.0,
        0.0,
        0.0
      ],
      [
        0.0,
        0.0,
        1.0,
        0.0,
        0.0,
        0.0
      ],
      [
        0.0,
        0.0,
        0.0,
        1.0,
        0.0,
        0.0
      ],
      [
        0.0,
        0.0,
        0.0,
        0.0,
        1.0,
        0.0
      ],
      [
        0.0,
        0.0,
        0.0,
        0.0,
        0.0,
        1.0
      ]
    ],
    "reversion": [
      [
        1.0704776380112135,
        0.007145019556696618,
        0.20139809190143482,
        0.24226831938204316,
        0.24226831938204316,
        0.0
      ],
      [
        0.007145019556696618,
        1.0007754710967007,
        0.020827315507639686,
        0.024315148390650805,
        0.024315148390650805,
        0.0
      ],
      [
        0.20139809190143482,
        0.020827315507639686,
        1.5788009950673807,
        0.6903386087682817,
        0.6903386087682817,
        0.0
      ],
      [
        0.24226831938204316,
        0.024315148390650805,
        0.6903386087682817,
        1.8339863639350065,
        0.8339863639350162,
        0.0
      ],
      [
        0.24226831938204316,
        0.024315148390650805,
        0.6903386087682817,
        0.8339863639350162,
        1.8339863639350065,
        0.0
      ],
      [
        0.0,
        0.0,
        0.0,
        0.0,
        0.0,
        1.0
      ]
    ],
    "vwap": [
      [
        1.0,
        0.0,
        0.0,
        0.0,
        0.0,
        0.0
      ],
      [
        0.0,
        1.0,
        0.0,
        0.0,
        0.0,
        0.0
      ],
      [
        0.0,
        0.0,
        1.0,
        0.0,
        0.0,
        0.0
      ],
      [
        0.0,
        0.0,
        0.0,
        1.0,
        0.0,
        0.0
      ],
      [
        0.0,
        0.0,
        0.0,
        0.0,
        1.0,
        0.0
      ],
      [
        0.0,
        0.0,
        0.0,
        0.0,
        0.0,
        1.0
      ]
    ]
  },
  "b": {
    "trend": [
      [
        0.20710597328663002
      ],
      [
        0.12446173447082585
      ],
      [
        2.2653991042786847
      ],
      [
        0.48552938569592624
      ],
      [
        0.48552938569592624
      ],
      [
        0.0
      ]
    ],
    "breakout": [
      [
        0.0
      ],
      [
        0.0
      ],
      [
        0.0
      ],
      [
        0.0
      ],
      [
        0.0
      ],
      [
        0.0
      ]
    ],
    "reversion": [
      [
        0.0965875920549778
      ],
      [
        0.01050920128207791
      ],
      [
        0.28175757279814956
      ],
      [
        0.32856996796164856
      ],
      [
        0.32856996796164856
      ],
      [
        0.0
      ]
    ],
    "vwap": [
      [
        0.0
      ],
      [
        0.0
      ],
      [
        0.0
      ],
      [
        0.0
      ],
      [
        0.0
      ],
      [
        0.0
      ]
    ]
  },
  "counts": {
    "trend": 1,
    "breakout": 0,
    "reversion": 2,
    "vwap": 0
  },
  "reward_sum": {
    "trend": 0.48552938569592624,
    "breakout": 0.0,
    "reversion": 0.32856996796164856,
    "vwap": 0.0
  },
  "disabled_until": {
    "trend": 0.0,
    "breakout": 0.0,
    "reversion": 0.0,
    "vwap": 0.0
  },
  "_snapshot_time": "2025-09-18T19:23:00.115269"
}