{
  "arms": [
    "trend",
    "breakout",
    "reversion",
    "vwap"
  ],
  "d": 6,
  "alpha": 0.6,
  "alpha_base": 0.6,
  "alpha_boost_until": 0.0,
  "A": {
    "trend": [
      [
        1.0302424601461575,
        0.01817441083288485,
        0.33080283025672547,
        0.07089898404994827,
        0.07089898404994827,
        0.0
      ],
      [
        0.01817441083288485,
        1.0109220350304216,
        0.19879819673104593,
        0.042607223669321494,
        0.042607223669321494,
        0.0
      ],
      [
        0.33080283025672547,
        0.19879819673104593,
        4.618439504491206,
        0.7755184093060152,
        0.7755184093060152,
        0.0
      ],
      [
        0.07089898404994827,
        0.042607223669321494,
        0.7755184093060152,
        1.1662122034722557,
        0.1662122034722543,
        0.0
      ],
      [
        0.07089898404994827,
        0.042607223669321494,
        0.7755184093060152,
        0.1662122034722543,
        1.1662122034722557,
        0.0
      ],
      [
        0.0,
        0.0,
        0.0,
        0.0,
        0.0,
        1.0
      ]
    ],
    "breakout": [
      [
        1.0,
        0.0,
        0.0,
        0.0,
        0.0,
        0.0
      ],
      [
        0.0,
        1.0,
        0.0,
        0.0,
        0.0,
        0.0
      ],
      [
        0.0,
        0.0,
        1.0,
        0.0,
        0.0,
        0.0
      ],
      [
        0.0,
        0.0,
        0.0,
        1.0,
        0.0,
        0.0
      ],
      [
        0.0,
        0.0,
        0.0,
        0.0,
        1.0,
        0.0
      ],
      [
        0.0,
        0.0,
        0.0,
        0.0,
        0.0,
        1.0
      ]
    ],
    "reversion": [
      [
        1.3487721477972716,
        0.02272726766952705,
        0.5857760183907004,
        1.0957865398117224,
        1.0957865398117224,
        0.0
      ],
      [
        0.02272726766952705,
        1.0018173806948498,
        0.046269655000134816,
        0.07603851184888497,
        0.07603851184888497,
        0.0
      ],
      [
        0.5857760183907004,
        0.046269655000134816,
        2.251792391039678,
        1.96189557253165,
        1.96189557253165,
        0.0
      ],
      [
        1.0957865398117224,
        0.07603851184888497,
        1.96189557253165,
        4.522204650621358,
        3.522204650621373,
        0.0
      ],
      [
        1.0957865398117224,
        0.07603851184888497,
        1.96189557253165,
        3.522204650621373,
        4.522204650621358,
        0.0
      ],
      [
        0.0,
        0.0,
        0.0,
        0.0,
        0.0,
        1.0
      ]
    ],
    "vwap": [
      [
        1.0,
        0.0,
        0.0,
        0.0,
        0.0,
        0.0
      ],
      [
        0.0,
        1.0,
        0.0,
        0.0,
        0.0,
        0.0
      ],
      [
        0.0,
        0.0,
        1.0,
        0.0,
        0.0,
        0.0
      ],
      [
        0.0,
        0.0,
        0.0,
        1.0,
        0.0,
        0.0
      ],
      [
        0.0,
        0.0,
        0.0,
        0.0,
        1.0,
        0.0
      ],
      [
        0.0,
        0.0,
        0.0,
        0.0,
        0.0,
        1.0
      ]
    ]
  },
  "b": {
    "trend": [
      [
        0.07228356796191558
      ],
      [
        0.04343929872958716
      ],
      [
        0.7906634826430765
      ],
      [
        0.16945815609039336
      ],
      [
        0.16945815609039336
      ],
      [
        0.0
      ]
    ],
    "breakout": [
      [
        0.0
      ],
      [
        0.0
      ],
      [
        0.0
      ],
      [
        0.0
      ],
      [
        0.0
      ],
      [
        0.0
      ]
    ],
    "reversion": [
      [
        -0.009969449628351678
      ],
      [
        -0.0721767581875456
      ],
      [
        -1.987961328400497
      ],
      [
        -1.2518902652121964
      ],
      [
        -1.2518902652121964
      ],
      [
        0.0
      ]
    ],
    "vwap": [
      [
        0.0
      ],
      [
        0.0
      ],
      [
        0.0
      ],
      [
        0.0
      ],
      [
        0.0
      ],
      [
        0.0
      ]
    ]
  },
  "counts": {
    "trend": 1,
    "breakout": 0,
    "reversion": 8,
    "vwap": 0
  },
  "reward_sum": {
    "trend": 0.16945815609039336,
    "breakout": 0.0,
    "reversion": -1.2518902652121964,
    "vwap": 0.0
  },
  "disabled_until": {
    "trend": 0.0,
    "breakout": 0.0,
    "reversion": 0.0,
    "vwap": 0.0
  },
  "_snapshot_time": "2025-09-22T13:39:00.080394"
}