{
  "arms": [
    "trend",
    "breakout",
    "reversion",
    "vwap"
  ],
  "d": 6,
  "alpha": 0.6,
  "alpha_base": 0.6,
  "alpha_boost_until": 0.0,
  "A": {
    "trend": [
      [
        1.0028386459528944,
        0.001705903471730877,
        0.031050123262992904,
        0.006654786454709012,
        0.006654786454709012,
        0.0
      ],
      [
        0.001705903471730877,
        1.0010251742214944,
        0.018659781441921843,
        0.0039992388994968195,
        0.0039992388994968195,
        0.0
      ],
      [
        0.031050123262992904,
        0.018659781441921843,
        1.3396373378877668,
        0.07279243101694219,
        0.07279243101694219,
        0.0
      ],
      [
        0.006654786454709012,
        0.0039992388994968195,
        0.07279243101694219,
        1.0156011646019523,
        0.015601164601953134,
        0.0
      ],
      [
        0.006654786454709012,
        0.0039992388994968195,
        0.07279243101694219,
        0.015601164601953134,
        1.0156011646019523,
        0.0
      ],
      [
        0.0,
        0.0,
        0.0,
        0.0,
        0.0,
        1.0
      ]
    ],
    "breakout": [
      [
        1.0,
        0.0,
        0.0,
        0.0,
        0.0,
        0.0
      ],
      [
        0.0,
        1.0,
        0.0,
        0.0,
        0.0,
        0.0
      ],
      [
        0.0,
        0.0,
        1.0,
        0.0,
        0.0,
        0.0
      ],
      [
        0.0,
        0.0,
        0.0,
        1.0,
        0.0,
        0.0
      ],
      [
        0.0,
        0.0,
        0.0,
        0.0,
        1.0,
        0.0
      ],
      [
        0.0,
        0.0,
        0.0,
        0.0,
        0.0,
        1.0
      ]
    ],
    "reversion": [
      [
        1.1521394280419712,
        0.012383620687275743,
        0.44511756958058496,
        0.4985716679354727,
        0.4985716679354727,
        0.0
      ],
      [
        0.012383620687275743,
        1.0011037697744767,
        0.04178770116039192,
        0.04102103430977743,
        0.04102103430977743,
        0.0
      ],
      [
        0.44511756958058496,
        0.04178770116039192,
        2.6857950646016517,
        1.4706220414843285,
        1.4706220414843285,
        0.0
      ],
      [
        0.4985716679354727,
        0.04102103430977743,
        1.4706220414843285,
        2.642215362824189,
        1.6422153628242049,
        0.0
      ],
      [
        0.4985716679354727,
        0.04102103430977743,
        1.4706220414843285,
        1.6422153628242049,
        2.642215362824189,
        0.0
      ],
      [
        0.0,
        0.0,
        0.0,
        0.0,
        0.0,
        1.0
      ]
    ],
    "vwap": [
      [
        1.0,
        0.0,
        0.0,
        0.0,
        0.0,
        0.0
      ],
      [
        0.0,
        1.0,
        0.0,
        0.0,
        0.0,
        0.0
      ],
      [
        0.0,
        0.0,
        1.0,
        0.0,
        0.0,
        0.0
      ],
      [
        0.0,
        0.0,
        0.0,
        1.0,
        0.0,
        0.0
      ],
      [
        0.0,
        0.0,
        0.0,
        0.0,
        1.0,
        0.0
      ],
      [
        0.0,
        0.0,
        0.0,
        0.0,
        0.0,
        1.0
      ]
    ]
  },
  "b": {
    "trend": [
      [
        0.006784747559035643
      ],
      [
        0.004077339903545849
      ],
      [
        0.07421399199203382
      ],
      [
        0.015905839228892837
      ],
      [
        0.015905839228892837
      ],
      [
        0.0
      ]
    ],
    "breakout": [
      [
        0.0
      ],
      [
        0.0
      ],
      [
        0.0
      ],
      [
        0.0
      ],
      [
        0.0
      ],
      [
        0.0
      ]
    ],
    "reversion": [
      [
        -0.5224381382161343
      ],
      [
        -0.05027826007440538
      ],
      [
        -1.7965242785595301
      ],
      [
        -1.8479206523148375
      ],
      [
        -1.8479206523148375
      ],
      [
        0.0
      ]
    ],
    "vwap": [
      [
        0.0
      ],
      [
        0.0
      ],
      [
        0.0
      ],
      [
        0.0
      ],
      [
        0.0
      ],
      [
        0.0
      ]
    ]
  },
  "counts": {
    "trend": 1,
    "breakout": 0,
    "reversion": 10,
    "vwap": 0
  },
  "reward_sum": {
    "trend": 0.015905839228892837,
    "breakout": 0.0,
    "reversion": -1.8479206523148375,
    "vwap": 0.0
  },
  "disabled_until": {
    "trend": 0.0,
    "breakout": 0.0,
    "reversion": 0.0,
    "vwap": 0.0
  },
  "_snapshot_time": "2025-09-26T14:22:00.998669"
}