{
  "arms": [
    "trend",
    "breakout",
    "reversion",
    "vwap"
  ],
  "d": 6,
  "alpha": 0.6,
  "alpha_base": 0.6,
  "alpha_boost_until": 0.0,
  "A": {
    "trend": [
      [
        1.10857542220826,
        0.06524913383468572,
        1.1876367461254163,
        0.2545390517225373,
        0.2545390517225373,
        0.0
      ],
      [
        0.06524913383468572,
        1.039211907995262,
        0.7137183297918891,
        0.1529669635559053,
        0.1529669635559053,
        0.0
      ],
      [
        1.1876367461254163,
        0.7137183297918891,
        13.99079489685897,
        2.784239057065415,
        2.784239057065415,
        0.0
      ],
      [
        0.2545390517225373,
        0.1529669635559053,
        2.784239057065415,
        1.5967292370047983,
        0.5967292370047992,
        0.0
      ],
      [
        0.2545390517225373,
        0.1529669635559053,
        2.784239057065415,
        0.5967292370047992,
        1.5967292370047983,
        0.0
      ],
      [
        0.0,
        0.0,
        0.0,
        0.0,
        0.0,
        1.0
      ]
    ],
    "breakout": [
      [
        1.0,
        0.0,
        0.0,
        0.0,
        0.0,
        0.0
      ],
      [
        0.0,
        1.0,
        0.0,
        0.0,
        0.0,
        0.0
      ],
      [
        0.0,
        0.0,
        1.0,
        0.0,
        0.0,
        0.0
      ],
      [
        0.0,
        0.0,
        0.0,
        1.0,
        0.0,
        0.0
      ],
      [
        0.0,
        0.0,
        0.0,
        0.0,
        1.0,
        0.0
      ],
      [
        0.0,
        0.0,
        0.0,
        0.0,
        0.0,
        1.0
      ]
    ],
    "reversion": [
      [
        1.0883105739065555,
        0.008952921741291194,
        0.25235779151212734,
        0.30356940056079834,
        0.30356940056079834,
        0.0
      ],
      [
        0.008952921741291194,
        1.0009716883188768,
        0.02609724498882797,
        0.030467603194360655,
        0.030467603194360655,
        0.0
      ],
      [
        0.25235779151212734,
        0.02609724498882797,
        1.7252548396124356,
        0.8650147827099498,
        0.8650147827099498,
        0.0
      ],
      [
        0.30356940056079834,
        0.030467603194360655,
        0.8650147827099498,
        2.0450096868686782,
        1.0450096868686893,
        0.0
      ],
      [
        0.30356940056079834,
        0.030467603194360655,
        0.8650147827099498,
        1.0450096868686893,
        2.0450096868686782,
        0.0
      ],
      [
        0.0,
        0.0,
        0.0,
        0.0,
        0.0,
        1.0
      ]
    ],
    "vwap": [
      [
        1.0,
        0.0,
        0.0,
        0.0,
        0.0,
        0.0
      ],
      [
        0.0,
        1.0,
        0.0,
        0.0,
        0.0,
        0.0
      ],
      [
        0.0,
        0.0,
        1.0,
        0.0,
        0.0,
        0.0
      ],
      [
        0.0,
        0.0,
        0.0,
        1.0,
        0.0,
        0.0
      ],
      [
        0.0,
        0.0,
        0.0,
        0.0,
        1.0,
        0.0
      ],
      [
        0.0,
        0.0,
        0.0,
        0.0,
        0.0,
        1.0
      ]
    ]
  },
  "b": {
    "trend": [
      [
        0.2595099364355561
      ],
      [
        0.15595425032228255
      ],
      [
        2.838612369421598
      ],
      [
        0.6083827425158979
      ],
      [
        0.6083827425158979
      ],
      [
        0.0
      ]
    ],
    "breakout": [
      [
        0.0
      ],
      [
        0.0
      ],
      [
        0.0
      ],
      [
        0.0
      ],
      [
        0.0
      ],
      [
        0.0
      ]
    ],
    "reversion": [
      [
        0.12102712189744855
      ],
      [
        0.01316834137336087
      ],
      [
        0.3530506080859842
      ],
      [
        0.411707929748372
      ],
      [
        0.411707929748372
      ],
      [
        0.0
      ]
    ],
    "vwap": [
      [
        0.0
      ],
      [
        0.0
      ],
      [
        0.0
      ],
      [
        0.0
      ],
      [
        0.0
      ],
      [
        0.0
      ]
    ]
  },
  "counts": {
    "trend": 1,
    "breakout": 0,
    "reversion": 2,
    "vwap": 0
  },
  "reward_sum": {
    "trend": 0.6083827425158979,
    "breakout": 0.0,
    "reversion": 0.411707929748372,
    "vwap": 0.0
  },
  "disabled_until": {
    "trend": 0.0,
    "breakout": 0.0,
    "reversion": 0.0,
    "vwap": 0.0
  },
  "_snapshot_time": "2025-09-18T10:22:00.216801"
}