{
  "arms": [
    "trend",
    "breakout",
    "reversion",
    "vwap"
  ],
  "d": 6,
  "alpha": 0.6,
  "alpha_base": 0.6,
  "alpha_boost_until": 0.0,
  "A": {
    "trend": [
      [
        1.0390517049116754,
        0.023468386016193523,
        0.42716149574802365,
        0.09155095816528444,
        0.09155095816528444,
        0.0
      ],
      [
        0.023468386016193523,
        1.014103485198679,
        0.2567055880439129,
        0.05501816710012245,
        0.05501816710012245,
        0.0
      ],
      [
        0.42716149574802365,
        0.2567055880439129,
        5.6724450023981605,
        1.0014170780890728,
        1.0014170780890728,
        0.0
      ],
      [
        0.09155095816528444,
        0.05501816710012245,
        1.0014170780890728,
        1.2146277085709416,
        0.21462770857094118,
        0.0
      ],
      [
        0.09155095816528444,
        0.05501816710012245,
        1.0014170780890728,
        0.21462770857094118,
        1.2146277085709416,
        0.0
      ],
      [
        0.0,
        0.0,
        0.0,
        0.0,
        0.0,
        1.0
      ]
    ],
    "breakout": [
      [
        1.0,
        0.0,
        0.0,
        0.0,
        0.0,
        0.0
      ],
      [
        0.0,
        1.0,
        0.0,
        0.0,
        0.0,
        0.0
      ],
      [
        0.0,
        0.0,
        1.0,
        0.0,
        0.0,
        0.0
      ],
      [
        0.0,
        0.0,
        0.0,
        1.0,
        0.0,
        0.0
      ],
      [
        0.0,
        0.0,
        0.0,
        0.0,
        1.0,
        0.0
      ],
      [
        0.0,
        0.0,
        0.0,
        0.0,
        0.0,
        1.0
      ]
    ],
    "reversion": [
      [
        1.4503650473991212,
        0.029347432258806986,
        0.7564051371474209,
        1.414975249768166,
        1.414975249768166,
        0.0
      ],
      [
        0.029347432258806986,
        1.0023467606227952,
        0.05974741818945118,
        0.09818756517474853,
        0.09818756517474853,
        0.0
      ],
      [
        0.7564051371474209,
        0.05974741818945118,
        2.6164236252378132,
        2.533370849982343,
        2.533370849982343,
        0.0
      ],
      [
        1.414975249768166,
        0.09818756517474853,
        2.533370849982343,
        5.548178157128925,
        4.548178157128938,
        0.0
      ],
      [
        1.414975249768166,
        0.09818756517474853,
        2.533370849982343,
        4.548178157128938,
        5.548178157128925,
        0.0
      ],
      [
        0.0,
        0.0,
        0.0,
        0.0,
        0.0,
        1.0
      ]
    ],
    "vwap": [
      [
        1.0,
        0.0,
        0.0,
        0.0,
        0.0,
        0.0
      ],
      [
        0.0,
        1.0,
        0.0,
        0.0,
        0.0,
        0.0
      ],
      [
        0.0,
        0.0,
        1.0,
        0.0,
        0.0,
        0.0
      ],
      [
        0.0,
        0.0,
        0.0,
        1.0,
        0.0,
        0.0
      ],
      [
        0.0,
        0.0,
        0.0,
        0.0,
        1.0,
        0.0
      ],
      [
        0.0,
        0.0,
        0.0,
        0.0,
        0.0,
        1.0
      ]
    ]
  },
  "b": {
    "trend": [
      [
        0.09333885379594031
      ],
      [
        0.05609261506370811
      ],
      [
        1.0209737190490422
      ],
      [
        0.21881916598506132
      ],
      [
        0.21881916598506132
      ],
      [
        0.0
      ]
    ],
    "breakout": [
      [
        0.0
      ],
      [
        0.0
      ],
      [
        0.0
      ],
      [
        0.0
      ],
      [
        0.0
      ],
      [
        0.0
      ]
    ],
    "reversion": [
      [
        -0.012873423760390273
      ],
      [
        -0.09320093169005939
      ],
      [
        -2.5670292296766726
      ],
      [
        -1.616550008914441
      ],
      [
        -1.616550008914441
      ],
      [
        0.0
      ]
    ],
    "vwap": [
      [
        0.0
      ],
      [
        0.0
      ],
      [
        0.0
      ],
      [
        0.0
      ],
      [
        0.0
      ],
      [
        0.0
      ]
    ]
  },
  "counts": {
    "trend": 1,
    "breakout": 0,
    "reversion": 8,
    "vwap": 0
  },
  "reward_sum": {
    "trend": 0.21881916598506132,
    "breakout": 0.0,
    "reversion": -1.616550008914441,
    "vwap": 0.0
  },
  "disabled_until": {
    "trend": 0.0,
    "breakout": 0.0,
    "reversion": 0.0,
    "vwap": 0.0
  },
  "_snapshot_time": "2025-09-22T05:02:00.293404"
}