{
  "arms": [
    "trend",
    "breakout",
    "reversion",
    "vwap"
  ],
  "d": 6,
  "alpha": 0.6,
  "alpha_base": 0.6,
  "alpha_boost_until": 0.0,
  "A": {
    "trend": [
      [
        1.0148420736692034,
        0.008919444488721024,
        0.16234790268127322,
        0.03479505103934378,
        0.03479505103934378,
        0.0
      ],
      [
        0.008919444488721024,
        1.005360200451805,
        0.09756406942182821,
        0.020910321100995506,
        0.020910321100995506,
        0.0
      ],
      [
        0.16234790268127322,
        0.09756406942182821,
        2.775819342528932,
        0.38060069541677993,
        0.38060069541677993,
        0.0
      ],
      [
        0.03479505103934378,
        0.020910321100995506,
        0.38060069541677993,
        1.0815718614402776,
        0.08157186144027828,
        0.0
      ],
      [
        0.03479505103934378,
        0.020910321100995506,
        0.38060069541677993,
        0.08157186144027828,
        1.0815718614402776,
        0.0
      ],
      [
        0.0,
        0.0,
        0.0,
        0.0,
        0.0,
        1.0
      ]
    ],
    "breakout": [
      [
        1.0,
        0.0,
        0.0,
        0.0,
        0.0,
        0.0
      ],
      [
        0.0,
        1.0,
        0.0,
        0.0,
        0.0,
        0.0
      ],
      [
        0.0,
        0.0,
        1.0,
        0.0,
        0.0,
        0.0
      ],
      [
        0.0,
        0.0,
        0.0,
        1.0,
        0.0,
        0.0
      ],
      [
        0.0,
        0.0,
        0.0,
        0.0,
        1.0,
        0.0
      ],
      [
        0.0,
        0.0,
        0.0,
        0.0,
        0.0,
        1.0
      ]
    ],
    "reversion": [
      [
        1.1711666936603513,
        0.011153847253846499,
        0.28748093827647525,
        0.5377784899444213,
        0.5377784899444213,
        0.0
      ],
      [
        0.011153847253846499,
        1.0008919148120752,
        0.02270773028522254,
        0.03731737395381806,
        0.03731737395381806,
        0.0
      ],
      [
        0.28748093827647525,
        0.02270773028522254,
        1.6143413861361156,
        0.9628382902075054,
        0.9628382902075054,
        0.0
      ],
      [
        0.5377784899444213,
        0.03731737395381806,
        0.9628382902075054,
        2.728590222153866,
        1.728590222153883,
        0.0
      ],
      [
        0.5377784899444213,
        0.03731737395381806,
        0.9628382902075054,
        1.728590222153883,
        2.728590222153866,
        0.0
      ],
      [
        0.0,
        0.0,
        0.0,
        0.0,
        0.0,
        1.0
      ]
    ],
    "vwap": [
      [
        1.0,
        0.0,
        0.0,
        0.0,
        0.0,
        0.0
      ],
      [
        0.0,
        1.0,
        0.0,
        0.0,
        0.0,
        0.0
      ],
      [
        0.0,
        0.0,
        1.0,
        0.0,
        0.0,
        0.0
      ],
      [
        0.0,
        0.0,
        0.0,
        1.0,
        0.0,
        0.0
      ],
      [
        0.0,
        0.0,
        0.0,
        0.0,
        1.0,
        0.0
      ],
      [
        0.0,
        0.0,
        0.0,
        0.0,
        0.0,
        1.0
      ]
    ]
  },
  "b": {
    "trend": [
      [
        0.03547456243898833
      ],
      [
        0.0213186780694129
      ],
      [
        0.38803343379546246
      ],
      [
        0.08316487562141063
      ],
      [
        0.08316487562141063
      ],
      [
        0.0
      ]
    ],
    "breakout": [
      [
        0.0
      ],
      [
        0.0
      ],
      [
        0.0
      ],
      [
        0.0
      ],
      [
        0.0
      ],
      [
        0.0
      ]
    ],
    "reversion": [
      [
        -0.004892700696645831
      ],
      [
        -0.03542214347134718
      ],
      [
        -0.9756305652730639
      ],
      [
        -0.6143894197839037
      ],
      [
        -0.6143894197839037
      ],
      [
        0.0
      ]
    ],
    "vwap": [
      [
        0.0
      ],
      [
        0.0
      ],
      [
        0.0
      ],
      [
        0.0
      ],
      [
        0.0
      ],
      [
        0.0
      ]
    ]
  },
  "counts": {
    "trend": 1,
    "breakout": 0,
    "reversion": 8,
    "vwap": 0
  },
  "reward_sum": {
    "trend": 0.08316487562141063,
    "breakout": 0.0,
    "reversion": -0.6143894197839037,
    "vwap": 0.0
  },
  "disabled_until": {
    "trend": 0.0,
    "breakout": 0.0,
    "reversion": 0.0,
    "vwap": 0.0
  },
  "_snapshot_time": "2025-09-23T18:45:00.981158"
}