{
  "arms": [
    "trend",
    "breakout",
    "reversion",
    "vwap"
  ],
  "d": 6,
  "alpha": 0.6,
  "alpha_base": 0.6,
  "alpha_boost_until": 0.0,
  "A": {
    "trend": [
      [
        1.0031222860940912,
        0.0018763589316994661,
        0.03415268043025438,
        0.007319738900687219,
        0.007319738900687219,
        0.0
      ],
      [
        0.0018763589316994661,
        1.001127610582267,
        0.020524284141695884,
        0.004398846566304798,
        0.004398846566304798,
        0.0
      ],
      [
        0.03415268043025438,
        0.020524284141695884,
        1.3735742162701197,
        0.08006591836065177,
        0.08006591836065177,
        0.0
      ],
      [
        0.007319738900687219,
        0.004398846566304798,
        0.08006591836065177,
        1.0171600474651035,
        0.017160047465104442,
        0.0
      ],
      [
        0.007319738900687219,
        0.004398846566304798,
        0.08006591836065177,
        0.017160047465104442,
        1.0171600474651035,
        0.0
      ],
      [
        0.0,
        0.0,
        0.0,
        0.0,
        0.0,
        1.0
      ]
    ],
    "breakout": [
      [
        1.0,
        0.0,
        0.0,
        0.0,
        0.0,
        0.0
      ],
      [
        0.0,
        1.0,
        0.0,
        0.0,
        0.0,
        0.0
      ],
      [
        0.0,
        0.0,
        1.0,
        0.0,
        0.0,
        0.0
      ],
      [
        0.0,
        0.0,
        0.0,
        1.0,
        0.0,
        0.0
      ],
      [
        0.0,
        0.0,
        0.0,
        0.0,
        1.0,
        0.0
      ],
      [
        0.0,
        0.0,
        0.0,
        0.0,
        0.0,
        1.0
      ]
    ],
    "reversion": [
      [
        1.16734134105522,
        0.013621003572829265,
        0.489594130722685,
        0.5483894122531038,
        0.5483894122531038,
        0.0
      ],
      [
        0.013621003572829265,
        1.001214059475931,
        0.04596316708818991,
        0.04511989417349867,
        0.04511989417349867,
        0.0
      ],
      [
        0.489594130722685,
        0.04596316708818991,
        2.8542412738457754,
        1.6175679623263868,
        1.6175679623263868,
        0.0
      ],
      [
        0.5483894122531038,
        0.04511989417349867,
        1.6175679623263868,
        2.806307047773785,
        1.8063070477738,
        0.0
      ],
      [
        0.5483894122531038,
        0.04511989417349867,
        1.6175679623263868,
        1.8063070477738,
        2.806307047773785,
        0.0
      ],
      [
        0.0,
        0.0,
        0.0,
        0.0,
        0.0,
        1.0
      ]
    ],
    "vwap": [
      [
        1.0,
        0.0,
        0.0,
        0.0,
        0.0,
        0.0
      ],
      [
        0.0,
        1.0,
        0.0,
        0.0,
        0.0,
        0.0
      ],
      [
        0.0,
        0.0,
        1.0,
        0.0,
        0.0,
        0.0
      ],
      [
        0.0,
        0.0,
        0.0,
        1.0,
        0.0,
        0.0
      ],
      [
        0.0,
        0.0,
        0.0,
        0.0,
        1.0,
        0.0
      ],
      [
        0.0,
        0.0,
        0.0,
        0.0,
        0.0,
        1.0
      ]
    ]
  },
  "b": {
    "trend": [
      [
        0.0074626858393140455
      ],
      [
        0.0044847514952474675
      ],
      [
        0.08162952302924542
      ],
      [
        0.017495165463862292
      ],
      [
        0.017495165463862292
      ],
      [
        0.0
      ]
    ],
    "breakout": [
      [
        0.0
      ],
      [
        0.0
      ],
      [
        0.0
      ],
      [
        0.0
      ],
      [
        0.0
      ],
      [
        0.0
      ]
    ],
    "reversion": [
      [
        -0.5746406424202021
      ],
      [
        -0.05530211053805879
      ],
      [
        -1.9760346537485158
      ],
      [
        -2.0325666009253895
      ],
      [
        -2.0325666009253895
      ],
      [
        0.0
      ]
    ],
    "vwap": [
      [
        0.0
      ],
      [
        0.0
      ],
      [
        0.0
      ],
      [
        0.0
      ],
      [
        0.0
      ],
      [
        0.0
      ]
    ]
  },
  "counts": {
    "trend": 1,
    "breakout": 0,
    "reversion": 10,
    "vwap": 0
  },
  "reward_sum": {
    "trend": 0.017495165463862292,
    "breakout": 0.0,
    "reversion": -2.0325666009253895,
    "vwap": 0.0
  },
  "disabled_until": {
    "trend": 0.0,
    "breakout": 0.0,
    "reversion": 0.0,
    "vwap": 0.0
  },
  "_snapshot_time": "2025-09-26T10:39:00.804638"
}