{
  "arms": [
    "trend",
    "breakout",
    "reversion",
    "vwap"
  ],
  "d": 6,
  "alpha": 0.6,
  "alpha_base": 0.6,
  "alpha_boost_until": 0.0,
  "A": {
    "trend": [
      [
        1.0082151994333044,
        0.004936979625775977,
        0.08986078548259872,
        0.019259322514569268,
        0.019259322514569268,
        0.0
      ],
      [
        0.004936979625775977,
        1.0029669112750357,
        0.05400244640262641,
        0.011574020038421836,
        0.011574020038421836,
        0.0
      ],
      [
        0.08986078548259872,
        0.05400244640262641,
        1.9829293656360076,
        0.2106653481845086,
        0.2106653481845086,
        0.0
      ],
      [
        0.019259322514569268,
        0.011574020038421836,
        0.2106653481845086,
        1.0451506389749419,
        0.0451506389749415,
        0.0
      ],
      [
        0.019259322514569268,
        0.011574020038421836,
        0.2106653481845086,
        0.0451506389749415,
        1.0451506389749419,
        0.0
      ],
      [
        0.0,
        0.0,
        0.0,
        0.0,
        0.0,
        1.0
      ]
    ],
    "breakout": [
      [
        1.0,
        0.0,
        0.0,
        0.0,
        0.0,
        0.0
      ],
      [
        0.0,
        1.0,
        0.0,
        0.0,
        0.0,
        0.0
      ],
      [
        0.0,
        0.0,
        1.0,
        0.0,
        0.0,
        0.0
      ],
      [
        0.0,
        0.0,
        0.0,
        1.0,
        0.0,
        0.0
      ],
      [
        0.0,
        0.0,
        0.0,
        0.0,
        1.0,
        0.0
      ],
      [
        0.0,
        0.0,
        0.0,
        0.0,
        0.0,
        1.0
      ]
    ],
    "reversion": [
      [
        1.0947420526335696,
        0.006173738365757081,
        0.15912286206441023,
        0.2976644399091816,
        0.2976644399091816,
        0.0
      ],
      [
        0.006173738365757081,
        1.000493681558388,
        0.012568899543858819,
        0.02065544722324753,
        0.02065544722324753,
        0.0
      ],
      [
        0.15912286206441023,
        0.012568899543858819,
        1.340042578936424,
        0.5329382370934009,
        0.5329382370934009,
        0.0
      ],
      [
        0.2976644399091816,
        0.02065544722324753,
        0.5329382370934009,
        1.9567876922022123,
        0.95678769220223,
        0.0
      ],
      [
        0.2976644399091816,
        0.02065544722324753,
        0.5329382370934009,
        0.95678769220223,
        1.9567876922022123,
        0.0
      ],
      [
        0.0,
        0.0,
        0.0,
        0.0,
        0.0,
        1.0
      ]
    ],
    "vwap": [
      [
        1.0,
        0.0,
        0.0,
        0.0,
        0.0,
        0.0
      ],
      [
        0.0,
        1.0,
        0.0,
        0.0,
        0.0,
        0.0
      ],
      [
        0.0,
        0.0,
        1.0,
        0.0,
        0.0,
        0.0
      ],
      [
        0.0,
        0.0,
        0.0,
        1.0,
        0.0,
        0.0
      ],
      [
        0.0,
        0.0,
        0.0,
        0.0,
        1.0,
        0.0
      ],
      [
        0.0,
        0.0,
        0.0,
        0.0,
        0.0,
        1.0
      ]
    ]
  },
  "b": {
    "trend": [
      [
        0.01963543718625872
      ],
      [
        0.01180004869252352
      ],
      [
        0.21477942479384007
      ],
      [
        0.0460323843084954
      ],
      [
        0.0460323843084954
      ],
      [
        0.0
      ]
    ],
    "breakout": [
      [
        0.0
      ],
      [
        0.0
      ],
      [
        0.0
      ],
      [
        0.0
      ],
      [
        0.0
      ],
      [
        0.0
      ]
    ],
    "reversion": [
      [
        -0.0027081466435387915
      ],
      [
        -0.01960642289331975
      ],
      [
        -0.5400188575788857
      ],
      [
        -0.3400691659218343
      ],
      [
        -0.3400691659218343
      ],
      [
        0.0
      ]
    ],
    "vwap": [
      [
        0.0
      ],
      [
        0.0
      ],
      [
        0.0
      ],
      [
        0.0
      ],
      [
        0.0
      ],
      [
        0.0
      ]
    ]
  },
  "counts": {
    "trend": 1,
    "breakout": 0,
    "reversion": 8,
    "vwap": 0
  },
  "reward_sum": {
    "trend": 0.0460323843084954,
    "breakout": 0.0,
    "reversion": -0.3400691659218343,
    "vwap": 0.0
  },
  "disabled_until": {
    "trend": 0.0,
    "breakout": 0.0,
    "reversion": 0.0,
    "vwap": 0.0
  },
  "_snapshot_time": "2025-09-24T17:17:00.631862"
}