{
  "arms": [
    "trend",
    "breakout",
    "reversion",
    "vwap"
  ],
  "d": 6,
  "alpha": 0.6,
  "alpha_base": 0.6,
  "alpha_boost_until": 0.0,
  "A": {
    "trend": [
      [
        1.003539123160057,
        0.0021268599838831378,
        0.038712193132295195,
        0.008296951877029207,
        0.008296951877029207,
        0.0
      ],
      [
        0.0021268599838831378,
        1.0012781508827078,
        0.02326435411762252,
        0.004986109309396202,
        0.004986109309396202,
        0.0
      ],
      [
        0.038712193132295195,
        0.02326435411762252,
        1.423447794647577,
        0.09075502291018989,
        0.09075502291018989,
        0.0
      ],
      [
        0.008296951877029207,
        0.004986109309396202,
        0.09075502291018989,
        1.0194509790522908,
        0.019450979052291272,
        0.0
      ],
      [
        0.008296951877029207,
        0.004986109309396202,
        0.09075502291018989,
        0.019450979052291272,
        1.0194509790522908,
        0.0
      ],
      [
        0.0,
        0.0,
        0.0,
        0.0,
        0.0,
        1.0
      ]
    ],
    "breakout": [
      [
        1.0,
        0.0,
        0.0,
        0.0,
        0.0,
        0.0
      ],
      [
        0.0,
        1.0,
        0.0,
        0.0,
        0.0,
        0.0
      ],
      [
        0.0,
        0.0,
        1.0,
        0.0,
        0.0,
        0.0
      ],
      [
        0.0,
        0.0,
        0.0,
        1.0,
        0.0,
        0.0
      ],
      [
        0.0,
        0.0,
        0.0,
        0.0,
        1.0,
        0.0
      ],
      [
        0.0,
        0.0,
        0.0,
        0.0,
        0.0,
        1.0
      ]
    ],
    "reversion": [
      [
        1.0944940618796104,
        0.008776968785084636,
        0.35602532827113204,
        0.3036560583036959,
        0.3036560583036959,
        0.0
      ],
      [
        0.008776968785084636,
        1.000909813473689,
        0.0381756178162833,
        0.02888962425137004,
        0.02888962425137004,
        0.0
      ],
      [
        0.35602532827113204,
        0.0381756178162833,
        2.6860465796205566,
        1.1690515980157894,
        1.1690515980157894,
        0.0
      ],
      [
        0.3036560583036959,
        0.02888962425137004,
        1.1690515980157894,
        1.9854595401121804,
        0.9854595401121972,
        0.0
      ],
      [
        0.3036560583036959,
        0.02888962425137004,
        1.1690515980157894,
        0.9854595401121972,
        1.9854595401121804,
        0.0
      ],
      [
        0.0,
        0.0,
        0.0,
        0.0,
        0.0,
        1.0
      ]
    ],
    "vwap": [
      [
        1.0,
        0.0,
        0.0,
        0.0,
        0.0,
        0.0
      ],
      [
        0.0,
        1.0,
        0.0,
        0.0,
        0.0,
        0.0
      ],
      [
        0.0,
        0.0,
        1.0,
        0.0,
        0.0,
        0.0
      ],
      [
        0.0,
        0.0,
        0.0,
        1.0,
        0.0,
        0.0
      ],
      [
        0.0,
        0.0,
        0.0,
        0.0,
        1.0,
        0.0
      ],
      [
        0.0,
        0.0,
        0.0,
        0.0,
        0.0,
        1.0
      ]
    ]
  },
  "b": {
    "trend": [
      [
        0.008458982775514408
      ],
      [
        0.0050834828730037815
      ],
      [
        0.09252737474760335
      ],
      [
        0.01983083657816001
      ],
      [
        0.01983083657816001
      ],
      [
        0.0
      ]
    ],
    "breakout": [
      [
        0.0
      ],
      [
        0.0
      ],
      [
        0.0
      ],
      [
        0.0
      ],
      [
        0.0
      ],
      [
        0.0
      ]
    ],
    "reversion": [
      [
        -0.1997177361066057
      ],
      [
        -0.031073550546961145
      ],
      [
        -1.29597011730267
      ],
      [
        -0.7953623447355646
      ],
      [
        -0.7953623447355646
      ],
      [
        0.0
      ]
    ],
    "vwap": [
      [
        0.0
      ],
      [
        0.0
      ],
      [
        0.0
      ],
      [
        0.0
      ],
      [
        0.0
      ],
      [
        0.0
      ]
    ]
  },
  "counts": {
    "trend": 1,
    "breakout": 0,
    "reversion": 9,
    "vwap": 0
  },
  "reward_sum": {
    "trend": 0.01983083657816001,
    "breakout": 0.0,
    "reversion": -0.7953623447355646,
    "vwap": 0.0
  },
  "disabled_until": {
    "trend": 0.0,
    "breakout": 0.0,
    "reversion": 0.0,
    "vwap": 0.0
  },
  "_snapshot_time": "2025-09-26T06:22:00.874495"
}