{
  "arms": [
    "trend",
    "breakout",
    "reversion",
    "vwap"
  ],
  "d": 6,
  "alpha": 0.6,
  "alpha_base": 0.6,
  "alpha_boost_until": 0.0,
  "A": {
    "trend": [
      [
        1.1012172788107844,
        0.06082720782646083,
        1.1071507456626197,
        0.23728897058318493,
        0.23728897058318493,
        0.0
      ],
      [
        0.06082720782646083,
        1.0365545216729286,
        0.6653497238108559,
        0.14260041070233348,
        0.14260041070233348,
        0.0
      ],
      [
        1.1071507456626197,
        0.6653497238108559,
        13.110410277999883,
        2.5955515086491263,
        2.5955515086491263,
        0.0
      ],
      [
        0.23728897058318493,
        0.14260041070233348,
        2.5955515086491263,
        1.5562889678716472,
        0.5562889678716474,
        0.0
      ],
      [
        0.23728897058318493,
        0.14260041070233348,
        2.5955515086491263,
        0.5562889678716474,
        1.5562889678716472,
        0.0
      ],
      [
        0.0,
        0.0,
        0.0,
        0.0,
        0.0,
        1.0
      ]
    ],
    "breakout": [
      [
        1.0,
        0.0,
        0.0,
        0.0,
        0.0,
        0.0
      ],
      [
        0.0,
        1.0,
        0.0,
        0.0,
        0.0,
        0.0
      ],
      [
        0.0,
        0.0,
        1.0,
        0.0,
        0.0,
        0.0
      ],
      [
        0.0,
        0.0,
        0.0,
        1.0,
        0.0,
        0.0
      ],
      [
        0.0,
        0.0,
        0.0,
        0.0,
        1.0,
        0.0
      ],
      [
        0.0,
        0.0,
        0.0,
        0.0,
        0.0,
        1.0
      ]
    ],
    "reversion": [
      [
        1.0823257768585517,
        0.008346183304000665,
        0.2352555341167583,
        0.28299653853565593,
        0.28299653853565593,
        0.0
      ],
      [
        0.008346183304000665,
        1.0009058371175412,
        0.02432863781234818,
        0.028402817364180002,
        0.028402817364180002,
        0.0
      ],
      [
        0.2352555341167583,
        0.02432863781234818,
        1.6761044057385024,
        0.806392834181787,
        0.806392834181787,
        0.0
      ],
      [
        0.28299653853565593,
        0.028402817364180002,
        0.806392834181787,
        1.974189505179842,
        0.9741895051798535,
        0.0
      ],
      [
        0.28299653853565593,
        0.028402817364180002,
        0.806392834181787,
        0.9741895051798535,
        1.974189505179842,
        0.0
      ],
      [
        0.0,
        0.0,
        0.0,
        0.0,
        0.0,
        1.0
      ]
    ],
    "vwap": [
      [
        1.0,
        0.0,
        0.0,
        0.0,
        0.0,
        0.0
      ],
      [
        0.0,
        1.0,
        0.0,
        0.0,
        0.0,
        0.0
      ],
      [
        0.0,
        0.0,
        1.0,
        0.0,
        0.0,
        0.0
      ],
      [
        0.0,
        0.0,
        0.0,
        1.0,
        0.0,
        0.0
      ],
      [
        0.0,
        0.0,
        0.0,
        0.0,
        1.0,
        0.0
      ],
      [
        0.0,
        0.0,
        0.0,
        0.0,
        0.0,
        1.0
      ]
    ]
  },
  "b": {
    "trend": [
      [
        0.24192297903280255
      ],
      [
        0.14538524940128145
      ],
      [
        2.6462399481199412
      ],
      [
        0.5671527167058672
      ],
      [
        0.5671527167058672
      ],
      [
        0.0
      ]
    ],
    "breakout": [
      [
        0.0
      ],
      [
        0.0
      ],
      [
        0.0
      ],
      [
        0.0
      ],
      [
        0.0
      ],
      [
        0.0
      ]
    ],
    "reversion": [
      [
        0.11282512829896123
      ],
      [
        0.012275924450991018
      ],
      [
        0.32912441053567837
      ],
      [
        0.383806532513594
      ],
      [
        0.383806532513594
      ],
      [
        0.0
      ]
    ],
    "vwap": [
      [
        0.0
      ],
      [
        0.0
      ],
      [
        0.0
      ],
      [
        0.0
      ],
      [
        0.0
      ],
      [
        0.0
      ]
    ]
  },
  "counts": {
    "trend": 1,
    "breakout": 0,
    "reversion": 2,
    "vwap": 0
  },
  "reward_sum": {
    "trend": 0.5671527167058672,
    "breakout": 0.0,
    "reversion": 0.383806532513594,
    "vwap": 0.0
  },
  "disabled_until": {
    "trend": 0.0,
    "breakout": 0.0,
    "reversion": 0.0,
    "vwap": 0.0
  },
  "_snapshot_time": "2025-09-18T12:43:00.326408"
}