{
  "arms": [
    "trend",
    "breakout",
    "reversion",
    "vwap"
  ],
  "d": 6,
  "alpha": 0.6,
  "alpha_base": 0.6,
  "alpha_boost_until": 0.0,
  "A": {
    "trend": [
      [
        1.0162434819237243,
        0.00976163025136003,
        0.17767700668605374,
        0.03808044584534192,
        0.03808044584534192,
        0.0
      ],
      [
        0.00976163025136003,
        1.005866317678176,
        0.10677619808254142,
        0.022884701315563517,
        0.022884701315563517,
        0.0
      ],
      [
        0.17767700668605374,
        0.10677619808254142,
        2.9434945569649944,
        0.4165375171926033,
        0.4165375171926033,
        0.0
      ],
      [
        0.03808044584534192,
        0.022884701315563517,
        0.4165375171926033,
        1.0892739846413177,
        0.089273984641318,
        0.0
      ],
      [
        0.03808044584534192,
        0.022884701315563517,
        0.4165375171926033,
        0.089273984641318,
        1.0892739846413177,
        0.0
      ],
      [
        0.0,
        0.0,
        0.0,
        0.0,
        0.0,
        1.0
      ]
    ],
    "breakout": [
      [
        1.0,
        0.0,
        0.0,
        0.0,
        0.0,
        0.0
      ],
      [
        0.0,
        1.0,
        0.0,
        0.0,
        0.0,
        0.0
      ],
      [
        0.0,
        0.0,
        1.0,
        0.0,
        0.0,
        0.0
      ],
      [
        0.0,
        0.0,
        0.0,
        1.0,
        0.0,
        0.0
      ],
      [
        0.0,
        0.0,
        0.0,
        0.0,
        1.0,
        0.0
      ],
      [
        0.0,
        0.0,
        0.0,
        0.0,
        0.0,
        1.0
      ]
    ],
    "reversion": [
      [
        1.1873284795900725,
        0.012207008285087655,
        0.314625269243803,
        0.5885562472652294,
        0.5885562472652294,
        0.0
      ],
      [
        0.012207008285087655,
        1.0009761305899938,
        0.024851824255675985,
        0.040840929830276894,
        0.040840929830276894,
        0.0
      ],
      [
        0.314625269243803,
        0.024851824255675985,
        1.6723483135247004,
        1.0537507568708548,
        1.0537507568708548,
        0.0
      ],
      [
        0.5885562472652294,
        0.040840929830276894,
        1.0537507568708548,
        2.891806000488033,
        1.8918060004880497,
        0.0
      ],
      [
        0.5885562472652294,
        0.040840929830276894,
        1.0537507568708548,
        1.8918060004880497,
        2.891806000488033,
        0.0
      ],
      [
        0.0,
        0.0,
        0.0,
        0.0,
        0.0,
        1.0
      ]
    ],
    "vwap": [
      [
        1.0,
        0.0,
        0.0,
        0.0,
        0.0,
        0.0
      ],
      [
        0.0,
        1.0,
        0.0,
        0.0,
        0.0,
        0.0
      ],
      [
        0.0,
        0.0,
        1.0,
        0.0,
        0.0,
        0.0
      ],
      [
        0.0,
        0.0,
        0.0,
        1.0,
        0.0,
        0.0
      ],
      [
        0.0,
        0.0,
        0.0,
        0.0,
        1.0,
        0.0
      ],
      [
        0.0,
        0.0,
        0.0,
        0.0,
        0.0,
        1.0
      ]
    ]
  },
  "b": {
    "trend": [
      [
        0.03882411761136974
      ],
      [
        0.023331615889817275
      ],
      [
        0.4246720645738377
      ],
      [
        0.0910174133314176
      ],
      [
        0.0910174133314176
      ],
      [
        0.0
      ]
    ],
    "breakout": [
      [
        0.0
      ],
      [
        0.0
      ],
      [
        0.0
      ],
      [
        0.0
      ],
      [
        0.0
      ],
      [
        0.0
      ]
    ],
    "reversion": [
      [
        -0.005354675976920255
      ],
      [
        -0.03876674917537377
      ],
      [
        -1.067750895491772
      ],
      [
        -0.6724008825731341
      ],
      [
        -0.6724008825731341
      ],
      [
        0.0
      ]
    ],
    "vwap": [
      [
        0.0
      ],
      [
        0.0
      ],
      [
        0.0
      ],
      [
        0.0
      ],
      [
        0.0
      ],
      [
        0.0
      ]
    ]
  },
  "counts": {
    "trend": 1,
    "breakout": 0,
    "reversion": 8,
    "vwap": 0
  },
  "reward_sum": {
    "trend": 0.0910174133314176,
    "breakout": 0.0,
    "reversion": -0.6724008825731341,
    "vwap": 0.0
  },
  "disabled_until": {
    "trend": 0.0,
    "breakout": 0.0,
    "reversion": 0.0,
    "vwap": 0.0
  },
  "_snapshot_time": "2025-09-23T15:19:00.836449"
}