{
  "arms": [
    "trend",
    "breakout",
    "reversion",
    "vwap"
  ],
  "d": 6,
  "alpha": 0.6,
  "alpha_base": 0.6,
  "alpha_boost_until": 0.0,
  "A": {
    "trend": [
      [
        1.0119642934077597,
        0.007190022989760133,
        0.13086971437445144,
        0.028048519974435363,
        0.028048519974435363,
        0.0
      ],
      [
        0.007190022989760133,
        1.004320892912887,
        0.07864703939853611,
        0.01685594765789977,
        0.01685594765789977,
        0.0
      ],
      [
        0.13086971437445144,
        0.07864703939853611,
        2.4314996763071464,
        0.3068047290866359,
        0.3068047290866359,
        0.0
      ],
      [
        0.028048519974435363,
        0.01685594765789977,
        0.3068047290866359,
        1.0657556151411427,
        0.06575561514114299,
        0.0
      ],
      [
        0.028048519974435363,
        0.01685594765789977,
        0.3068047290866359,
        0.06575561514114299,
        1.0657556151411427,
        0.0
      ],
      [
        0.0,
        0.0,
        0.0,
        0.0,
        0.0,
        1.0
      ]
    ],
    "breakout": [
      [
        1.0,
        0.0,
        0.0,
        0.0,
        0.0,
        0.0
      ],
      [
        0.0,
        1.0,
        0.0,
        0.0,
        0.0,
        0.0
      ],
      [
        0.0,
        0.0,
        1.0,
        0.0,
        0.0,
        0.0
      ],
      [
        0.0,
        0.0,
        0.0,
        1.0,
        0.0,
        0.0
      ],
      [
        0.0,
        0.0,
        0.0,
        0.0,
        1.0,
        0.0
      ],
      [
        0.0,
        0.0,
        0.0,
        0.0,
        0.0,
        1.0
      ]
    ],
    "reversion": [
      [
        1.137978599906691,
        0.008991189785511944,
        0.231740279110371,
        0.4335067852026426,
        0.4335067852026426,
        0.0
      ],
      [
        0.008991189785511944,
        1.000718978408559,
        0.01830485104789681,
        0.030081781100237775,
        0.030081781100237775,
        0.0
      ],
      [
        0.231740279110371,
        0.01830485104789681,
        1.4952246404431802,
        0.7761502917325721,
        0.7761502917325721,
        0.0
      ],
      [
        0.4335067852026426,
        0.030081781100237775,
        0.7761502917325721,
        2.39342797108915,
        1.3934279710891673,
        0.0
      ],
      [
        0.4335067852026426,
        0.030081781100237775,
        0.7761502917325721,
        1.3934279710891673,
        2.39342797108915,
        0.0
      ],
      [
        0.0,
        0.0,
        0.0,
        0.0,
        0.0,
        1.0
      ]
    ],
    "vwap": [
      [
        1.0,
        0.0,
        0.0,
        0.0,
        0.0,
        0.0
      ],
      [
        0.0,
        1.0,
        0.0,
        0.0,
        0.0,
        0.0
      ],
      [
        0.0,
        0.0,
        1.0,
        0.0,
        0.0,
        0.0
      ],
      [
        0.0,
        0.0,
        0.0,
        1.0,
        0.0,
        0.0
      ],
      [
        0.0,
        0.0,
        0.0,
        0.0,
        1.0,
        0.0
      ],
      [
        0.0,
        0.0,
        0.0,
        0.0,
        0.0,
        1.0
      ]
    ]
  },
  "b": {
    "trend": [
      [
        0.028596278592298456
      ],
      [
        0.017185126901591744
      ],
      [
        0.3127963084823235
      ],
      [
        0.06703975437199303
      ],
      [
        0.06703975437199303
      ],
      [
        0.0
      ]
    ],
    "breakout": [
      [
        0.0
      ],
      [
        0.0
      ],
      [
        0.0
      ],
      [
        0.0
      ],
      [
        0.0
      ],
      [
        0.0
      ]
    ],
    "reversion": [
      [
        -0.003944038278996376
      ],
      [
        -0.02855402331699336
      ],
      [
        -0.7864622289758619
      ],
      [
        -0.495263360683249
      ],
      [
        -0.495263360683249
      ],
      [
        0.0
      ]
    ],
    "vwap": [
      [
        0.0
      ],
      [
        0.0
      ],
      [
        0.0
      ],
      [
        0.0
      ],
      [
        0.0
      ],
      [
        0.0
      ]
    ]
  },
  "counts": {
    "trend": 1,
    "breakout": 0,
    "reversion": 8,
    "vwap": 0
  },
  "reward_sum": {
    "trend": 0.06703975437199303,
    "breakout": 0.0,
    "reversion": -0.495263360683249,
    "vwap": 0.0
  },
  "disabled_until": {
    "trend": 0.0,
    "breakout": 0.0,
    "reversion": 0.0,
    "vwap": 0.0
  },
  "_snapshot_time": "2025-09-24T04:06:00.577039"
}