{
  "arms": [
    "trend",
    "breakout",
    "reversion",
    "vwap"
  ],
  "d": 6,
  "alpha": 0.6,
  "alpha_base": 0.6,
  "alpha_boost_until": 0.0,
  "A": {
    "trend": [
      [
        1.008381577940983,
        0.0050369659145139325,
        0.09168069302213418,
        0.0196493723684891,
        0.0196493723684891,
        0.0
      ],
      [
        0.0050369659145139325,
        1.0030269987110576,
        0.05509613213922093,
        0.011808423134472416,
        0.011808423134472416,
        0.0
      ],
      [
        0.09168069302213418,
        0.05509613213922093,
        2.002836164288443,
        0.21493185279406476,
        0.21493185279406476,
        0.0
      ],
      [
        0.0196493723684891,
        0.011808423134472416,
        0.21493185279406476,
        1.0460650532864135,
        0.046065053286412784,
        0.0
      ],
      [
        0.0196493723684891,
        0.011808423134472416,
        0.21493185279406476,
        0.046065053286412784,
        1.0460650532864135,
        0.0
      ],
      [
        0.0,
        0.0,
        0.0,
        0.0,
        0.0,
        1.0
      ]
    ],
    "breakout": [
      [
        1.0,
        0.0,
        0.0,
        0.0,
        0.0,
        0.0
      ],
      [
        0.0,
        1.0,
        0.0,
        0.0,
        0.0,
        0.0
      ],
      [
        0.0,
        0.0,
        1.0,
        0.0,
        0.0,
        0.0
      ],
      [
        0.0,
        0.0,
        0.0,
        1.0,
        0.0,
        0.0
      ],
      [
        0.0,
        0.0,
        0.0,
        0.0,
        1.0,
        0.0
      ],
      [
        0.0,
        0.0,
        0.0,
        0.0,
        0.0,
        1.0
      ]
    ],
    "reversion": [
      [
        1.0966608181437185,
        0.006298772138148668,
        0.16234550133723916,
        0.30369289554233675,
        0.30369289554233675,
        0.0
      ],
      [
        0.006298772138148668,
        1.0005036798550353,
        0.01282345145903167,
        0.021073772123616268,
        0.021073772123616268,
        0.0
      ],
      [
        0.16234550133723916,
        0.01282345145903167,
        1.3469292987647226,
        0.5437315804921278,
        0.5437315804921278,
        0.0
      ],
      [
        0.30369289554233675,
        0.021073772123616268,
        0.5437315804921278,
        1.976165056036971,
        0.9761650560369892,
        0.0
      ],
      [
        0.30369289554233675,
        0.021073772123616268,
        0.5437315804921278,
        0.9761650560369892,
        1.976165056036971,
        0.0
      ],
      [
        0.0,
        0.0,
        0.0,
        0.0,
        0.0,
        1.0
      ]
    ],
    "vwap": [
      [
        1.0,
        0.0,
        0.0,
        0.0,
        0.0,
        0.0
      ],
      [
        0.0,
        1.0,
        0.0,
        0.0,
        0.0,
        0.0
      ],
      [
        0.0,
        0.0,
        1.0,
        0.0,
        0.0,
        0.0
      ],
      [
        0.0,
        0.0,
        0.0,
        1.0,
        0.0,
        0.0
      ],
      [
        0.0,
        0.0,
        0.0,
        0.0,
        1.0,
        0.0
      ],
      [
        0.0,
        0.0,
        0.0,
        0.0,
        0.0,
        1.0
      ]
    ]
  },
  "b": {
    "trend": [
      [
        0.020033104310860767
      ],
      [
        0.012039029438875524
      ],
      [
        0.21912924983064758
      ],
      [
        0.04696465618677813
      ],
      [
        0.04696465618677813
      ],
      [
        0.0
      ]
    ],
    "breakout": [
      [
        0.0
      ],
      [
        0.0
      ],
      [
        0.0
      ],
      [
        0.0
      ],
      [
        0.0
      ],
      [
        0.0
      ]
    ],
    "reversion": [
      [
        -0.0027629934431552742
      ],
      [
        -0.02000350240531425
      ],
      [
        -0.5509556014001317
      ],
      [
        -0.34695642420364087
      ],
      [
        -0.34695642420364087
      ],
      [
        0.0
      ]
    ],
    "vwap": [
      [
        0.0
      ],
      [
        0.0
      ],
      [
        0.0
      ],
      [
        0.0
      ],
      [
        0.0
      ],
      [
        0.0
      ]
    ]
  },
  "counts": {
    "trend": 1,
    "breakout": 0,
    "reversion": 8,
    "vwap": 0
  },
  "reward_sum": {
    "trend": 0.04696465618677813,
    "breakout": 0.0,
    "reversion": -0.34695642420364087,
    "vwap": 0.0
  },
  "disabled_until": {
    "trend": 0.0,
    "breakout": 0.0,
    "reversion": 0.0,
    "vwap": 0.0
  },
  "_snapshot_time": "2025-09-24T16:37:00.694712"
}