{
  "arms": [
    "trend",
    "breakout",
    "reversion",
    "vwap"
  ],
  "d": 6,
  "alpha": 0.6,
  "alpha_base": 0.6,
  "alpha_boost_until": 0.0,
  "A": {
    "trend": [
      [
        1.0110422187623818,
        0.0066358959993399165,
        0.1207837325817997,
        0.025886852065819442,
        0.025886852065819442,
        0.0
      ],
      [
        0.0066358959993399165,
        1.0039878865526632,
        0.07258580046933698,
        0.015556878717556332,
        0.015556878717556332,
        0.0
      ],
      [
        0.1207837325817997,
        0.07258580046933698,
        2.3211756052229084,
        0.28315963345654,
        0.28315963345654,
        0.0
      ],
      [
        0.025886852065819442,
        0.015556878717556332,
        0.28315963345654,
        1.0606879037898316,
        0.060687903789832374,
        0.0
      ],
      [
        0.025886852065819442,
        0.015556878717556332,
        0.28315963345654,
        0.060687903789832374,
        1.0606879037898316,
        0.0
      ],
      [
        0.0,
        0.0,
        0.0,
        0.0,
        0.0,
        1.0
      ]
    ],
    "breakout": [
      [
        1.0,
        0.0,
        0.0,
        0.0,
        0.0,
        0.0
      ],
      [
        0.0,
        1.0,
        0.0,
        0.0,
        0.0,
        0.0
      ],
      [
        0.0,
        0.0,
        1.0,
        0.0,
        0.0,
        0.0
      ],
      [
        0.0,
        0.0,
        0.0,
        1.0,
        0.0,
        0.0
      ],
      [
        0.0,
        0.0,
        0.0,
        0.0,
        1.0,
        0.0
      ],
      [
        0.0,
        0.0,
        0.0,
        0.0,
        0.0,
        1.0
      ]
    ],
    "reversion": [
      [
        1.1273447442962738,
        0.008298248894608213,
        0.21388031626943793,
        0.4000969045175327,
        0.4000969045175327,
        0.0
      ],
      [
        0.008298248894608213,
        1.000663567550725,
        0.016894116751816374,
        0.027763412041989392,
        0.027763412041989392,
        0.0
      ],
      [
        0.21388031626943793,
        0.016894116751816374,
        1.4570582340239615,
        0.7163332611216742,
        0.7163332611216742,
        0.0
      ],
      [
        0.4000969045175327,
        0.027763412041989392,
        0.7163332611216742,
        2.2860380435344476,
        1.2860380435344643,
        0.0
      ],
      [
        0.4000969045175327,
        0.027763412041989392,
        0.7163332611216742,
        1.2860380435344643,
        2.2860380435344476,
        0.0
      ],
      [
        0.0,
        0.0,
        0.0,
        0.0,
        0.0,
        1.0
      ]
    ],
    "vwap": [
      [
        1.0,
        0.0,
        0.0,
        0.0,
        0.0,
        0.0
      ],
      [
        0.0,
        1.0,
        0.0,
        0.0,
        0.0,
        0.0
      ],
      [
        0.0,
        0.0,
        1.0,
        0.0,
        0.0,
        0.0
      ],
      [
        0.0,
        0.0,
        0.0,
        1.0,
        0.0,
        0.0
      ],
      [
        0.0,
        0.0,
        0.0,
        0.0,
        1.0,
        0.0
      ],
      [
        0.0,
        0.0,
        0.0,
        0.0,
        0.0,
        1.0
      ]
    ]
  },
  "b": {
    "trend": [
      [
        0.026392395542670404
      ],
      [
        0.015860688486925952
      ],
      [
        0.2886894485625827
      ],
      [
        0.061873075853500256
      ],
      [
        0.061873075853500256
      ],
      [
        0.0
      ]
    ],
    "breakout": [
      [
        0.0
      ],
      [
        0.0
      ],
      [
        0.0
      ],
      [
        0.0
      ],
      [
        0.0
      ],
      [
        0.0
      ]
    ],
    "reversion": [
      [
        -0.003640075681831537
      ],
      [
        -0.02635339683393923
      ],
      [
        -0.7258504689519754
      ],
      [
        -0.45709397013864866
      ],
      [
        -0.45709397013864866
      ],
      [
        0.0
      ]
    ],
    "vwap": [
      [
        0.0
      ],
      [
        0.0
      ],
      [
        0.0
      ],
      [
        0.0
      ],
      [
        0.0
      ],
      [
        0.0
      ]
    ]
  },
  "counts": {
    "trend": 1,
    "breakout": 0,
    "reversion": 8,
    "vwap": 0
  },
  "reward_sum": {
    "trend": 0.061873075853500256,
    "breakout": 0.0,
    "reversion": -0.45709397013864866,
    "vwap": 0.0
  },
  "disabled_until": {
    "trend": 0.0,
    "breakout": 0.0,
    "reversion": 0.0,
    "vwap": 0.0
  },
  "_snapshot_time": "2025-09-24T06:46:00.842356"
}