{
  "arms": [
    "trend",
    "breakout",
    "reversion",
    "vwap"
  ],
  "d": 6,
  "alpha": 0.6,
  "alpha_base": 0.6,
  "alpha_boost_until": 0.0,
  "A": {
    "trend": [
      [
        1.0499239618251326,
        0.03000214229365588,
        0.5460861249239732,
        0.11703935976253846,
        0.11703935976253846,
        0.0
      ],
      [
        0.03000214229365588,
        1.0180299901951213,
        0.32817414775586984,
        0.07033559431547735,
        0.07033559431547735,
        0.0
      ],
      [
        0.5460861249239732,
        0.32817414775586984,
        6.973285070583999,
        1.2802183180127606,
        1.2802183180127606,
        0.0
      ],
      [
        0.11703935976253846,
        0.07033559431547735,
        1.2802183180127606,
        1.274381504048189,
        0.2743815040481898,
        0.0
      ],
      [
        0.11703935976253846,
        0.07033559431547735,
        1.2802183180127606,
        0.2743815040481898,
        1.274381504048189,
        0.0
      ],
      [
        0.0,
        0.0,
        0.0,
        0.0,
        0.0,
        1.0
      ]
    ],
    "breakout": [
      [
        1.0,
        0.0,
        0.0,
        0.0,
        0.0,
        0.0
      ],
      [
        0.0,
        1.0,
        0.0,
        0.0,
        0.0,
        0.0
      ],
      [
        0.0,
        0.0,
        1.0,
        0.0,
        0.0,
        0.0
      ],
      [
        0.0,
        0.0,
        0.0,
        1.0,
        0.0,
        0.0
      ],
      [
        0.0,
        0.0,
        0.0,
        0.0,
        1.0,
        0.0
      ],
      [
        0.0,
        0.0,
        0.0,
        0.0,
        0.0,
        1.0
      ]
    ],
    "reversion": [
      [
        1.427903015633405,
        0.030239335339082834,
        0.7650987768991037,
        1.3902037747832963,
        1.3902037747832963,
        0.0
      ],
      [
        0.030239335339082834,
        1.0026417818760953,
        0.06644205483009569,
        0.10491018596262648,
        0.10491018596262648,
        0.0
      ],
      [
        0.7650987768991037,
        0.06644205483009569,
        2.790746070417681,
        2.666901416799892,
        2.666901416799892,
        0.0
      ],
      [
        1.3902037747832963,
        0.10491018596262648,
        2.666901416799892,
        5.628611101865255,
        4.628611101865264,
        0.0
      ],
      [
        1.3902037747832963,
        0.10491018596262648,
        2.666901416799892,
        4.628611101865264,
        5.628611101865255,
        0.0
      ],
      [
        0.0,
        0.0,
        0.0,
        0.0,
        0.0,
        1.0
      ]
    ],
    "vwap": [
      [
        1.0,
        0.0,
        0.0,
        0.0,
        0.0,
        0.0
      ],
      [
        0.0,
        1.0,
        0.0,
        0.0,
        0.0,
        0.0
      ],
      [
        0.0,
        0.0,
        1.0,
        0.0,
        0.0,
        0.0
      ],
      [
        0.0,
        0.0,
        0.0,
        1.0,
        0.0,
        0.0
      ],
      [
        0.0,
        0.0,
        0.0,
        0.0,
        1.0,
        0.0
      ],
      [
        0.0,
        0.0,
        0.0,
        0.0,
        0.0,
        1.0
      ]
    ]
  },
  "b": {
    "trend": [
      [
        0.1193250175440378
      ],
      [
        0.07170917580797467
      ],
      [
        1.3052196591557814
      ],
      [
        0.27973989135567057
      ],
      [
        0.27973989135567057
      ],
      [
        0.0
      ]
    ],
    "breakout": [
      [
        0.0
      ],
      [
        0.0
      ],
      [
        0.0
      ],
      [
        0.0
      ],
      [
        0.0
      ],
      [
        0.0
      ]
    ],
    "reversion": [
      [
        -0.44183069131998015
      ],
      [
        -0.14009018550371355
      ],
      [
        -3.8625832560725244
      ],
      [
        -3.271289151568979
      ],
      [
        -3.271289151568979
      ],
      [
        0.0
      ]
    ],
    "vwap": [
      [
        0.0
      ],
      [
        0.0
      ],
      [
        0.0
      ],
      [
        0.0
      ],
      [
        0.0
      ],
      [
        0.0
      ]
    ]
  },
  "counts": {
    "trend": 1,
    "breakout": 0,
    "reversion": 7,
    "vwap": 0
  },
  "reward_sum": {
    "trend": 0.27973989135567057,
    "breakout": 0.0,
    "reversion": -3.271289151568979,
    "vwap": 0.0
  },
  "disabled_until": {
    "trend": 0.0,
    "breakout": 0.0,
    "reversion": 0.0,
    "vwap": 0.0
  },
  "_snapshot_time": "2025-09-19T14:47:00.585348"
}