{
  "arms": [
    "trend",
    "breakout",
    "reversion",
    "vwap"
  ],
  "d": 6,
  "alpha": 0.6,
  "alpha_base": 0.6,
  "alpha_boost_until": 0.0,
  "A": {
    "trend": [
      [
        1.0174243264462528,
        0.010471266748473524,
        0.19059350581536,
        0.04084876153671359,
        0.04084876153671359,
        0.0
      ],
      [
        0.010471266748473524,
        1.006292778527531,
        0.11453845553660083,
        0.024548339341271617,
        0.024548339341271617,
        0.0
      ],
      [
        0.19059350581536,
        0.11453845553660083,
        3.0847798376046343,
        0.4468183429364105,
        0.4468183429364105,
        0.0
      ],
      [
        0.04084876153671359,
        0.024548339341271617,
        0.4468183429364105,
        1.0957638921785762,
        0.09576389217857617,
        0.0
      ],
      [
        0.04084876153671359,
        0.024548339341271617,
        0.4468183429364105,
        0.09576389217857617,
        1.0957638921785762,
        0.0
      ],
      [
        0.0,
        0.0,
        0.0,
        0.0,
        0.0,
        1.0
      ]
    ],
    "breakout": [
      [
        1.0,
        0.0,
        0.0,
        0.0,
        0.0,
        0.0
      ],
      [
        0.0,
        1.0,
        0.0,
        0.0,
        0.0,
        0.0
      ],
      [
        0.0,
        0.0,
        1.0,
        0.0,
        0.0,
        0.0
      ],
      [
        0.0,
        0.0,
        0.0,
        1.0,
        0.0,
        0.0
      ],
      [
        0.0,
        0.0,
        0.0,
        0.0,
        1.0,
        0.0
      ],
      [
        0.0,
        0.0,
        0.0,
        0.0,
        0.0,
        1.0
      ]
    ],
    "reversion": [
      [
        1.200946607161271,
        0.013094415242389492,
        0.337497429755973,
        0.6313422351493093,
        0.6313422351493093,
        0.0
      ],
      [
        0.013094415242389492,
        1.001047091881783,
        0.026658465263126662,
        0.04380992308625252,
        0.04380992308625252,
        0.0
      ],
      [
        0.337497429755973,
        0.026658465263126662,
        1.7212256925857803,
        1.1303547642632,
        1.1303547642632,
        0.0
      ],
      [
        0.6313422351493093,
        0.04380992308625252,
        1.1303547642632,
        3.0293337032216607,
        2.0293337032216767,
        0.0
      ],
      [
        0.6313422351493093,
        0.04380992308625252,
        1.1303547642632,
        2.0293337032216767,
        3.0293337032216607,
        0.0
      ],
      [
        0.0,
        0.0,
        0.0,
        0.0,
        0.0,
        1.0
      ]
    ],
    "vwap": [
      [
        1.0,
        0.0,
        0.0,
        0.0,
        0.0,
        0.0
      ],
      [
        0.0,
        1.0,
        0.0,
        0.0,
        0.0,
        0.0
      ],
      [
        0.0,
        0.0,
        1.0,
        0.0,
        0.0,
        0.0
      ],
      [
        0.0,
        0.0,
        0.0,
        1.0,
        0.0,
        0.0
      ],
      [
        0.0,
        0.0,
        0.0,
        0.0,
        1.0,
        0.0
      ],
      [
        0.0,
        0.0,
        0.0,
        0.0,
        0.0,
        1.0
      ]
    ]
  },
  "b": {
    "trend": [
      [
        0.0416464956482162
      ],
      [
        0.02502774304744452
      ],
      [
        0.455544243560964
      ],
      [
        0.09763406205808282
      ],
      [
        0.09763406205808282
      ],
      [
        0.0
      ]
    ],
    "breakout": [
      [
        0.0
      ],
      [
        0.0
      ],
      [
        0.0
      ],
      [
        0.0
      ],
      [
        0.0
      ],
      [
        0.0
      ]
    ],
    "reversion": [
      [
        -0.005743942257817348
      ],
      [
        -0.041584956726869245
      ],
      [
        -1.1453726641672457
      ],
      [
        -0.721282083220817
      ],
      [
        -0.721282083220817
      ],
      [
        0.0
      ]
    ],
    "vwap": [
      [
        0.0
      ],
      [
        0.0
      ],
      [
        0.0
      ],
      [
        0.0
      ],
      [
        0.0
      ],
      [
        0.0
      ]
    ]
  },
  "counts": {
    "trend": 1,
    "breakout": 0,
    "reversion": 8,
    "vwap": 0
  },
  "reward_sum": {
    "trend": 0.09763406205808282,
    "breakout": 0.0,
    "reversion": -0.721282083220817,
    "vwap": 0.0
  },
  "disabled_until": {
    "trend": 0.0,
    "breakout": 0.0,
    "reversion": 0.0,
    "vwap": 0.0
  },
  "_snapshot_time": "2025-09-23T11:51:00.913006"
}