{
  "arms": [
    "trend",
    "breakout",
    "reversion",
    "vwap"
  ],
  "d": 6,
  "alpha": 0.6,
  "alpha_base": 0.6,
  "alpha_boost_until": 0.0,
  "A": {
    "trend": [
      [
        1.0096929605746459,
        0.005825050171817036,
        0.1060250646330655,
        0.022723715394093475,
        0.022723715394093475,
        0.0
      ],
      [
        0.005825050171817036,
        1.0035006032721263,
        0.0637164792120682,
        0.013655970355118945,
        0.013655970355118945,
        0.0
      ],
      [
        0.1060250646330655,
        0.0637164792120682,
        2.1597400241006923,
        0.24856011481821555,
        0.24856011481821555,
        0.0
      ],
      [
        0.022723715394093475,
        0.013655970355118945,
        0.24856011481821555,
        1.0532723967393918,
        0.05327239673939179,
        0.0
      ],
      [
        0.022723715394093475,
        0.013655970355118945,
        0.24856011481821555,
        0.05327239673939179,
        1.0532723967393918,
        0.0
      ],
      [
        0.0,
        0.0,
        0.0,
        0.0,
        0.0,
        1.0
      ]
    ],
    "breakout": [
      [
        1.0,
        0.0,
        0.0,
        0.0,
        0.0,
        0.0
      ],
      [
        0.0,
        1.0,
        0.0,
        0.0,
        0.0,
        0.0
      ],
      [
        0.0,
        0.0,
        1.0,
        0.0,
        0.0,
        0.0
      ],
      [
        0.0,
        0.0,
        0.0,
        1.0,
        0.0,
        0.0
      ],
      [
        0.0,
        0.0,
        0.0,
        0.0,
        1.0,
        0.0
      ],
      [
        0.0,
        0.0,
        0.0,
        0.0,
        0.0,
        1.0
      ]
    ],
    "reversion": [
      [
        1.1117843806950551,
        0.007284278740071625,
        0.18774609685828403,
        0.3512087203649884,
        0.3512087203649884,
        0.0
      ],
      [
        0.007284278740071625,
        1.0005824856621846,
        0.014829810126266888,
        0.0243709768961877,
        0.0243709768961877,
        0.0
      ],
      [
        0.18774609685828403,
        0.014829810126266888,
        1.4012098961310575,
        0.628803885140775,
        0.628803885140775,
        0.0
      ],
      [
        0.3512087203649884,
        0.0243709768961877,
        0.628803885140775,
        2.1288959512323165,
        1.1288959512323347,
        0.0
      ],
      [
        0.3512087203649884,
        0.0243709768961877,
        0.628803885140775,
        1.1288959512323347,
        2.1288959512323165,
        0.0
      ],
      [
        0.0,
        0.0,
        0.0,
        0.0,
        0.0,
        1.0
      ]
    ],
    "vwap": [
      [
        1.0,
        0.0,
        0.0,
        0.0,
        0.0,
        0.0
      ],
      [
        0.0,
        1.0,
        0.0,
        0.0,
        0.0,
        0.0
      ],
      [
        0.0,
        0.0,
        1.0,
        0.0,
        0.0,
        0.0
      ],
      [
        0.0,
        0.0,
        0.0,
        1.0,
        0.0,
        0.0
      ],
      [
        0.0,
        0.0,
        0.0,
        0.0,
        1.0,
        0.0
      ],
      [
        0.0,
        0.0,
        0.0,
        0.0,
        0.0,
        1.0
      ]
    ]
  },
  "b": {
    "trend": [
      [
        0.023167486079617265
      ],
      [
        0.013922657348019715
      ],
      [
        0.2534142370703989
      ],
      [
        0.05431275161140727
      ],
      [
        0.05431275161140727
      ],
      [
        0.0
      ]
    ],
    "breakout": [
      [
        0.0
      ],
      [
        0.0
      ],
      [
        0.0
      ],
      [
        0.0
      ],
      [
        0.0
      ],
      [
        0.0
      ]
    ],
    "reversion": [
      [
        -0.0031952917101155543
      ],
      [
        -0.023133252656577216
      ],
      [
        -0.6371581771779966
      ],
      [
        -0.40124126561922013
      ],
      [
        -0.40124126561922013
      ],
      [
        0.0
      ]
    ],
    "vwap": [
      [
        0.0
      ],
      [
        0.0
      ],
      [
        0.0
      ],
      [
        0.0
      ],
      [
        0.0
      ],
      [
        0.0
      ]
    ]
  },
  "counts": {
    "trend": 1,
    "breakout": 0,
    "reversion": 8,
    "vwap": 0
  },
  "reward_sum": {
    "trend": 0.05431275161140727,
    "breakout": 0.0,
    "reversion": -0.40124126561922013,
    "vwap": 0.0
  },
  "disabled_until": {
    "trend": 0.0,
    "breakout": 0.0,
    "reversion": 0.0,
    "vwap": 0.0
  },
  "_snapshot_time": "2025-09-24T11:02:00.688698"
}