{
  "arms": [
    "trend",
    "breakout",
    "reversion",
    "vwap"
  ],
  "d": 6,
  "alpha": 0.6,
  "alpha_base": 0.6,
  "alpha_boost_until": 0.0,
  "A": {
    "trend": [
      [
        1.0540928358880723,
        0.03250745533909787,
        0.59168675834928,
        0.12681266968065283,
        0.12681266968065283,
        0.0
      ],
      [
        0.03250745533909787,
        1.019535575003129,
        0.3555781566263778,
        0.0762089309683317,
        0.0762089309683317,
        0.0
      ],
      [
        0.59168675834928,
        0.3555781566263778,
        7.472081085381997,
        1.3871222724616863,
        1.3871222724616863,
        0.0
      ],
      [
        0.12681266968065283,
        0.0762089309683317,
        1.3871222724616863,
        1.2972935866185487,
        0.29729358661854943,
        0.0
      ],
      [
        0.12681266968065283,
        0.0762089309683317,
        1.3871222724616863,
        0.29729358661854943,
        1.2972935866185487,
        0.0
      ],
      [
        0.0,
        0.0,
        0.0,
        0.0,
        0.0,
        1.0
      ]
    ],
    "breakout": [
      [
        1.0,
        0.0,
        0.0,
        0.0,
        0.0,
        0.0
      ],
      [
        0.0,
        1.0,
        0.0,
        0.0,
        0.0,
        0.0
      ],
      [
        0.0,
        0.0,
        1.0,
        0.0,
        0.0,
        0.0
      ],
      [
        0.0,
        0.0,
        0.0,
        1.0,
        0.0,
        0.0
      ],
      [
        0.0,
        0.0,
        0.0,
        0.0,
        1.0,
        0.0
      ],
      [
        0.0,
        0.0,
        0.0,
        0.0,
        0.0,
        1.0
      ]
    ],
    "reversion": [
      [
        1.4636348309403746,
        0.03276445506450053,
        0.8289879461476062,
        1.5062920067067795,
        1.5062920067067795,
        0.0
      ],
      [
        0.03276445506450053,
        1.0028623824762994,
        0.07199026352474644,
        0.11367065562907061,
        0.11367065562907061,
        0.0
      ],
      [
        0.8289879461476062,
        0.07199026352474644,
        2.940281375176238,
        2.889599610982823,
        2.889599610982823,
        0.0
      ],
      [
        1.5062920067067795,
        0.11367065562907061,
        2.889599610982823,
        6.0151208271468635,
        5.015120827146872,
        0.0
      ],
      [
        1.5062920067067795,
        0.11367065562907061,
        2.889599610982823,
        5.015120827146872,
        6.0151208271468635,
        0.0
      ],
      [
        0.0,
        0.0,
        0.0,
        0.0,
        0.0,
        1.0
      ]
    ],
    "vwap": [
      [
        1.0,
        0.0,
        0.0,
        0.0,
        0.0,
        0.0
      ],
      [
        0.0,
        1.0,
        0.0,
        0.0,
        0.0,
        0.0
      ],
      [
        0.0,
        0.0,
        1.0,
        0.0,
        0.0,
        0.0
      ],
      [
        0.0,
        0.0,
        0.0,
        1.0,
        0.0,
        0.0
      ],
      [
        0.0,
        0.0,
        0.0,
        0.0,
        1.0,
        0.0
      ],
      [
        0.0,
        0.0,
        0.0,
        0.0,
        0.0,
        1.0
      ]
    ]
  },
  "b": {
    "trend": [
      [
        0.1292891901079379
      ],
      [
        0.07769721265784996
      ],
      [
        1.414211337391431
      ],
      [
        0.30309942322790223
      ],
      [
        0.30309942322790223
      ],
      [
        0.0
      ]
    ],
    "breakout": [
      [
        0.0
      ],
      [
        0.0
      ],
      [
        0.0
      ],
      [
        0.0
      ],
      [
        0.0
      ],
      [
        0.0
      ]
    ],
    "reversion": [
      [
        -0.4787255298287177
      ],
      [
        -0.15178834245016126
      ],
      [
        -4.1851262306983905
      ],
      [
        -3.5444564243130863
      ],
      [
        -3.5444564243130863
      ],
      [
        0.0
      ]
    ],
    "vwap": [
      [
        0.0
      ],
      [
        0.0
      ],
      [
        0.0
      ],
      [
        0.0
      ],
      [
        0.0
      ],
      [
        0.0
      ]
    ]
  },
  "counts": {
    "trend": 1,
    "breakout": 0,
    "reversion": 7,
    "vwap": 0
  },
  "reward_sum": {
    "trend": 0.30309942322790223,
    "breakout": 0.0,
    "reversion": -3.5444564243130863,
    "vwap": 0.0
  },
  "disabled_until": {
    "trend": 0.0,
    "breakout": 0.0,
    "reversion": 0.0,
    "vwap": 0.0
  },
  "_snapshot_time": "2025-09-19T11:45:00.640009"
}