{
  "arms": [
    "trend",
    "breakout",
    "reversion",
    "vwap"
  ],
  "d": 6,
  "alpha": 0.6,
  "alpha_base": 0.6,
  "alpha_boost_until": 0.0,
  "A": {
    "trend": [
      [
        1.0079718036889576,
        0.004790709308104992,
        0.08719843590147441,
        0.018688717116964206,
        0.018688717116964206,
        0.0
      ],
      [
        0.004790709308104992,
        1.0028790091389936,
        0.05240248942709382,
        0.011231110868023099,
        0.011231110868023099,
        0.0
      ],
      [
        0.08719843590147441,
        0.05240248942709382,
        1.9538076350521751,
        0.20442386255221304,
        0.20442386255221304,
        0.0
      ],
      [
        0.018688717116964206,
        0.011231110868023099,
        0.20442386255221304,
        1.0438129388411528,
        0.043812938841152796,
        0.0
      ],
      [
        0.018688717116964206,
        0.011231110868023099,
        0.20442386255221304,
        0.043812938841152796,
        1.0438129388411528,
        0.0
      ],
      [
        0.0,
        0.0,
        0.0,
        0.0,
        0.0,
        1.0
      ]
    ],
    "breakout": [
      [
        1.0,
        0.0,
        0.0,
        0.0,
        0.0,
        0.0
      ],
      [
        0.0,
        1.0,
        0.0,
        0.0,
        0.0,
        0.0
      ],
      [
        0.0,
        0.0,
        1.0,
        0.0,
        0.0,
        0.0
      ],
      [
        0.0,
        0.0,
        0.0,
        1.0,
        0.0,
        0.0
      ],
      [
        0.0,
        0.0,
        0.0,
        0.0,
        1.0,
        0.0
      ],
      [
        0.0,
        0.0,
        0.0,
        0.0,
        0.0,
        1.0
      ]
    ],
    "reversion": [
      [
        1.0919350833556005,
        0.005990825990088749,
        0.1544084509573927,
        0.28884538950079985,
        0.28884538950079985,
        0.0
      ],
      [
        0.005990825990088749,
        1.0004790550126361,
        0.012196514590221105,
        0.020043478153898613,
        0.020043478153898613,
        0.0
      ],
      [
        0.1544084509573927,
        0.012196514590221105,
        1.329967970610514,
        0.517148614460228,
        0.517148614460228,
        0.0
      ],
      [
        0.28884538950079985,
        0.020043478153898613,
        0.517148614460228,
        1.9284404738034513,
        0.9284404738034683,
        0.0
      ],
      [
        0.28884538950079985,
        0.020043478153898613,
        0.517148614460228,
        0.9284404738034683,
        1.9284404738034513,
        0.0
      ],
      [
        0.0,
        0.0,
        0.0,
        0.0,
        0.0,
        1.0
      ]
    ],
    "vwap": [
      [
        1.0,
        0.0,
        0.0,
        0.0,
        0.0,
        0.0
      ],
      [
        0.0,
        1.0,
        0.0,
        0.0,
        0.0,
        0.0
      ],
      [
        0.0,
        0.0,
        1.0,
        0.0,
        0.0,
        0.0
      ],
      [
        0.0,
        0.0,
        0.0,
        1.0,
        0.0,
        0.0
      ],
      [
        0.0,
        0.0,
        0.0,
        0.0,
        1.0,
        0.0
      ],
      [
        0.0,
        0.0,
        0.0,
        0.0,
        0.0,
        1.0
      ]
    ]
  },
  "b": {
    "trend": [
      [
        0.01905368845473721
      ],
      [
        0.011450442860290169
      ],
      [
        0.2084160493952939
      ],
      [
        0.04466856027308666
      ],
      [
        0.04466856027308666
      ],
      [
        0.0
      ]
    ],
    "breakout": [
      [
        0.0
      ],
      [
        0.0
      ],
      [
        0.0
      ],
      [
        0.0
      ],
      [
        0.0
      ],
      [
        0.0
      ]
    ],
    "reversion": [
      [
        -0.002627911054195485
      ],
      [
        -0.019025533782490816
      ],
      [
        -0.5240194539285271
      ],
      [
        -0.3299937698902626
      ],
      [
        -0.3299937698902626
      ],
      [
        0.0
      ]
    ],
    "vwap": [
      [
        0.0
      ],
      [
        0.0
      ],
      [
        0.0
      ],
      [
        0.0
      ],
      [
        0.0
      ],
      [
        0.0
      ]
    ]
  },
  "counts": {
    "trend": 1,
    "breakout": 0,
    "reversion": 8,
    "vwap": 0
  },
  "reward_sum": {
    "trend": 0.04466856027308666,
    "breakout": 0.0,
    "reversion": -0.3299937698902626,
    "vwap": 0.0
  },
  "disabled_until": {
    "trend": 0.0,
    "breakout": 0.0,
    "reversion": 0.0,
    "vwap": 0.0
  },
  "_snapshot_time": "2025-09-24T18:18:00.339426"
}