{
  "arms": [
    "trend",
    "breakout",
    "reversion",
    "vwap"
  ],
  "d": 6,
  "alpha": 0.6,
  "alpha_base": 0.6,
  "alpha_boost_until": 0.0,
  "A": {
    "trend": [
      [
        1.1360482291678449,
        0.0817591028650814,
        1.4881441206381365,
        0.3189449926751421,
        0.3189449926751421,
        0.0
      ],
      [
        0.0817591028650814,
        1.0491336854745552,
        0.8943102676273276,
        0.1916721490895581,
        0.1916721490895581,
        0.0
      ],
      [
        1.4881441206381365,
        0.8943102676273276,
        17.277851886316647,
        3.4887342419644383,
        3.4887342419644383,
        0.0
      ],
      [
        0.3189449926751421,
        0.1916721490895581,
        3.4887342419644383,
        1.7477194593032541,
        0.7477194593032545,
        0.0
      ],
      [
        0.3189449926751421,
        0.1916721490895581,
        3.4887342419644383,
        0.7477194593032545,
        1.7477194593032541,
        0.0
      ],
      [
        0.0,
        0.0,
        0.0,
        0.0,
        0.0,
        1.0
      ]
    ],
    "breakout": [
      [
        1.0,
        0.0,
        0.0,
        0.0,
        0.0,
        0.0
      ],
      [
        0.0,
        1.0,
        0.0,
        0.0,
        0.0,
        0.0
      ],
      [
        0.0,
        0.0,
        1.0,
        0.0,
        0.0,
        0.0
      ],
      [
        0.0,
        0.0,
        0.0,
        1.0,
        0.0,
        0.0
      ],
      [
        0.0,
        0.0,
        0.0,
        0.0,
        1.0,
        0.0
      ],
      [
        0.0,
        0.0,
        0.0,
        0.0,
        0.0,
        1.0
      ]
    ],
    "reversion": [
      [
        1.1106557722956656,
        0.011218276880790343,
        0.3162118088390124,
        0.38038147617444057,
        0.38038147617444057,
        0.0
      ],
      [
        0.011218276880790343,
        1.0012175543267317,
        0.03270062316754571,
        0.03817681181686467,
        0.03817681181686467,
        0.0
      ],
      [
        0.3162118088390124,
        0.03270062316754571,
        1.9087658571147208,
        1.083889217266564,
        1.083889217266564,
        0.0
      ],
      [
        0.38038147617444057,
        0.03817681181686467,
        1.083889217266564,
        2.3094281787735333,
        1.3094281787735418,
        0.0
      ],
      [
        0.38038147617444057,
        0.03817681181686467,
        1.083889217266564,
        1.3094281787735418,
        2.3094281787735333,
        0.0
      ],
      [
        0.0,
        0.0,
        0.0,
        0.0,
        0.0,
        1.0
      ]
    ],
    "vwap": [
      [
        1.0,
        0.0,
        0.0,
        0.0,
        0.0,
        0.0
      ],
      [
        0.0,
        1.0,
        0.0,
        0.0,
        0.0,
        0.0
      ],
      [
        0.0,
        0.0,
        1.0,
        0.0,
        0.0,
        0.0
      ],
      [
        0.0,
        0.0,
        0.0,
        1.0,
        0.0,
        0.0
      ],
      [
        0.0,
        0.0,
        0.0,
        0.0,
        1.0,
        0.0
      ],
      [
        0.0,
        0.0,
        0.0,
        0.0,
        0.0,
        1.0
      ]
    ]
  },
  "b": {
    "trend": [
      [
        0.3251736588764718
      ],
      [
        0.19541530814265035
      ],
      [
        3.5568656174598945
      ],
      [
        0.7623216478661654
      ],
      [
        0.7623216478661654
      ],
      [
        0.0
      ]
    ],
    "breakout": [
      [
        0.0
      ],
      [
        0.0
      ],
      [
        0.0
      ],
      [
        0.0
      ],
      [
        0.0
      ],
      [
        0.0
      ]
    ],
    "reversion": [
      [
        0.15165057874558513
      ],
      [
        0.01650032289524113
      ],
      [
        0.4423828990008315
      ],
      [
        0.5158822654098294
      ],
      [
        0.5158822654098294
      ],
      [
        0.0
      ]
    ],
    "vwap": [
      [
        0.0
      ],
      [
        0.0
      ],
      [
        0.0
      ],
      [
        0.0
      ],
      [
        0.0
      ],
      [
        0.0
      ]
    ]
  },
  "counts": {
    "trend": 1,
    "breakout": 0,
    "reversion": 2,
    "vwap": 0
  },
  "reward_sum": {
    "trend": 0.7623216478661654,
    "breakout": 0.0,
    "reversion": 0.5158822654098294,
    "vwap": 0.0
  },
  "disabled_until": {
    "trend": 0.0,
    "breakout": 0.0,
    "reversion": 0.0,
    "vwap": 0.0
  },
  "_snapshot_time": "2025-09-18T02:56:00.058929"
}