{
  "arms": [
    "trend",
    "breakout",
    "reversion",
    "vwap"
  ],
  "d": 6,
  "alpha": 0.6,
  "alpha_base": 0.6,
  "alpha_boost_until": 0.0,
  "A": {
    "trend": [
      [
        1.037705227385334,
        0.022659211245929827,
        0.4124332436667386,
        0.08839434034377347,
        0.08839434034377347,
        0.0
      ],
      [
        0.022659211245929827,
        1.013617206151297,
        0.24785454540776783,
        0.053121176284782516,
        0.053121176284782516,
        0.0
      ],
      [
        0.4124332436667386,
        0.24785454540776783,
        5.511342120897213,
        0.9668888649626254,
        0.9668888649626254,
        0.0
      ],
      [
        0.08839434034377347,
        0.053121176284782516,
        0.9668888649626254,
        1.2072274840026536,
        0.20722748400265262,
        0.0
      ],
      [
        0.08839434034377347,
        0.053121176284782516,
        0.9668888649626254,
        0.20722748400265262,
        1.2072274840026536,
        0.0
      ],
      [
        0.0,
        0.0,
        0.0,
        0.0,
        0.0,
        1.0
      ]
    ],
    "breakout": [
      [
        1.0,
        0.0,
        0.0,
        0.0,
        0.0,
        0.0
      ],
      [
        0.0,
        1.0,
        0.0,
        0.0,
        0.0,
        0.0
      ],
      [
        0.0,
        0.0,
        1.0,
        0.0,
        0.0,
        0.0
      ],
      [
        0.0,
        0.0,
        0.0,
        1.0,
        0.0,
        0.0
      ],
      [
        0.0,
        0.0,
        0.0,
        0.0,
        1.0,
        0.0
      ],
      [
        0.0,
        0.0,
        0.0,
        0.0,
        0.0,
        1.0
      ]
    ],
    "reversion": [
      [
        1.4348367518651837,
        0.028335551776720848,
        0.7303247772685943,
        1.3661878183755714,
        1.3661878183755714,
        0.0
      ],
      [
        0.028335551776720848,
        1.0022658458344285,
        0.057687365855475646,
        0.09480212143617159,
        0.09480212143617159,
        0.0
      ],
      [
        0.7303247772685943,
        0.057687365855475646,
        2.5606903841577444,
        2.4460218616832448,
        2.4460218616832448,
        0.0
      ],
      [
        1.3661878183755714,
        0.09480212143617159,
        2.4460218616832448,
        5.391359916075888,
        4.391359916075901,
        0.0
      ],
      [
        1.3661878183755714,
        0.09480212143617159,
        2.4460218616832448,
        4.391359916075901,
        5.391359916075888,
        0.0
      ],
      [
        0.0,
        0.0,
        0.0,
        0.0,
        0.0,
        1.0
      ]
    ],
    "vwap": [
      [
        1.0,
        0.0,
        0.0,
        0.0,
        0.0,
        0.0
      ],
      [
        0.0,
        1.0,
        0.0,
        0.0,
        0.0,
        0.0
      ],
      [
        0.0,
        0.0,
        1.0,
        0.0,
        0.0,
        0.0
      ],
      [
        0.0,
        0.0,
        0.0,
        1.0,
        0.0,
        0.0
      ],
      [
        0.0,
        0.0,
        0.0,
        0.0,
        1.0,
        0.0
      ],
      [
        0.0,
        0.0,
        0.0,
        0.0,
        0.0,
        1.0
      ]
    ]
  },
  "b": {
    "trend": [
      [
        0.09012059048951217
      ],
      [
        0.054158577977546876
      ],
      [
        0.9857712055917159
      ],
      [
        0.21127442267620836
      ],
      [
        0.21127442267620836
      ],
      [
        0.0
      ]
    ],
    "breakout": [
      [
        0.0
      ],
      [
        0.0
      ],
      [
        0.0
      ],
      [
        0.0
      ],
      [
        0.0
      ],
      [
        0.0
      ]
    ],
    "reversion": [
      [
        -0.012429556435784599
      ],
      [
        -0.08998742384863272
      ],
      [
        -2.4785197222162725
      ],
      [
        -1.5608124102069487
      ],
      [
        -1.5608124102069487
      ],
      [
        0.0
      ]
    ],
    "vwap": [
      [
        0.0
      ],
      [
        0.0
      ],
      [
        0.0
      ],
      [
        0.0
      ],
      [
        0.0
      ],
      [
        0.0
      ]
    ]
  },
  "counts": {
    "trend": 1,
    "breakout": 0,
    "reversion": 8,
    "vwap": 0
  },
  "reward_sum": {
    "trend": 0.21127442267620836,
    "breakout": 0.0,
    "reversion": -1.5608124102069487,
    "vwap": 0.0
  },
  "disabled_until": {
    "trend": 0.0,
    "breakout": 0.0,
    "reversion": 0.0,
    "vwap": 0.0
  },
  "_snapshot_time": "2025-09-22T06:20:00.281032"
}