{
  "arms": [
    "trend",
    "breakout",
    "reversion",
    "vwap"
  ],
  "d": 6,
  "alpha": 0.6,
  "alpha_base": 0.6,
  "alpha_boost_until": 0.0,
  "A": {
    "trend": [
      [
        1.006235733581509,
        0.0037474062429786337,
        0.06820868102398253,
        0.014618756992599916,
        0.014618756992599916,
        0.0
      ],
      [
        0.0037474062429786337,
        1.0022520291103452,
        0.040990467882174725,
        0.008785240822525105,
        0.008785240822525105,
        0.0
      ],
      [
        0.06820868102398253,
        0.040990467882174725,
        1.746090913958847,
        0.1599051851144337,
        0.1599051851144337,
        0.0
      ],
      [
        0.014618756992599916,
        0.008785240822525105,
        0.1599051851144337,
        1.0342715180524102,
        0.034271518052411715,
        0.0
      ],
      [
        0.014618756992599916,
        0.008785240822525105,
        0.1599051851144337,
        0.034271518052411715,
        1.0342715180524102,
        0.0
      ],
      [
        0.0,
        0.0,
        0.0,
        0.0,
        0.0,
        1.0
      ]
    ],
    "breakout": [
      [
        1.0,
        0.0,
        0.0,
        0.0,
        0.0,
        0.0
      ],
      [
        0.0,
        1.0,
        0.0,
        0.0,
        0.0,
        0.0
      ],
      [
        0.0,
        0.0,
        1.0,
        0.0,
        0.0,
        0.0
      ],
      [
        0.0,
        0.0,
        0.0,
        1.0,
        0.0,
        0.0
      ],
      [
        0.0,
        0.0,
        0.0,
        0.0,
        1.0,
        0.0
      ],
      [
        0.0,
        0.0,
        0.0,
        0.0,
        0.0,
        1.0
      ]
    ],
    "reversion": [
      [
        1.071913798804839,
        0.0046861659249238736,
        0.12078194602779528,
        0.2259417022109099,
        0.2259417022109099,
        0.0
      ],
      [
        0.0046861659249238736,
        1.000374728172725,
        0.009540402470391951,
        0.0156784831502616,
        0.0156784831502616,
        0.0
      ],
      [
        0.12078194602779528,
        0.009540402470391951,
        1.2581087587503719,
        0.4045258899548193,
        0.4045258899548193,
        0.0
      ],
      [
        0.2259417022109099,
        0.0156784831502616,
        0.4045258899548193,
        1.7262481198512423,
        0.7262481198512549,
        0.0
      ],
      [
        0.2259417022109099,
        0.0156784831502616,
        0.4045258899548193,
        0.7262481198512549,
        1.7262481198512423,
        0.0
      ],
      [
        0.0,
        0.0,
        0.0,
        0.0,
        0.0,
        1.0
      ]
    ],
    "vwap": [
      [
        1.0,
        0.0,
        0.0,
        0.0,
        0.0,
        0.0
      ],
      [
        0.0,
        1.0,
        0.0,
        0.0,
        0.0,
        0.0
      ],
      [
        0.0,
        0.0,
        1.0,
        0.0,
        0.0,
        0.0
      ],
      [
        0.0,
        0.0,
        0.0,
        1.0,
        0.0,
        0.0
      ],
      [
        0.0,
        0.0,
        0.0,
        0.0,
        1.0,
        0.0
      ],
      [
        0.0,
        0.0,
        0.0,
        0.0,
        0.0,
        1.0
      ]
    ]
  },
  "b": {
    "trend": [
      [
        0.014904246213865095
      ],
      [
        0.00895680749965911
      ],
      [
        0.16302796817989515
      ],
      [
        0.03494080539368928
      ],
      [
        0.03494080539368928
      ],
      [
        0.0
      ]
    ],
    "breakout": [
      [
        0.0
      ],
      [
        0.0
      ],
      [
        0.0
      ],
      [
        0.0
      ],
      [
        0.0
      ],
      [
        0.0
      ]
    ],
    "reversion": [
      [
        -0.002055614243557627
      ],
      [
        -0.014882222962659558
      ],
      [
        -0.40990042325711074
      ],
      [
        -0.25812893955780036
      ],
      [
        -0.25812893955780036
      ],
      [
        0.0
      ]
    ],
    "vwap": [
      [
        0.0
      ],
      [
        0.0
      ],
      [
        0.0
      ],
      [
        0.0
      ],
      [
        0.0
      ],
      [
        0.0
      ]
    ]
  },
  "counts": {
    "trend": 1,
    "breakout": 0,
    "reversion": 8,
    "vwap": 0
  },
  "reward_sum": {
    "trend": 0.03494080539368928,
    "breakout": 0.0,
    "reversion": -0.25812893955780036,
    "vwap": 0.0
  },
  "disabled_until": {
    "trend": 0.0,
    "breakout": 0.0,
    "reversion": 0.0,
    "vwap": 0.0
  },
  "_snapshot_time": "2025-09-25T08:24:00.926274"
}