{
  "arms": [
    "trend",
    "breakout",
    "reversion",
    "vwap"
  ],
  "d": 6,
  "alpha": 0.6,
  "alpha_base": 0.6,
  "alpha_boost_until": 0.0,
  "A": {
    "trend": [
      [
        1.0095482919264493,
        0.005738110569871396,
        0.10444262729028392,
        0.022384561101372207,
        0.022384561101372207,
        0.0
      ],
      [
        0.005738110569871396,
        1.0034483563307144,
        0.06276550279526819,
        0.0134521532905725,
        0.0134521532905725,
        0.0
      ],
      [
        0.10444262729028392,
        0.06276550279526819,
        2.142430759273486,
        0.24485032403453935,
        0.24485032403453935,
        0.0
      ],
      [
        0.022384561101372207,
        0.0134521532905725,
        0.24485032403453935,
        1.0524772995590066,
        0.052477299559006776,
        0.0
      ],
      [
        0.022384561101372207,
        0.0134521532905725,
        0.24485032403453935,
        0.052477299559006776,
        1.0524772995590066,
        0.0
      ],
      [
        0.0,
        0.0,
        0.0,
        0.0,
        0.0,
        1.0
      ]
    ],
    "breakout": [
      [
        1.0,
        0.0,
        0.0,
        0.0,
        0.0,
        0.0
      ],
      [
        0.0,
        1.0,
        0.0,
        0.0,
        0.0,
        0.0
      ],
      [
        0.0,
        0.0,
        1.0,
        0.0,
        0.0,
        0.0
      ],
      [
        0.0,
        0.0,
        0.0,
        1.0,
        0.0,
        0.0
      ],
      [
        0.0,
        0.0,
        0.0,
        0.0,
        1.0,
        0.0
      ],
      [
        0.0,
        0.0,
        0.0,
        0.0,
        0.0,
        1.0
      ]
    ],
    "reversion": [
      [
        1.1101159848401339,
        0.007175559969341213,
        0.18494396289441203,
        0.34596688631245087,
        0.34596688631245087,
        0.0
      ],
      [
        0.007175559969341213,
        1.0005737919908655,
        0.014608473356406089,
        0.02400723701963999,
        0.02400723701963999,
        0.0
      ],
      [
        0.18494396289441203,
        0.014608473356406089,
        1.3952217882800646,
        0.6194189085545633,
        0.6194189085545633,
        0.0
      ],
      [
        0.34596688631245087,
        0.02400723701963999,
        0.6194189085545633,
        2.1120470380481797,
        1.1120470380481982,
        0.0
      ],
      [
        0.34596688631245087,
        0.02400723701963999,
        0.6194189085545633,
        1.1120470380481982,
        2.1120470380481797,
        0.0
      ],
      [
        0.0,
        0.0,
        0.0,
        0.0,
        0.0,
        1.0
      ]
    ],
    "vwap": [
      [
        1.0,
        0.0,
        0.0,
        0.0,
        0.0,
        0.0
      ],
      [
        0.0,
        1.0,
        0.0,
        0.0,
        0.0,
        0.0
      ],
      [
        0.0,
        0.0,
        1.0,
        0.0,
        0.0,
        0.0
      ],
      [
        0.0,
        0.0,
        0.0,
        1.0,
        0.0,
        0.0
      ],
      [
        0.0,
        0.0,
        0.0,
        0.0,
        1.0,
        0.0
      ],
      [
        0.0,
        0.0,
        0.0,
        0.0,
        0.0,
        1.0
      ]
    ]
  },
  "b": {
    "trend": [
      [
        0.022821708453943216
      ],
      [
        0.013714859946768352
      ],
      [
        0.24963199790534354
      ],
      [
        0.05350212700451307
      ],
      [
        0.05350212700451307
      ],
      [
        0.0
      ]
    ],
    "breakout": [
      [
        0.0
      ],
      [
        0.0
      ],
      [
        0.0
      ],
      [
        0.0
      ],
      [
        0.0
      ],
      [
        0.0
      ]
    ],
    "reversion": [
      [
        -0.003147601581930616
      ],
      [
        -0.022787985969021218
      ],
      [
        -0.6276485117388428
      ],
      [
        -0.39525268957469506
      ],
      [
        -0.39525268957469506
      ],
      [
        0.0
      ]
    ],
    "vwap": [
      [
        0.0
      ],
      [
        0.0
      ],
      [
        0.0
      ],
      [
        0.0
      ],
      [
        0.0
      ],
      [
        0.0
      ]
    ]
  },
  "counts": {
    "trend": 1,
    "breakout": 0,
    "reversion": 8,
    "vwap": 0
  },
  "reward_sum": {
    "trend": 0.05350212700451307,
    "breakout": 0.0,
    "reversion": -0.39525268957469506,
    "vwap": 0.0
  },
  "disabled_until": {
    "trend": 0.0,
    "breakout": 0.0,
    "reversion": 0.0,
    "vwap": 0.0
  },
  "_snapshot_time": "2025-09-24T11:39:00.496624"
}