{
  "arms": [
    "trend",
    "breakout",
    "reversion",
    "vwap"
  ],
  "d": 6,
  "alpha": 0.6,
  "alpha_base": 0.6,
  "alpha_boost_until": 0.0,
  "A": {
    "trend": [
      [
        1.0170784448650219,
        0.010263406874427491,
        0.18681012954729312,
        0.04003789322135953,
        0.04003789322135953,
        0.0
      ],
      [
        0.010263406874427491,
        1.0061678637313038,
        0.11226480999655807,
        0.024061042546520417,
        0.024061042546520417,
        0.0
      ],
      [
        0.18681012954729312,
        0.11226480999655807,
        3.0433959167412503,
        0.43794877569921276,
        0.43794877569921276,
        0.0
      ],
      [
        0.04003789322135953,
        0.024061042546520417,
        0.43794877569921276,
        1.093862931096738,
        0.09386293109673778,
        0.0
      ],
      [
        0.04003789322135953,
        0.024061042546520417,
        0.43794877569921276,
        0.09386293109673778,
        1.093862931096738,
        0.0
      ],
      [
        0.0,
        0.0,
        0.0,
        0.0,
        0.0,
        1.0
      ]
    ],
    "breakout": [
      [
        1.0,
        0.0,
        0.0,
        0.0,
        0.0,
        0.0
      ],
      [
        0.0,
        1.0,
        0.0,
        0.0,
        0.0,
        0.0
      ],
      [
        0.0,
        0.0,
        1.0,
        0.0,
        0.0,
        0.0
      ],
      [
        0.0,
        0.0,
        0.0,
        1.0,
        0.0,
        0.0
      ],
      [
        0.0,
        0.0,
        0.0,
        0.0,
        1.0,
        0.0
      ],
      [
        0.0,
        0.0,
        0.0,
        0.0,
        0.0,
        1.0
      ]
    ],
    "reversion": [
      [
        1.1969577166614083,
        0.01283448456080445,
        0.330797937237538,
        0.6188097765050669,
        0.6188097765050669,
        0.0
      ],
      [
        0.01283448456080445,
        1.0010263065850382,
        0.026129281415082504,
        0.042940274235410074,
        0.042940274235410074,
        0.0
      ],
      [
        0.330797937237538,
        0.026129281415082504,
        1.7069090024258724,
        1.107916657721665,
        1.107916657721665,
        0.0
      ],
      [
        0.6188097765050669,
        0.042940274235410074,
        1.107916657721665,
        2.989050415814192,
        1.9890504158142086,
        0.0
      ],
      [
        0.6188097765050669,
        0.042940274235410074,
        1.107916657721665,
        1.9890504158142086,
        2.989050415814192,
        0.0
      ],
      [
        0.0,
        0.0,
        0.0,
        0.0,
        0.0,
        1.0
      ]
    ],
    "vwap": [
      [
        1.0,
        0.0,
        0.0,
        0.0,
        0.0,
        0.0
      ],
      [
        0.0,
        1.0,
        0.0,
        0.0,
        0.0,
        0.0
      ],
      [
        0.0,
        0.0,
        1.0,
        0.0,
        0.0,
        0.0
      ],
      [
        0.0,
        0.0,
        0.0,
        1.0,
        0.0,
        0.0
      ],
      [
        0.0,
        0.0,
        0.0,
        0.0,
        1.0,
        0.0
      ],
      [
        0.0,
        0.0,
        0.0,
        0.0,
        0.0,
        1.0
      ]
    ]
  },
  "b": {
    "trend": [
      [
        0.040819791912380346
      ],
      [
        0.02453092984972356
      ],
      [
        0.44650146283887227
      ],
      [
        0.09569597717022013
      ],
      [
        0.09569597717022013
      ],
      [
        0.0
      ]
    ],
    "breakout": [
      [
        0.0
      ],
      [
        0.0
      ],
      [
        0.0
      ],
      [
        0.0
      ],
      [
        0.0
      ],
      [
        0.0
      ]
    ],
    "reversion": [
      [
        -0.0056299221356185085
      ],
      [
        -0.040759474569353124
      ],
      [
        -1.1226364448130517
      ],
      [
        -0.7069642736786435
      ],
      [
        -0.7069642736786435
      ],
      [
        0.0
      ]
    ],
    "vwap": [
      [
        0.0
      ],
      [
        0.0
      ],
      [
        0.0
      ],
      [
        0.0
      ],
      [
        0.0
      ],
      [
        0.0
      ]
    ]
  },
  "counts": {
    "trend": 1,
    "breakout": 0,
    "reversion": 8,
    "vwap": 0
  },
  "reward_sum": {
    "trend": 0.09569597717022013,
    "breakout": 0.0,
    "reversion": -0.7069642736786435,
    "vwap": 0.0
  },
  "disabled_until": {
    "trend": 0.0,
    "breakout": 0.0,
    "reversion": 0.0,
    "vwap": 0.0
  },
  "_snapshot_time": "2025-09-23T12:34:00.569828"
}