{
  "arms": [
    "trend",
    "breakout",
    "reversion",
    "vwap"
  ],
  "d": 6,
  "alpha": 0.6,
  "alpha_base": 0.6,
  "alpha_boost_until": 0.0,
  "A": {
    "trend": [
      [
        1.066768306219628,
        0.040124864908040125,
        0.7303355799150004,
        0.1565284389837853,
        0.1565284389837853,
        0.0
      ],
      [
        0.040124864908040125,
        1.0241133087694712,
        0.4389001030703033,
        0.09406682337920963,
        0.09406682337920963,
        0.0
      ],
      [
        0.7303355799150004,
        0.4389001030703033,
        8.988671414476832,
        1.712163970168308,
        1.712163970168308,
        0.0
      ],
      [
        0.1565284389837853,
        0.09406682337920963,
        1.712163970168308,
        1.3669578217261664,
        0.3669578217261671,
        0.0
      ],
      [
        0.1565284389837853,
        0.09406682337920963,
        1.712163970168308,
        0.3669578217261671,
        1.3669578217261664,
        0.0
      ],
      [
        0.0,
        0.0,
        0.0,
        0.0,
        0.0,
        1.0
      ]
    ],
    "breakout": [
      [
        1.0,
        0.0,
        0.0,
        0.0,
        0.0,
        0.0
      ],
      [
        0.0,
        1.0,
        0.0,
        0.0,
        0.0,
        0.0
      ],
      [
        0.0,
        0.0,
        1.0,
        0.0,
        0.0,
        0.0
      ],
      [
        0.0,
        0.0,
        0.0,
        1.0,
        0.0,
        0.0
      ],
      [
        0.0,
        0.0,
        0.0,
        0.0,
        1.0,
        0.0
      ],
      [
        0.0,
        0.0,
        0.0,
        0.0,
        0.0,
        1.0
      ]
    ],
    "reversion": [
      [
        1.17960942077947,
        0.012441974028850175,
        0.3272294096949728,
        0.5397750960168416,
        0.5397750960168416,
        0.0
      ],
      [
        0.012441974028850175,
        1.0009815155027395,
        0.02557220057192735,
        0.03828229475780624,
        0.03828229475780624,
        0.0
      ],
      [
        0.3272294096949728,
        0.02557220057192735,
        1.6822104777336633,
        1.016743664083791,
        1.016743664083791,
        0.0
      ],
      [
        0.5397750960168416,
        0.03828229475780624,
        1.016743664083791,
        2.6376272664313745,
        1.637627266431382,
        0.0
      ],
      [
        0.5397750960168416,
        0.03828229475780624,
        1.016743664083791,
        1.637627266431382,
        2.6376272664313745,
        0.0
      ],
      [
        0.0,
        0.0,
        0.0,
        0.0,
        0.0,
        1.0
      ]
    ],
    "vwap": [
      [
        1.0,
        0.0,
        0.0,
        0.0,
        0.0,
        0.0
      ],
      [
        0.0,
        1.0,
        0.0,
        0.0,
        0.0,
        0.0
      ],
      [
        0.0,
        0.0,
        1.0,
        0.0,
        0.0,
        0.0
      ],
      [
        0.0,
        0.0,
        0.0,
        1.0,
        0.0,
        0.0
      ],
      [
        0.0,
        0.0,
        0.0,
        0.0,
        1.0,
        0.0
      ],
      [
        0.0,
        0.0,
        0.0,
        0.0,
        0.0,
        1.0
      ]
    ]
  },
  "b": {
    "trend": [
      [
        0.1595852776858691
      ],
      [
        0.09590385125832525
      ],
      [
        1.7456007636500734
      ],
      [
        0.37412412887627644
      ],
      [
        0.37412412887627644
      ],
      [
        0.0
      ]
    ],
    "breakout": [
      [
        0.0
      ],
      [
        0.0
      ],
      [
        0.0
      ],
      [
        0.0
      ],
      [
        0.0
      ],
      [
        0.0
      ]
    ],
    "reversion": [
      [
        -0.1540700149901839
      ],
      [
        -0.004550955159885491
      ],
      [
        -0.09661881463576506
      ],
      [
        -0.3907060477182722
      ],
      [
        -0.3907060477182722
      ],
      [
        0.0
      ]
    ],
    "vwap": [
      [
        0.0
      ],
      [
        0.0
      ],
      [
        0.0
      ],
      [
        0.0
      ],
      [
        0.0
      ],
      [
        0.0
      ]
    ]
  },
  "counts": {
    "trend": 1,
    "breakout": 0,
    "reversion": 3,
    "vwap": 0
  },
  "reward_sum": {
    "trend": 0.37412412887627644,
    "breakout": 0.0,
    "reversion": -0.3907060477182722,
    "vwap": 0.0
  },
  "disabled_until": {
    "trend": 0.0,
    "breakout": 0.0,
    "reversion": 0.0,
    "vwap": 0.0
  },
  "_snapshot_time": "2025-09-19T04:39:00.804887"
}