{
  "arms": [
    "trend",
    "breakout",
    "reversion",
    "vwap"
  ],
  "d": 6,
  "alpha": 0.6,
  "alpha_base": 0.6,
  "alpha_boost_until": 0.0,
  "A": {
    "trend": [
      [
        1.006298561734814,
        0.003785163246361086,
        0.06889591780407822,
        0.014766048324638181,
        0.014766048324638181,
        0.0
      ],
      [
        0.003785163246361086,
        1.0022747194367265,
        0.04140346747018987,
        0.008873756544052024,
        0.008873756544052024,
        0.0
      ],
      [
        0.06889591780407822,
        0.04140346747018987,
        1.753608155308045,
        0.16151631030977368,
        0.16151631030977368,
        0.0
      ],
      [
        0.014766048324638181,
        0.008873756544052024,
        0.16151631030977368,
        1.0346168208402924,
        0.03461682084029365,
        0.0
      ],
      [
        0.014766048324638181,
        0.008873756544052024,
        0.16151631030977368,
        0.03461682084029365,
        1.0346168208402924,
        0.0
      ],
      [
        0.0,
        0.0,
        0.0,
        0.0,
        0.0,
        1.0
      ]
    ],
    "breakout": [
      [
        1.0,
        0.0,
        0.0,
        0.0,
        0.0,
        0.0
      ],
      [
        0.0,
        1.0,
        0.0,
        0.0,
        0.0,
        0.0
      ],
      [
        0.0,
        0.0,
        1.0,
        0.0,
        0.0,
        0.0
      ],
      [
        0.0,
        0.0,
        0.0,
        1.0,
        0.0,
        0.0
      ],
      [
        0.0,
        0.0,
        0.0,
        0.0,
        1.0,
        0.0
      ],
      [
        0.0,
        0.0,
        0.0,
        0.0,
        0.0,
        1.0
      ]
    ],
    "reversion": [
      [
        1.0726383665107844,
        0.004733381404433093,
        0.12199888490471986,
        0.22821817854186502,
        0.22821817854186502,
        0.0
      ],
      [
        0.004733381404433093,
        1.0003785037476076,
        0.009636526825476074,
        0.015836451756533015,
        0.015836451756533015,
        0.0
      ],
      [
        0.12199888490471986,
        0.009636526825476074,
        1.260709334360619,
        0.4086016918308319,
        0.4086016918308319,
        0.0
      ],
      [
        0.22821817854186502,
        0.015836451756533015,
        0.4086016918308319,
        1.733565435066026,
        0.7335654350660387,
        0.0
      ],
      [
        0.22821817854186502,
        0.015836451756533015,
        0.4086016918308319,
        0.7335654350660387,
        1.733565435066026,
        0.0
      ],
      [
        0.0,
        0.0,
        0.0,
        0.0,
        0.0,
        1.0
      ]
    ],
    "vwap": [
      [
        1.0,
        0.0,
        0.0,
        0.0,
        0.0,
        0.0
      ],
      [
        0.0,
        1.0,
        0.0,
        0.0,
        0.0,
        0.0
      ],
      [
        0.0,
        0.0,
        1.0,
        0.0,
        0.0,
        0.0
      ],
      [
        0.0,
        0.0,
        0.0,
        1.0,
        0.0,
        0.0
      ],
      [
        0.0,
        0.0,
        0.0,
        0.0,
        1.0,
        0.0
      ],
      [
        0.0,
        0.0,
        0.0,
        0.0,
        0.0,
        1.0
      ]
    ]
  },
  "b": {
    "trend": [
      [
        0.015054413993449756
      ],
      [
        0.009047051841780873
      ],
      [
        0.1646705569858288
      ],
      [
        0.035292851588282395
      ],
      [
        0.035292851588282395
      ],
      [
        0.0
      ]
    ],
    "breakout": [
      [
        0.0
      ],
      [
        0.0
      ],
      [
        0.0
      ],
      [
        0.0
      ],
      [
        0.0
      ],
      [
        0.0
      ]
    ],
    "reversion": [
      [
        -0.0020763255913311554
      ],
      [
        -0.015032168846907461
      ],
      [
        -0.4140303762603073
      ],
      [
        -0.2607297184998363
      ],
      [
        -0.2607297184998363
      ],
      [
        0.0
      ]
    ],
    "vwap": [
      [
        0.0
      ],
      [
        0.0
      ],
      [
        0.0
      ],
      [
        0.0
      ],
      [
        0.0
      ],
      [
        0.0
      ]
    ]
  },
  "counts": {
    "trend": 1,
    "breakout": 0,
    "reversion": 8,
    "vwap": 0
  },
  "reward_sum": {
    "trend": 0.035292851588282395,
    "breakout": 0.0,
    "reversion": -0.2607297184998363,
    "vwap": 0.0
  },
  "disabled_until": {
    "trend": 0.0,
    "breakout": 0.0,
    "reversion": 0.0,
    "vwap": 0.0
  },
  "_snapshot_time": "2025-09-25T08:03:00.648170"
}