{
  "arms": [
    "trend",
    "breakout",
    "reversion",
    "vwap"
  ],
  "d": 6,
  "alpha": 0.6,
  "alpha_base": 0.6,
  "alpha_boost_until": 0.0,
  "A": {
    "trend": [
      [
        1.0050015326096196,
        0.0030057048269870805,
        0.054708549995169345,
        0.011725354981071691,
        0.011725354981071691,
        0.0
      ],
      [
        0.0030057048269870805,
        1.001806298631262,
        0.032877472893352876,
        0.007046431327263548,
        0.007046431327263548,
        0.0
      ],
      [
        0.054708549995169345,
        0.032877472893352876,
        1.5984216591566631,
        0.1282561205258301,
        0.1282561205258301,
        0.0
      ],
      [
        0.011725354981071691,
        0.007046431327263548,
        0.1282561205258301,
        1.0274883641001855,
        0.027488364100186506,
        0.0
      ],
      [
        0.011725354981071691,
        0.007046431327263548,
        0.1282561205258301,
        0.027488364100186506,
        1.0274883641001855,
        0.0
      ],
      [
        0.0,
        0.0,
        0.0,
        0.0,
        0.0,
        1.0
      ]
    ],
    "breakout": [
      [
        1.0,
        0.0,
        0.0,
        0.0,
        0.0,
        0.0
      ],
      [
        0.0,
        1.0,
        0.0,
        0.0,
        0.0,
        0.0
      ],
      [
        0.0,
        0.0,
        1.0,
        0.0,
        0.0,
        0.0
      ],
      [
        0.0,
        0.0,
        0.0,
        1.0,
        0.0,
        0.0
      ],
      [
        0.0,
        0.0,
        0.0,
        0.0,
        1.0,
        0.0
      ],
      [
        0.0,
        0.0,
        0.0,
        0.0,
        0.0,
        1.0
      ]
    ],
    "reversion": [
      [
        1.1335401766291189,
        0.01240372081075054,
        0.5031393960219432,
        0.4291304961791219,
        0.4291304961791219,
        0.0
      ],
      [
        0.01240372081075054,
        1.001285759650493,
        0.05395025512404462,
        0.04082717420055477,
        0.04082717420055477,
        0.0
      ],
      [
        0.5031393960219432,
        0.05395025512404462,
        3.382741873603767,
        1.6521181731660657,
        1.6521181731660657,
        0.0
      ],
      [
        0.4291304961791219,
        0.04082717420055477,
        1.6521181731660657,
        2.3926636068951592,
        1.3926636068951728,
        0.0
      ],
      [
        0.4291304961791219,
        0.04082717420055477,
        1.6521181731660657,
        1.3926636068951728,
        2.3926636068951592,
        0.0
      ],
      [
        0.0,
        0.0,
        0.0,
        0.0,
        0.0,
        1.0
      ]
    ],
    "vwap": [
      [
        1.0,
        0.0,
        0.0,
        0.0,
        0.0,
        0.0
      ],
      [
        0.0,
        1.0,
        0.0,
        0.0,
        0.0,
        0.0
      ],
      [
        0.0,
        0.0,
        1.0,
        0.0,
        0.0,
        0.0
      ],
      [
        0.0,
        0.0,
        0.0,
        1.0,
        0.0,
        0.0
      ],
      [
        0.0,
        0.0,
        0.0,
        0.0,
        1.0,
        0.0
      ],
      [
        0.0,
        0.0,
        0.0,
        0.0,
        0.0,
        1.0
      ]
    ]
  },
  "b": {
    "trend": [
      [
        0.011954339050257503
      ],
      [
        0.007184040851338508
      ],
      [
        0.13076083005687641
      ],
      [
        0.02802518345252884
      ],
      [
        0.02802518345252884
      ],
      [
        0.0
      ]
    ],
    "breakout": [
      [
        0.0
      ],
      [
        0.0
      ],
      [
        0.0
      ],
      [
        0.0
      ],
      [
        0.0
      ],
      [
        0.0
      ]
    ],
    "reversion": [
      [
        -0.28224357409488054
      ],
      [
        -0.043913525844849456
      ],
      [
        -1.8314809939184415
      ],
      [
        -1.1240158999139858
      ],
      [
        -1.1240158999139858
      ],
      [
        0.0
      ]
    ],
    "vwap": [
      [
        0.0
      ],
      [
        0.0
      ],
      [
        0.0
      ],
      [
        0.0
      ],
      [
        0.0
      ],
      [
        0.0
      ]
    ]
  },
  "counts": {
    "trend": 1,
    "breakout": 0,
    "reversion": 9,
    "vwap": 0
  },
  "reward_sum": {
    "trend": 0.02802518345252884,
    "breakout": 0.0,
    "reversion": -1.1240158999139858,
    "vwap": 0.0
  },
  "disabled_until": {
    "trend": 0.0,
    "breakout": 0.0,
    "reversion": 0.0,
    "vwap": 0.0
  },
  "_snapshot_time": "2025-09-25T17:42:00.527113"
}