{
  "arms": [
    "trend",
    "breakout",
    "reversion",
    "vwap"
  ],
  "d": 6,
  "alpha": 0.6,
  "alpha_base": 0.6,
  "alpha_boost_until": 0.0,
  "A": {
    "trend": [
      [
        1.0491788404543976,
        0.029554356569655278,
        0.5379357212487174,
        0.1152925326881626,
        0.1152925326881626,
        0.0
      ],
      [
        0.029554356569655278,
        1.0177608903377098,
        0.323276107578845,
        0.06928582677836957,
        0.06928582677836957,
        0.0
      ],
      [
        0.5379357212487174,
        0.323276107578845,
        6.884133044244899,
        1.2611108995891303,
        1.2611108995891303,
        0.0
      ],
      [
        0.1152925326881626,
        0.06928582677836957,
        1.2611108995891303,
        1.2702863258025814,
        0.2702863258025825,
        0.0
      ],
      [
        0.1152925326881626,
        0.06928582677836957,
        1.2611108995891303,
        0.2702863258025825,
        1.2702863258025814,
        0.0
      ],
      [
        0.0,
        0.0,
        0.0,
        0.0,
        0.0,
        1.0
      ]
    ],
    "breakout": [
      [
        1.0,
        0.0,
        0.0,
        0.0,
        0.0,
        0.0
      ],
      [
        0.0,
        1.0,
        0.0,
        0.0,
        0.0,
        0.0
      ],
      [
        0.0,
        0.0,
        1.0,
        0.0,
        0.0,
        0.0
      ],
      [
        0.0,
        0.0,
        0.0,
        1.0,
        0.0,
        0.0
      ],
      [
        0.0,
        0.0,
        0.0,
        0.0,
        1.0,
        0.0
      ],
      [
        0.0,
        0.0,
        0.0,
        0.0,
        0.0,
        1.0
      ]
    ],
    "reversion": [
      [
        1.4215165096371996,
        0.029788009479230104,
        0.7536795820165375,
        1.3694548096691836,
        1.3694548096691836,
        0.0
      ],
      [
        0.029788009479230104,
        1.002602352951372,
        0.06545039885649966,
        0.10334438832336104,
        0.10334438832336104,
        0.0
      ],
      [
        0.7536795820165375,
        0.06545039885649966,
        2.764018961473438,
        2.6270975797914766,
        2.6270975797914766,
        0.0
      ],
      [
        1.3694548096691836,
        0.10334438832336104,
        2.6270975797914766,
        5.559528502593529,
        4.559528502593538,
        0.0
      ],
      [
        1.3694548096691836,
        0.10334438832336104,
        2.6270975797914766,
        4.559528502593538,
        5.559528502593529,
        0.0
      ],
      [
        0.0,
        0.0,
        0.0,
        0.0,
        0.0,
        1.0
      ]
    ],
    "vwap": [
      [
        1.0,
        0.0,
        0.0,
        0.0,
        0.0,
        0.0
      ],
      [
        0.0,
        1.0,
        0.0,
        0.0,
        0.0,
        0.0
      ],
      [
        0.0,
        0.0,
        1.0,
        0.0,
        0.0,
        0.0
      ],
      [
        0.0,
        0.0,
        0.0,
        1.0,
        0.0,
        0.0
      ],
      [
        0.0,
        0.0,
        0.0,
        0.0,
        1.0,
        0.0
      ],
      [
        0.0,
        0.0,
        0.0,
        0.0,
        0.0,
        1.0
      ]
    ]
  },
  "b": {
    "trend": [
      [
        0.11754407674156583
      ],
      [
        0.07063890739539368
      ],
      [
        1.285739092590424
      ],
      [
        0.2755647385097008
      ],
      [
        0.2755647385097008
      ],
      [
        0.0
      ]
    ],
    "breakout": [
      [
        0.0
      ],
      [
        0.0
      ],
      [
        0.0
      ],
      [
        0.0
      ],
      [
        0.0
      ],
      [
        0.0
      ]
    ],
    "reversion": [
      [
        -0.43523631302319304
      ],
      [
        -0.1379993219737974
      ],
      [
        -3.804933718152735
      ],
      [
        -3.222464752070668
      ],
      [
        -3.222464752070668
      ],
      [
        0.0
      ]
    ],
    "vwap": [
      [
        0.0
      ],
      [
        0.0
      ],
      [
        0.0
      ],
      [
        0.0
      ],
      [
        0.0
      ],
      [
        0.0
      ]
    ]
  },
  "counts": {
    "trend": 1,
    "breakout": 0,
    "reversion": 7,
    "vwap": 0
  },
  "reward_sum": {
    "trend": 0.2755647385097008,
    "breakout": 0.0,
    "reversion": -3.222464752070668,
    "vwap": 0.0
  },
  "disabled_until": {
    "trend": 0.0,
    "breakout": 0.0,
    "reversion": 0.0,
    "vwap": 0.0
  },
  "_snapshot_time": "2025-09-19T15:28:00.118408"
}