{
  "arms": [
    "trend",
    "breakout",
    "reversion",
    "vwap"
  ],
  "d": 6,
  "alpha": 0.6,
  "alpha_base": 0.6,
  "alpha_boost_until": 0.0,
  "A": {
    "trend": [
      [
        1.0113224638606657,
        0.006804311185323446,
        0.12384915355713927,
        0.026543845334795736,
        0.026543845334795736,
        0.0
      ],
      [
        0.006804311185323446,
        1.004089096796994,
        0.07442798592357294,
        0.015951703263149132,
        0.015951703263149132,
        0.0
      ],
      [
        0.12384915355713927,
        0.07442798592357294,
        2.354706274674728,
        0.2903460604795606,
        0.2903460604795606,
        0.0
      ],
      [
        0.026543845334795736,
        0.015951703263149132,
        0.2903460604795606,
        1.0622281275372698,
        0.062228127537270826,
        0.0
      ],
      [
        0.026543845334795736,
        0.015951703263149132,
        0.2903460604795606,
        0.062228127537270826,
        1.0622281275372698,
        0.0
      ],
      [
        0.0,
        0.0,
        0.0,
        0.0,
        0.0,
        1.0
      ]
    ],
    "breakout": [
      [
        1.0,
        0.0,
        0.0,
        0.0,
        0.0,
        0.0
      ],
      [
        0.0,
        1.0,
        0.0,
        0.0,
        0.0,
        0.0
      ],
      [
        0.0,
        0.0,
        1.0,
        0.0,
        0.0,
        0.0
      ],
      [
        0.0,
        0.0,
        0.0,
        1.0,
        0.0,
        0.0
      ],
      [
        0.0,
        0.0,
        0.0,
        0.0,
        1.0,
        0.0
      ],
      [
        0.0,
        0.0,
        0.0,
        0.0,
        0.0,
        1.0
      ]
    ],
    "reversion": [
      [
        1.1305766799379442,
        0.008508853631491078,
        0.2193084744633452,
        0.4102511315567233,
        0.4102511315567233,
        0.0
      ],
      [
        0.008508853631491078,
        1.0006804085097272,
        0.017322879621980047,
        0.028468031313155496,
        0.028468031313155496,
        0.0
      ],
      [
        0.2193084744633452,
        0.017322879621980047,
        1.4686581065198694,
        0.7345133832046595,
        0.7345133832046595,
        0.0
      ],
      [
        0.4102511315567233,
        0.028468031313155496,
        0.7345133832046595,
        2.31867694208037,
        1.318676942080387,
        0.0
      ],
      [
        0.4102511315567233,
        0.028468031313155496,
        0.7345133832046595,
        1.318676942080387,
        2.31867694208037,
        0.0
      ],
      [
        0.0,
        0.0,
        0.0,
        0.0,
        0.0,
        1.0
      ]
    ],
    "vwap": [
      [
        1.0,
        0.0,
        0.0,
        0.0,
        0.0,
        0.0
      ],
      [
        0.0,
        1.0,
        0.0,
        0.0,
        0.0,
        0.0
      ],
      [
        0.0,
        0.0,
        1.0,
        0.0,
        0.0,
        0.0
      ],
      [
        0.0,
        0.0,
        0.0,
        1.0,
        0.0,
        0.0
      ],
      [
        0.0,
        0.0,
        0.0,
        0.0,
        1.0,
        0.0
      ],
      [
        0.0,
        0.0,
        0.0,
        0.0,
        0.0,
        1.0
      ]
    ]
  },
  "b": {
    "trend": [
      [
        0.02706221921144276
      ],
      [
        0.01626322354799655
      ],
      [
        0.2960162190809853
      ],
      [
        0.0634433785795039
      ],
      [
        0.0634433785795039
      ],
      [
        0.0
      ]
    ],
    "breakout": [
      [
        0.0
      ],
      [
        0.0
      ],
      [
        0.0
      ],
      [
        0.0
      ],
      [
        0.0
      ],
      [
        0.0
      ]
    ],
    "reversion": [
      [
        -0.0037324586882877494
      ],
      [
        -0.027022230738136505
      ],
      [
        -0.7442721322415957
      ],
      [
        -0.46869474959638985
      ],
      [
        -0.46869474959638985
      ],
      [
        0.0
      ]
    ],
    "vwap": [
      [
        0.0
      ],
      [
        0.0
      ],
      [
        0.0
      ],
      [
        0.0
      ],
      [
        0.0
      ],
      [
        0.0
      ]
    ]
  },
  "counts": {
    "trend": 1,
    "breakout": 0,
    "reversion": 8,
    "vwap": 0
  },
  "reward_sum": {
    "trend": 0.0634433785795039,
    "breakout": 0.0,
    "reversion": -0.46869474959638985,
    "vwap": 0.0
  },
  "disabled_until": {
    "trend": 0.0,
    "breakout": 0.0,
    "reversion": 0.0,
    "vwap": 0.0
  },
  "_snapshot_time": "2025-09-24T06:00:00.042638"
}