{
  "arms": [
    "trend",
    "breakout",
    "reversion",
    "vwap"
  ],
  "d": 6,
  "alpha": 0.6,
  "alpha_base": 0.6,
  "alpha_boost_until": 0.0,
  "A": {
    "trend": [
      [
        1.0501748360051586,
        0.030152906827794854,
        0.5488302763055007,
        0.11762749724878237,
        0.11762749724878237,
        0.0
      ],
      [
        0.030152906827794854,
        1.0181205931609258,
        0.3298232640762511,
        0.07068903951304256,
        0.07068903951304256,
        0.0
      ],
      [
        0.5488302763055007,
        0.3298232640762511,
        7.003301578476381,
        1.2866515758922217,
        1.2866515758922217,
        0.0
      ],
      [
        0.11762749724878237,
        0.07068903951304256,
        1.2866515758922217,
        1.2757603055760693,
        0.2757603055760701,
        0.0
      ],
      [
        0.11762749724878237,
        0.07068903951304256,
        1.2866515758922217,
        0.2757603055760701,
        1.2757603055760693,
        0.0
      ],
      [
        0.0,
        0.0,
        0.0,
        0.0,
        0.0,
        1.0
      ]
    ],
    "breakout": [
      [
        1.0,
        0.0,
        0.0,
        0.0,
        0.0,
        0.0
      ],
      [
        0.0,
        1.0,
        0.0,
        0.0,
        0.0,
        0.0
      ],
      [
        0.0,
        0.0,
        1.0,
        0.0,
        0.0,
        0.0
      ],
      [
        0.0,
        0.0,
        0.0,
        1.0,
        0.0,
        0.0
      ],
      [
        0.0,
        0.0,
        0.0,
        0.0,
        1.0,
        0.0
      ],
      [
        0.0,
        0.0,
        0.0,
        0.0,
        0.0,
        1.0
      ]
    ],
    "reversion": [
      [
        1.4300532820436231,
        0.0303912917980732,
        0.7689434943709584,
        1.3971897234002977,
        1.3971897234002977,
        0.0
      ],
      [
        0.0303912917980732,
        1.0026550571619048,
        0.06677593450260873,
        0.10543737282676029,
        0.10543737282676029,
        0.0
      ],
      [
        0.7689434943709584,
        0.06677593450260873,
        2.799744794389629,
        2.6803029314571782,
        2.6803029314571782,
        0.0
      ],
      [
        1.3971897234002977,
        0.10543737282676029,
        2.6803029314571782,
        5.651870454135935,
        4.651870454135944,
        0.0
      ],
      [
        1.3971897234002977,
        0.10543737282676029,
        2.6803029314571782,
        4.651870454135944,
        5.651870454135935,
        0.0
      ],
      [
        0.0,
        0.0,
        0.0,
        0.0,
        0.0,
        1.0
      ]
    ],
    "vwap": [
      [
        1.0,
        0.0,
        0.0,
        0.0,
        0.0,
        0.0
      ],
      [
        0.0,
        1.0,
        0.0,
        0.0,
        0.0,
        0.0
      ],
      [
        0.0,
        0.0,
        1.0,
        0.0,
        0.0,
        0.0
      ],
      [
        0.0,
        0.0,
        0.0,
        1.0,
        0.0,
        0.0
      ],
      [
        0.0,
        0.0,
        0.0,
        0.0,
        1.0,
        0.0
      ],
      [
        0.0,
        0.0,
        0.0,
        0.0,
        0.0,
        1.0
      ]
    ]
  },
  "b": {
    "trend": [
      [
        0.11992464074777669
      ],
      [
        0.07206952342510017
      ],
      [
        1.3117785519153582
      ],
      [
        0.28114561945293526
      ],
      [
        0.28114561945293526
      ],
      [
        0.0
      ]
    ],
    "breakout": [
      [
        0.0
      ],
      [
        0.0
      ],
      [
        0.0
      ],
      [
        0.0
      ],
      [
        0.0
      ],
      [
        0.0
      ]
    ],
    "reversion": [
      [
        -0.4440509460502313
      ],
      [
        -0.14079415628513925
      ],
      [
        -3.8819932221834414
      ],
      [
        -3.287727790521587
      ],
      [
        -3.287727790521587
      ],
      [
        0.0
      ]
    ],
    "vwap": [
      [
        0.0
      ],
      [
        0.0
      ],
      [
        0.0
      ],
      [
        0.0
      ],
      [
        0.0
      ],
      [
        0.0
      ]
    ]
  },
  "counts": {
    "trend": 1,
    "breakout": 0,
    "reversion": 7,
    "vwap": 0
  },
  "reward_sum": {
    "trend": 0.28114561945293526,
    "breakout": 0.0,
    "reversion": -3.287727790521587,
    "vwap": 0.0
  },
  "disabled_until": {
    "trend": 0.0,
    "breakout": 0.0,
    "reversion": 0.0,
    "vwap": 0.0
  },
  "_snapshot_time": "2025-09-19T14:40:00.904302"
}