{
  "arms": [
    "trend",
    "breakout",
    "reversion",
    "vwap"
  ],
  "d": 6,
  "alpha": 0.6,
  "alpha_base": 0.6,
  "alpha_boost_until": 0.0,
  "A": {
    "trend": [
      [
        1.15812497538464,
        0.0950262727202542,
        1.7296274555282396,
        0.37070066567048715,
        0.37070066567048715,
        0.0
      ],
      [
        0.0950262727202542,
        1.0571066808714984,
        1.0394313099095098,
        0.22277507059144305,
        0.22277507059144305,
        0.0
      ],
      [
        1.7296274555282396,
        1.0394313099095098,
        19.919282849783652,
        4.054856277868869,
        4.054856277868869,
        0.0
      ],
      [
        0.37070066567048715,
        0.22277507059144305,
        4.054856277868869,
        1.8690529955452595,
        0.8690529955452602,
        0.0
      ],
      [
        0.37070066567048715,
        0.22277507059144305,
        4.054856277868869,
        0.8690529955452602,
        1.8690529955452595,
        0.0
      ],
      [
        0.0,
        0.0,
        0.0,
        0.0,
        0.0,
        1.0
      ]
    ],
    "breakout": [
      [
        1.0,
        0.0,
        0.0,
        0.0,
        0.0,
        0.0
      ],
      [
        0.0,
        1.0,
        0.0,
        0.0,
        0.0,
        0.0
      ],
      [
        0.0,
        0.0,
        1.0,
        0.0,
        0.0,
        0.0
      ],
      [
        0.0,
        0.0,
        0.0,
        1.0,
        0.0,
        0.0
      ],
      [
        0.0,
        0.0,
        0.0,
        0.0,
        1.0,
        0.0
      ],
      [
        0.0,
        0.0,
        0.0,
        0.0,
        0.0,
        1.0
      ]
    ],
    "reversion": [
      [
        1.1286120471941872,
        0.013038683167603572,
        0.3675239640739048,
        0.4421065376944467,
        0.4421065376944467,
        0.0
      ],
      [
        0.013038683167603572,
        1.0014151286578412,
        0.038007001377807575,
        0.04437181921242199,
        0.04437181921242199,
        0.0
      ],
      [
        0.3675239640739048,
        0.038007001377807575,
        2.056232629161116,
        1.2597735144976114,
        1.2597735144976114,
        0.0
      ],
      [
        0.4421065376944467,
        0.04437181921242199,
        1.2597735144976114,
        2.5219110149612813,
        1.5219110149612876,
        0.0
      ],
      [
        0.4421065376944467,
        0.04437181921242199,
        1.2597735144976114,
        1.5219110149612876,
        2.5219110149612813,
        0.0
      ],
      [
        0.0,
        0.0,
        0.0,
        0.0,
        0.0,
        1.0
      ]
    ],
    "vwap": [
      [
        1.0,
        0.0,
        0.0,
        0.0,
        0.0,
        0.0
      ],
      [
        0.0,
        1.0,
        0.0,
        0.0,
        0.0,
        0.0
      ],
      [
        0.0,
        0.0,
        1.0,
        0.0,
        0.0,
        0.0
      ],
      [
        0.0,
        0.0,
        0.0,
        1.0,
        0.0,
        0.0
      ],
      [
        0.0,
        0.0,
        0.0,
        0.0,
        1.0,
        0.0
      ],
      [
        0.0,
        0.0,
        0.0,
        0.0,
        0.0,
        1.0
      ]
    ]
  },
  "b": {
    "trend": [
      [
        0.37794006669605534
      ],
      [
        0.22712563756869328
      ],
      [
        4.134043431858571
      ],
      [
        0.886024702719953
      ],
      [
        0.886024702719953
      ],
      [
        0.0
      ]
    ],
    "breakout": [
      [
        0.0
      ],
      [
        0.0
      ],
      [
        0.0
      ],
      [
        0.0
      ],
      [
        0.0
      ],
      [
        0.0
      ]
    ],
    "reversion": [
      [
        0.176259141172855
      ],
      [
        0.019177854556487572
      ],
      [
        0.5141690225808938
      ],
      [
        0.599595239263737
      ],
      [
        0.599595239263737
      ],
      [
        0.0
      ]
    ],
    "vwap": [
      [
        0.0
      ],
      [
        0.0
      ],
      [
        0.0
      ],
      [
        0.0
      ],
      [
        0.0
      ],
      [
        0.0
      ]
    ]
  },
  "counts": {
    "trend": 1,
    "breakout": 0,
    "reversion": 2,
    "vwap": 0
  },
  "reward_sum": {
    "trend": 0.886024702719953,
    "breakout": 0.0,
    "reversion": 0.599595239263737,
    "vwap": 0.0
  },
  "disabled_until": {
    "trend": 0.0,
    "breakout": 0.0,
    "reversion": 0.0,
    "vwap": 0.0
  },
  "_snapshot_time": "2025-09-17T21:47:00.699945"
}