{
  "arms": [
    "trend",
    "breakout",
    "reversion",
    "vwap"
  ],
  "d": 6,
  "alpha": 0.6,
  "alpha_base": 0.6,
  "alpha_boost_until": 0.0,
  "A": {
    "trend": [
      [
        1.0563060555604253,
        0.033837504660296086,
        0.6158957455829842,
        0.1320012365330457,
        0.1320012365330457,
        0.0
      ],
      [
        0.033837504660296086,
        1.0203348771324743,
        0.37012671113242696,
        0.07932703528767408,
        0.07932703528767408,
        0.0
      ],
      [
        0.6158957455829842,
        0.37012671113242696,
        7.736887634050811,
        1.44387666980412,
        1.44387666980412,
        0.0
      ],
      [
        0.1320012365330457,
        0.07932703528767408,
        1.44387666980412,
        1.3094574157757024,
        0.30945741577570285,
        0.0
      ],
      [
        0.1320012365330457,
        0.07932703528767408,
        1.44387666980412,
        0.30945741577570285,
        1.3094574157757024,
        0.0
      ],
      [
        0.0,
        0.0,
        0.0,
        0.0,
        0.0,
        1.0
      ]
    ],
    "breakout": [
      [
        1.0,
        0.0,
        0.0,
        0.0,
        0.0,
        0.0
      ],
      [
        0.0,
        1.0,
        0.0,
        0.0,
        0.0,
        0.0
      ],
      [
        0.0,
        0.0,
        1.0,
        0.0,
        0.0,
        0.0
      ],
      [
        0.0,
        0.0,
        0.0,
        1.0,
        0.0,
        0.0
      ],
      [
        0.0,
        0.0,
        0.0,
        0.0,
        1.0,
        0.0
      ],
      [
        0.0,
        0.0,
        0.0,
        0.0,
        0.0,
        1.0
      ]
    ],
    "reversion": [
      [
        1.4826045468330364,
        0.03410501958311282,
        0.8629061610171963,
        1.5679222586027817,
        1.5679222586027817,
        0.0
      ],
      [
        0.03410501958311282,
        1.0029794974528454,
        0.07493576018497893,
        0.11832151423312019,
        0.11832151423312019,
        0.0
      ],
      [
        0.8629061610171963,
        0.07493576018497893,
        3.0196683926793546,
        3.007828182276123,
        3.007828182276123,
        0.0
      ],
      [
        1.5679222586027817,
        0.11832151423312019,
        3.007828182276123,
        6.220315542706498,
        5.220315542706507,
        0.0
      ],
      [
        1.5679222586027817,
        0.11832151423312019,
        3.007828182276123,
        5.220315542706507,
        6.220315542706498,
        0.0
      ],
      [
        0.0,
        0.0,
        0.0,
        0.0,
        0.0,
        1.0
      ]
    ],
    "vwap": [
      [
        1.0,
        0.0,
        0.0,
        0.0,
        0.0,
        0.0
      ],
      [
        0.0,
        1.0,
        0.0,
        0.0,
        0.0,
        0.0
      ],
      [
        0.0,
        0.0,
        1.0,
        0.0,
        0.0,
        0.0
      ],
      [
        0.0,
        0.0,
        0.0,
        1.0,
        0.0,
        0.0
      ],
      [
        0.0,
        0.0,
        0.0,
        0.0,
        1.0,
        0.0
      ],
      [
        0.0,
        0.0,
        0.0,
        0.0,
        0.0,
        1.0
      ]
    ]
  },
  "b": {
    "trend": [
      [
        0.13457908431059196
      ],
      [
        0.08087621033320087
      ],
      [
        1.472074089480364
      ],
      [
        0.31550079940190795
      ],
      [
        0.31550079940190795
      ],
      [
        0.0
      ]
    ],
    "breakout": [
      [
        0.0
      ],
      [
        0.0
      ],
      [
        0.0
      ],
      [
        0.0
      ],
      [
        0.0
      ],
      [
        0.0
      ]
    ],
    "reversion": [
      [
        -0.49831268481661134
      ],
      [
        -0.1579987941676423
      ],
      [
        -4.356361544081235
      ],
      [
        -3.689478598826518
      ],
      [
        -3.689478598826518
      ],
      [
        0.0
      ]
    ],
    "vwap": [
      [
        0.0
      ],
      [
        0.0
      ],
      [
        0.0
      ],
      [
        0.0
      ],
      [
        0.0
      ],
      [
        0.0
      ]
    ]
  },
  "counts": {
    "trend": 1,
    "breakout": 0,
    "reversion": 7,
    "vwap": 0
  },
  "reward_sum": {
    "trend": 0.31550079940190795,
    "breakout": 0.0,
    "reversion": -3.689478598826518,
    "vwap": 0.0
  },
  "disabled_until": {
    "trend": 0.0,
    "breakout": 0.0,
    "reversion": 0.0,
    "vwap": 0.0
  },
  "_snapshot_time": "2025-09-19T10:18:00.184168"
}