{
  "arms": [
    "trend",
    "breakout",
    "reversion",
    "vwap"
  ],
  "d": 6,
  "alpha": 0.6,
  "alpha_base": 0.6,
  "alpha_boost_until": 0.0,
  "A": {
    "trend": [
      [
        1.0230708437172757,
        0.013864579467167522,
        0.25235712839502733,
        0.0540861878572335,
        0.0540861878572335,
        0.0
      ],
      [
        0.013864579467167522,
        1.0083320127411493,
        0.1516557219846715,
        0.032503460160029904,
        0.032503460160029904,
        0.0
      ],
      [
        0.25235712839502733,
        0.1516557219846715,
        3.760372400429182,
        0.5916140398135741,
        0.5916140398135741,
        0.0
      ],
      [
        0.0540861878572335,
        0.032503460160029904,
        0.5916140398135741,
        1.1267970843535902,
        0.12679708435358925,
        0.0
      ],
      [
        0.0540861878572335,
        0.032503460160029904,
        0.5916140398135741,
        0.12679708435358925,
        1.1267970843535902,
        0.0
      ],
      [
        0.0,
        0.0,
        0.0,
        0.0,
        0.0,
        1.0
      ]
    ],
    "breakout": [
      [
        1.0,
        0.0,
        0.0,
        0.0,
        0.0,
        0.0
      ],
      [
        0.0,
        1.0,
        0.0,
        0.0,
        0.0,
        0.0
      ],
      [
        0.0,
        0.0,
        1.0,
        0.0,
        0.0,
        0.0
      ],
      [
        0.0,
        0.0,
        0.0,
        1.0,
        0.0,
        0.0
      ],
      [
        0.0,
        0.0,
        0.0,
        0.0,
        1.0,
        0.0
      ],
      [
        0.0,
        0.0,
        0.0,
        0.0,
        0.0,
        1.0
      ]
    ],
    "reversion": [
      [
        1.2660652498468048,
        0.017337783963020947,
        0.4468666539794347,
        0.8359346390906142,
        0.8359346390906142,
        0.0
      ],
      [
        0.017337783963020947,
        1.0013864118786318,
        0.03529739228228762,
        0.05800694172635712,
        0.05800694172635712,
        0.0
      ],
      [
        0.4468666539794347,
        0.03529739228228762,
        1.9549456783799521,
        1.4966568832279192,
        1.4966568832279192,
        0.0
      ],
      [
        0.8359346390906142,
        0.05800694172635712,
        1.4966568832279192,
        3.6869584234228125,
        2.6869584234228276,
        0.0
      ],
      [
        0.8359346390906142,
        0.05800694172635712,
        1.4966568832279192,
        2.6869584234228276,
        3.6869584234228125,
        0.0
      ],
      [
        0.0,
        0.0,
        0.0,
        0.0,
        0.0,
        1.0
      ]
    ],
    "vwap": [
      [
        1.0,
        0.0,
        0.0,
        0.0,
        0.0,
        0.0
      ],
      [
        0.0,
        1.0,
        0.0,
        0.0,
        0.0,
        0.0
      ],
      [
        0.0,
        0.0,
        1.0,
        0.0,
        0.0,
        0.0
      ],
      [
        0.0,
        0.0,
        0.0,
        1.0,
        0.0,
        0.0
      ],
      [
        0.0,
        0.0,
        0.0,
        0.0,
        1.0,
        0.0
      ],
      [
        0.0,
        0.0,
        0.0,
        0.0,
        0.0,
        1.0
      ]
    ]
  },
  "b": {
    "trend": [
      [
        0.05514243522904367
      ],
      [
        0.03313821915726945
      ],
      [
        0.6031676508080953
      ],
      [
        0.12927330041553822
      ],
      [
        0.12927330041553822
      ],
      [
        0.0
      ]
    ],
    "breakout": [
      [
        0.0
      ],
      [
        0.0
      ],
      [
        0.0
      ],
      [
        0.0
      ],
      [
        0.0
      ],
      [
        0.0
      ]
    ],
    "reversion": [
      [
        -0.007605320903503826
      ],
      [
        -0.055060954040011496
      ],
      [
        -1.5165414751928759
      ],
      [
        -0.9550203429319538
      ],
      [
        -0.9550203429319538
      ],
      [
        0.0
      ]
    ],
    "vwap": [
      [
        0.0
      ],
      [
        0.0
      ],
      [
        0.0
      ],
      [
        0.0
      ],
      [
        0.0
      ],
      [
        0.0
      ]
    ]
  },
  "counts": {
    "trend": 1,
    "breakout": 0,
    "reversion": 8,
    "vwap": 0
  },
  "reward_sum": {
    "trend": 0.12927330041553822,
    "breakout": 0.0,
    "reversion": -0.9550203429319538,
    "vwap": 0.0
  },
  "disabled_until": {
    "trend": 0.0,
    "breakout": 0.0,
    "reversion": 0.0,
    "vwap": 0.0
  },
  "_snapshot_time": "2025-09-23T02:31:00.562983"
}