{
  "arms": [
    "trend",
    "breakout",
    "reversion",
    "vwap"
  ],
  "d": 6,
  "alpha": 0.6,
  "alpha_base": 0.6,
  "alpha_boost_until": 0.0,
  "A": {
    "trend": [
      [
        1.0756821289845466,
        0.04548168694692799,
        0.8278381569140493,
        0.17742558078308487,
        0.17742558078308487,
        0.0
      ],
      [
        0.04548168694692799,
        1.02733252718037,
        0.497494935735423,
        0.10662510198677079,
        0.10662510198677079,
        0.0
      ],
      [
        0.8278381569140493,
        0.497494935735423,
        10.055189425006683,
        1.9407443706408718,
        1.9407443706408718,
        0.0
      ],
      [
        0.17742558078308487,
        0.10662510198677079,
        1.9407443706408718,
        1.4159480862733527,
        0.4159480862733536,
        0.0
      ],
      [
        0.17742558078308487,
        0.10662510198677079,
        1.9407443706408718,
        0.4159480862733536,
        1.4159480862733527,
        0.0
      ],
      [
        0.0,
        0.0,
        0.0,
        0.0,
        0.0,
        1.0
      ]
    ],
    "breakout": [
      [
        1.0,
        0.0,
        0.0,
        0.0,
        0.0,
        0.0
      ],
      [
        0.0,
        1.0,
        0.0,
        0.0,
        0.0,
        0.0
      ],
      [
        0.0,
        0.0,
        1.0,
        0.0,
        0.0,
        0.0
      ],
      [
        0.0,
        0.0,
        0.0,
        1.0,
        0.0,
        0.0
      ],
      [
        0.0,
        0.0,
        0.0,
        0.0,
        1.0,
        0.0
      ],
      [
        0.0,
        0.0,
        0.0,
        0.0,
        0.0,
        1.0
      ]
    ],
    "reversion": [
      [
        1.0615565853593965,
        0.006240603667313227,
        0.17590514076788094,
        0.2116020187785733,
        0.2116020187785733,
        0.0
      ],
      [
        0.006240603667313227,
        1.0006773120397456,
        0.018190995910633695,
        0.021237339242233755,
        0.021237339242233755,
        0.0
      ],
      [
        0.17590514076788094,
        0.018190995910633695,
        1.5055364206913415,
        0.6029556139604245,
        0.6029556139604245,
        0.0
      ],
      [
        0.2116020187785733,
        0.021237339242233755,
        0.6029556139604245,
        1.728420450071976,
        0.7284204500719852,
        0.0
      ],
      [
        0.2116020187785733,
        0.021237339242233755,
        0.6029556139604245,
        0.7284204500719852,
        1.728420450071976,
        0.0
      ],
      [
        0.0,
        0.0,
        0.0,
        0.0,
        0.0,
        1.0
      ]
    ],
    "vwap": [
      [
        1.0,
        0.0,
        0.0,
        0.0,
        0.0,
        0.0
      ],
      [
        0.0,
        1.0,
        0.0,
        0.0,
        0.0,
        0.0
      ],
      [
        0.0,
        0.0,
        1.0,
        0.0,
        0.0,
        0.0
      ],
      [
        0.0,
        0.0,
        0.0,
        1.0,
        0.0,
        0.0
      ],
      [
        0.0,
        0.0,
        0.0,
        0.0,
        1.0,
        0.0
      ],
      [
        0.0,
        0.0,
        0.0,
        0.0,
        0.0,
        1.0
      ]
    ]
  },
  "b": {
    "trend": [
      [
        0.1808905190754396
      ],
      [
        0.10870738007299491
      ],
      [
        1.9786451031949142
      ],
      [
        0.424071122677683
      ],
      [
        0.424071122677683
      ],
      [
        0.0
      ]
    ],
    "breakout": [
      [
        0.0
      ],
      [
        0.0
      ],
      [
        0.0
      ],
      [
        0.0
      ],
      [
        0.0
      ],
      [
        0.0
      ]
    ],
    "reversion": [
      [
        0.0843615439275196
      ],
      [
        0.00917894759294261
      ],
      [
        0.24609272628923987
      ],
      [
        0.2869796129681213
      ],
      [
        0.2869796129681213
      ],
      [
        0.0
      ]
    ],
    "vwap": [
      [
        0.0
      ],
      [
        0.0
      ],
      [
        0.0
      ],
      [
        0.0
      ],
      [
        0.0
      ],
      [
        0.0
      ]
    ]
  },
  "counts": {
    "trend": 1,
    "breakout": 0,
    "reversion": 2,
    "vwap": 0
  },
  "reward_sum": {
    "trend": 0.424071122677683,
    "breakout": 0.0,
    "reversion": 0.2869796129681213,
    "vwap": 0.0
  },
  "disabled_until": {
    "trend": 0.0,
    "breakout": 0.0,
    "reversion": 0.0,
    "vwap": 0.0
  },
  "_snapshot_time": "2025-09-19T00:29:00.328235"
}