{
  "arms": [
    "trend",
    "breakout",
    "reversion",
    "vwap"
  ],
  "d": 6,
  "alpha": 0.6,
  "alpha_base": 0.6,
  "alpha_boost_until": 0.0,
  "A": {
    "trend": [
      [
        1.0892959323030675,
        0.0536629940665575,
        0.9767507998194227,
        0.2093411332769684,
        0.2093411332769684,
        0.0
      ],
      [
        0.0536629940665575,
        1.0322491389911672,
        0.5869849949863312,
        0.12580496897441149,
        0.12580496897441149,
        0.0
      ],
      [
        0.9767507998194227,
        0.5869849949863312,
        11.684049097666731,
        2.2898480825465595,
        2.2898480825465595,
        0.0
      ],
      [
        0.2093411332769684,
        0.12580496897441149,
        2.2898480825465595,
        1.4907693883854618,
        0.4907693883854626,
        0.0
      ],
      [
        0.2093411332769684,
        0.12580496897441149,
        2.2898480825465595,
        0.4907693883854626,
        1.4907693883854618,
        0.0
      ],
      [
        0.0,
        0.0,
        0.0,
        0.0,
        0.0,
        1.0
      ]
    ],
    "breakout": [
      [
        1.0,
        0.0,
        0.0,
        0.0,
        0.0,
        0.0
      ],
      [
        0.0,
        1.0,
        0.0,
        0.0,
        0.0,
        0.0
      ],
      [
        0.0,
        0.0,
        1.0,
        0.0,
        0.0,
        0.0
      ],
      [
        0.0,
        0.0,
        0.0,
        1.0,
        0.0,
        0.0
      ],
      [
        0.0,
        0.0,
        0.0,
        0.0,
        1.0,
        0.0
      ],
      [
        0.0,
        0.0,
        0.0,
        0.0,
        0.0,
        1.0
      ]
    ],
    "reversion": [
      [
        1.0726294668611,
        0.007363171862150695,
        0.20754719446353656,
        0.24966527498059618,
        0.24966527498059618,
        0.0
      ],
      [
        0.007363171862150695,
        1.0007991478419098,
        0.021463216761423196,
        0.025057540435457312,
        0.025057540435457312,
        0.0
      ],
      [
        0.20754719446353656,
        0.021463216761423196,
        1.5964729930893764,
        0.7114160820840284,
        0.7114160820840284,
        0.0
      ],
      [
        0.24966527498059618,
        0.025057540435457312,
        0.7114160820840284,
        1.8594497019379328,
        0.8594497019379429,
        0.0
      ],
      [
        0.24966527498059618,
        0.025057540435457312,
        0.7114160820840284,
        0.8594497019379429,
        1.8594497019379328,
        0.0
      ],
      [
        0.0,
        0.0,
        0.0,
        0.0,
        0.0,
        1.0
      ]
    ],
    "vwap": [
      [
        1.0,
        0.0,
        0.0,
        0.0,
        0.0,
        0.0
      ],
      [
        0.0,
        1.0,
        0.0,
        0.0,
        0.0,
        0.0
      ],
      [
        0.0,
        0.0,
        1.0,
        0.0,
        0.0,
        0.0
      ],
      [
        0.0,
        0.0,
        0.0,
        1.0,
        0.0,
        0.0
      ],
      [
        0.0,
        0.0,
        0.0,
        0.0,
        1.0,
        0.0
      ],
      [
        0.0,
        0.0,
        0.0,
        0.0,
        0.0,
        1.0
      ]
    ]
  },
  "b": {
    "trend": [
      [
        0.21342934933721674
      ],
      [
        0.12826181004797055
      ],
      [
        2.3345664499311973
      ],
      [
        0.500353607521323
      ],
      [
        0.500353607521323
      ],
      [
        0.0
      ]
    ],
    "breakout": [
      [
        0.0
      ],
      [
        0.0
      ],
      [
        0.0
      ],
      [
        0.0
      ],
      [
        0.0
      ],
      [
        0.0
      ]
    ],
    "reversion": [
      [
        0.09953661209863923
      ],
      [
        0.010830069051574428
      ],
      [
        0.29036021742316714
      ],
      [
        0.3386018923594798
      ],
      [
        0.3386018923594798
      ],
      [
        0.0
      ]
    ],
    "vwap": [
      [
        0.0
      ],
      [
        0.0
      ],
      [
        0.0
      ],
      [
        0.0
      ],
      [
        0.0
      ],
      [
        0.0
      ]
    ]
  },
  "counts": {
    "trend": 1,
    "breakout": 0,
    "reversion": 2,
    "vwap": 0
  },
  "reward_sum": {
    "trend": 0.500353607521323,
    "breakout": 0.0,
    "reversion": 0.3386018923594798,
    "vwap": 0.0
  },
  "disabled_until": {
    "trend": 0.0,
    "breakout": 0.0,
    "reversion": 0.0,
    "vwap": 0.0
  },
  "_snapshot_time": "2025-09-18T18:30:00.513004"
}