{
  "arms": [
    "trend",
    "breakout",
    "reversion",
    "vwap"
  ],
  "d": 6,
  "alpha": 0.6,
  "alpha_base": 0.6,
  "alpha_boost_until": 0.0,
  "A": {
    "trend": [
      [
        1.0033492654110434,
        0.0020127636863697534,
        0.03663546126537006,
        0.007851858407318332,
        0.007851858407318332,
        0.0
      ],
      [
        0.0020127636863697534,
        1.0012095839415425,
        0.0220163280656138,
        0.00471862738039754,
        0.00471862738039754,
        0.0
      ],
      [
        0.03663546126537006,
        0.0220163280656138,
        1.400731759776637,
        0.08588643157213216,
        0.08588643157213216,
        0.0
      ],
      [
        0.007851858407318332,
        0.00471862738039754,
        0.08588643157213216,
        1.0184075231079905,
        0.018407523107991184,
        0.0
      ],
      [
        0.007851858407318332,
        0.00471862738039754,
        0.08588643157213216,
        0.018407523107991184,
        1.0184075231079905,
        0.0
      ],
      [
        0.0,
        0.0,
        0.0,
        0.0,
        0.0,
        1.0
      ]
    ],
    "breakout": [
      [
        1.0,
        0.0,
        0.0,
        0.0,
        0.0,
        0.0
      ],
      [
        0.0,
        1.0,
        0.0,
        0.0,
        0.0,
        0.0
      ],
      [
        0.0,
        0.0,
        1.0,
        0.0,
        0.0,
        0.0
      ],
      [
        0.0,
        0.0,
        0.0,
        1.0,
        0.0,
        0.0
      ],
      [
        0.0,
        0.0,
        0.0,
        0.0,
        1.0,
        0.0
      ],
      [
        0.0,
        0.0,
        0.0,
        0.0,
        0.0,
        1.0
      ]
    ],
    "reversion": [
      [
        1.0894248882249444,
        0.008306124606644476,
        0.33692619993897027,
        0.28736630146380043,
        0.28736630146380043,
        0.0
      ],
      [
        0.008306124606644476,
        1.000861006147601,
        0.03612767075764737,
        0.027339828219373547,
        0.027339828219373547,
        0.0
      ],
      [
        0.33692619993897027,
        0.03612767075764737,
        2.595597902402704,
        1.1063373338204663,
        1.1063373338204663,
        0.0
      ],
      [
        0.28736630146380043,
        0.027339828219373547,
        1.1063373338204663,
        1.9325941490060115,
        0.932594149006027,
        0.0
      ],
      [
        0.28736630146380043,
        0.027339828219373547,
        1.1063373338204663,
        0.932594149006027,
        1.9325941490060115,
        0.0
      ],
      [
        0.0,
        0.0,
        0.0,
        0.0,
        0.0,
        1.0
      ]
    ],
    "vwap": [
      [
        1.0,
        0.0,
        0.0,
        0.0,
        0.0,
        0.0
      ],
      [
        0.0,
        1.0,
        0.0,
        0.0,
        0.0,
        0.0
      ],
      [
        0.0,
        0.0,
        1.0,
        0.0,
        0.0,
        0.0
      ],
      [
        0.0,
        0.0,
        0.0,
        1.0,
        0.0,
        0.0
      ],
      [
        0.0,
        0.0,
        0.0,
        0.0,
        1.0,
        0.0
      ],
      [
        0.0,
        0.0,
        0.0,
        0.0,
        0.0,
        1.0
      ]
    ]
  },
  "b": {
    "trend": [
      [
        0.00800519709017109
      ],
      [
        0.004810777298270327
      ],
      [
        0.08756370485050917
      ],
      [
        0.018767003017273673
      ],
      [
        0.018767003017273673
      ],
      [
        0.0
      ]
    ],
    "breakout": [
      [
        0.0
      ],
      [
        0.0
      ],
      [
        0.0
      ],
      [
        0.0
      ],
      [
        0.0
      ],
      [
        0.0
      ]
    ],
    "reversion": [
      [
        -0.18900379423445895
      ],
      [
        -0.029406596871181193
      ],
      [
        -1.2264472558107469
      ],
      [
        -0.7526947975516599
      ],
      [
        -0.7526947975516599
      ],
      [
        0.0
      ]
    ],
    "vwap": [
      [
        0.0
      ],
      [
        0.0
      ],
      [
        0.0
      ],
      [
        0.0
      ],
      [
        0.0
      ],
      [
        0.0
      ]
    ]
  },
  "counts": {
    "trend": 1,
    "breakout": 0,
    "reversion": 9,
    "vwap": 0
  },
  "reward_sum": {
    "trend": 0.018767003017273673,
    "breakout": 0.0,
    "reversion": -0.7526947975516599,
    "vwap": 0.0
  },
  "disabled_until": {
    "trend": 0.0,
    "breakout": 0.0,
    "reversion": 0.0,
    "vwap": 0.0
  },
  "_snapshot_time": "2025-09-26T08:18:00.863588"
}