{
  "arms": [
    "trend",
    "breakout",
    "reversion",
    "vwap"
  ],
  "d": 6,
  "alpha": 0.6,
  "alpha_base": 0.6,
  "alpha_boost_until": 0.0,
  "A": {
    "trend": [
      [
        1.0150669497780092,
        0.009054585306239817,
        0.16480767787451003,
        0.03532223988490599,
        0.03532223988490599,
        0.0
      ],
      [
        0.009054585306239817,
        1.0054414142395065,
        0.09904228794976444,
        0.021227138800992675,
        0.021227138800992675,
        0.0
      ],
      [
        0.16480767787451003,
        0.09904228794976444,
        2.8027252421080506,
        0.38636727529648945,
        0.38636727529648945,
        0.0
      ],
      [
        0.03532223988490599,
        0.021227138800992675,
        0.38636727529648945,
        1.08280777787605,
        0.08280777787605056,
        0.0
      ],
      [
        0.03532223988490599,
        0.021227138800992675,
        0.38636727529648945,
        0.08280777787605056,
        1.08280777787605,
        0.0
      ],
      [
        0.0,
        0.0,
        0.0,
        0.0,
        0.0,
        1.0
      ]
    ],
    "breakout": [
      [
        1.0,
        0.0,
        0.0,
        0.0,
        0.0,
        0.0
      ],
      [
        0.0,
        1.0,
        0.0,
        0.0,
        0.0,
        0.0
      ],
      [
        0.0,
        0.0,
        1.0,
        0.0,
        0.0,
        0.0
      ],
      [
        0.0,
        0.0,
        0.0,
        1.0,
        0.0,
        0.0
      ],
      [
        0.0,
        0.0,
        0.0,
        0.0,
        1.0,
        0.0
      ],
      [
        0.0,
        0.0,
        0.0,
        0.0,
        0.0,
        1.0
      ]
    ],
    "reversion": [
      [
        1.1737600846436687,
        0.01132284208735554,
        0.29183663655666303,
        0.5459265113673936,
        0.5459265113673936,
        0.0
      ],
      [
        0.01132284208735554,
        1.0009054284447925,
        0.02305178099809168,
        0.03788277916825162,
        0.03788277916825162,
        0.0
      ],
      [
        0.29183663655666303,
        0.02305178099809168,
        1.6236494318628476,
        0.9774265029422311,
        0.9774265029422311,
        0.0
      ],
      [
        0.5459265113673936,
        0.03788277916825162,
        0.9774265029422311,
        2.7547805410770083,
        1.7547805410770252,
        0.0
      ],
      [
        0.5459265113673936,
        0.03788277916825162,
        0.9774265029422311,
        1.7547805410770252,
        2.7547805410770083,
        0.0
      ],
      [
        0.0,
        0.0,
        0.0,
        0.0,
        0.0,
        1.0
      ]
    ],
    "vwap": [
      [
        1.0,
        0.0,
        0.0,
        0.0,
        0.0,
        0.0
      ],
      [
        0.0,
        1.0,
        0.0,
        0.0,
        0.0,
        0.0
      ],
      [
        0.0,
        0.0,
        1.0,
        0.0,
        0.0,
        0.0
      ],
      [
        0.0,
        0.0,
        0.0,
        1.0,
        0.0,
        0.0
      ],
      [
        0.0,
        0.0,
        0.0,
        0.0,
        1.0,
        0.0
      ],
      [
        0.0,
        0.0,
        0.0,
        0.0,
        0.0,
        1.0
      ]
    ]
  },
  "b": {
    "trend": [
      [
        0.036012046738059716
      ],
      [
        0.021641682891783125
      ],
      [
        0.39391262902270496
      ],
      [
        0.08442492822833456
      ],
      [
        0.08442492822833456
      ],
      [
        0.0
      ]
    ],
    "breakout": [
      [
        0.0
      ],
      [
        0.0
      ],
      [
        0.0
      ],
      [
        0.0
      ],
      [
        0.0
      ],
      [
        0.0
      ]
    ],
    "reversion": [
      [
        -0.004966831274268194
      ],
      [
        -0.0359588335570402
      ],
      [
        -0.9904125970861493
      ],
      [
        -0.6236981932808953
      ],
      [
        -0.6236981932808953
      ],
      [
        0.0
      ]
    ],
    "vwap": [
      [
        0.0
      ],
      [
        0.0
      ],
      [
        0.0
      ],
      [
        0.0
      ],
      [
        0.0
      ],
      [
        0.0
      ]
    ]
  },
  "counts": {
    "trend": 1,
    "breakout": 0,
    "reversion": 8,
    "vwap": 0
  },
  "reward_sum": {
    "trend": 0.08442492822833456,
    "breakout": 0.0,
    "reversion": -0.6236981932808953,
    "vwap": 0.0
  },
  "disabled_until": {
    "trend": 0.0,
    "breakout": 0.0,
    "reversion": 0.0,
    "vwap": 0.0
  },
  "_snapshot_time": "2025-09-23T18:13:00.497448"
}