{
  "arms": [
    "trend",
    "breakout",
    "reversion",
    "vwap"
  ],
  "d": 6,
  "alpha": 0.6,
  "alpha_base": 0.6,
  "alpha_boost_until": 0.0,
  "A": {
    "trend": [
      [
        1.1542111850812975,
        0.09267425398424714,
        1.6868170193692769,
        0.3615253619765917,
        0.3615253619765917,
        0.0
      ],
      [
        0.09267425398424714,
        1.055693219314858,
        1.0137040889450868,
        0.21726110982094252,
        0.21726110982094252,
        0.0
      ],
      [
        1.6868170193692769,
        1.0137040889450868,
        19.451007009211576,
        3.954493529080022,
        3.954493529080022,
        0.0
      ],
      [
        0.3615253619765917,
        0.21726110982094252,
        3.954493529080022,
        1.8475428503023448,
        0.8475428503023453,
        0.0
      ],
      [
        0.3615253619765917,
        0.21726110982094252,
        3.954493529080022,
        0.8475428503023453,
        1.8475428503023448,
        0.0
      ],
      [
        0.0,
        0.0,
        0.0,
        0.0,
        0.0,
        1.0
      ]
    ],
    "breakout": [
      [
        1.0,
        0.0,
        0.0,
        0.0,
        0.0,
        0.0
      ],
      [
        0.0,
        1.0,
        0.0,
        0.0,
        0.0,
        0.0
      ],
      [
        0.0,
        0.0,
        1.0,
        0.0,
        0.0,
        0.0
      ],
      [
        0.0,
        0.0,
        0.0,
        1.0,
        0.0,
        0.0
      ],
      [
        0.0,
        0.0,
        0.0,
        0.0,
        1.0,
        0.0
      ],
      [
        0.0,
        0.0,
        0.0,
        0.0,
        0.0,
        1.0
      ]
    ],
    "reversion": [
      [
        1.125428738662583,
        0.012715959501556563,
        0.35842728770548443,
        0.4311638496335384,
        0.4311638496335384,
        0.0
      ],
      [
        0.012715959501556563,
        1.0013801024590667,
        0.03706628070360823,
        0.0432735613606638,
        0.0432735613606638,
        0.0
      ],
      [
        0.35842728770548443,
        0.03706628070360823,
        2.0300895545960174,
        1.2285925492297578,
        1.2285925492297578,
        0.0
      ],
      [
        0.4311638496335384,
        0.0432735613606638,
        1.2285925492297578,
        2.4842418197034357,
        1.4842418197034426,
        0.0
      ],
      [
        0.4311638496335384,
        0.0432735613606638,
        1.2285925492297578,
        1.4842418197034426,
        2.4842418197034357,
        0.0
      ],
      [
        0.0,
        0.0,
        0.0,
        0.0,
        0.0,
        1.0
      ]
    ],
    "vwap": [
      [
        1.0,
        0.0,
        0.0,
        0.0,
        0.0,
        0.0
      ],
      [
        0.0,
        1.0,
        0.0,
        0.0,
        0.0,
        0.0
      ],
      [
        0.0,
        0.0,
        1.0,
        0.0,
        0.0,
        0.0
      ],
      [
        0.0,
        0.0,
        0.0,
        1.0,
        0.0,
        0.0
      ],
      [
        0.0,
        0.0,
        0.0,
        0.0,
        1.0,
        0.0
      ],
      [
        0.0,
        0.0,
        0.0,
        0.0,
        0.0,
        1.0
      ]
    ]
  },
  "b": {
    "trend": [
      [
        0.3685855788001262
      ],
      [
        0.22150399484087901
      ],
      [
        4.031720702271749
      ],
      [
        0.8640944865628141
      ],
      [
        0.8640944865628141
      ],
      [
        0.0
      ]
    ],
    "breakout": [
      [
        0.0
      ],
      [
        0.0
      ],
      [
        0.0
      ],
      [
        0.0
      ],
      [
        0.0
      ],
      [
        0.0
      ]
    ],
    "reversion": [
      [
        0.17189650765515938
      ],
      [
        0.018703178743767177
      ],
      [
        0.5014426981659098
      ],
      [
        0.5847545094697718
      ],
      [
        0.5847545094697718
      ],
      [
        0.0
      ]
    ],
    "vwap": [
      [
        0.0
      ],
      [
        0.0
      ],
      [
        0.0
      ],
      [
        0.0
      ],
      [
        0.0
      ],
      [
        0.0
      ]
    ]
  },
  "counts": {
    "trend": 1,
    "breakout": 0,
    "reversion": 2,
    "vwap": 0
  },
  "reward_sum": {
    "trend": 0.8640944865628141,
    "breakout": 0.0,
    "reversion": 0.5847545094697718,
    "vwap": 0.0
  },
  "disabled_until": {
    "trend": 0.0,
    "breakout": 0.0,
    "reversion": 0.0,
    "vwap": 0.0
  },
  "_snapshot_time": "2025-09-17T22:37:00.044258"
}