{
  "arms": [
    "trend",
    "breakout",
    "reversion",
    "vwap"
  ],
  "d": 6,
  "alpha": 0.6,
  "alpha_base": 0.6,
  "alpha_boost_until": 0.0,
  "A": {
    "trend": [
      [
        1.0035747816065825,
        0.0021482891683373023,
        0.03910223795590535,
        0.00838054784175067,
        0.00838054784175067,
        0.0
      ],
      [
        0.0021482891683373023,
        1.001291028895945,
        0.0234987541906745,
        0.005036346869418653,
        0.005036346869418653,
        0.0
      ],
      [
        0.03910223795590535,
        0.0234987541906745,
        1.427714244233809,
        0.09166942542884259,
        0.09166942542884259,
        0.0
      ],
      [
        0.00838054784175067,
        0.005036346869418653,
        0.09166942542884259,
        1.019646957452883,
        0.01964695745288379,
        0.0
      ],
      [
        0.00838054784175067,
        0.005036346869418653,
        0.09166942542884259,
        0.01964695745288379,
        1.019646957452883,
        0.0
      ],
      [
        0.0,
        0.0,
        0.0,
        0.0,
        0.0,
        1.0
      ]
    ],
    "breakout": [
      [
        1.0,
        0.0,
        0.0,
        0.0,
        0.0,
        0.0
      ],
      [
        0.0,
        1.0,
        0.0,
        0.0,
        0.0,
        0.0
      ],
      [
        0.0,
        0.0,
        1.0,
        0.0,
        0.0,
        0.0
      ],
      [
        0.0,
        0.0,
        0.0,
        1.0,
        0.0,
        0.0
      ],
      [
        0.0,
        0.0,
        0.0,
        0.0,
        1.0,
        0.0
      ],
      [
        0.0,
        0.0,
        0.0,
        0.0,
        0.0,
        1.0
      ]
    ],
    "reversion": [
      [
        1.0954461370971544,
        0.008865401161672316,
        0.3596124625854216,
        0.30671554587378697,
        0.30671554587378697,
        0.0
      ],
      [
        0.008865401161672316,
        1.0009189803022034,
        0.03856025637361006,
        0.029180701751339654,
        0.029180701751339654,
        0.0
      ],
      [
        0.3596124625854216,
        0.03856025637361006,
        2.703034347234218,
        1.180830381066932,
        1.180830381066932,
        0.0
      ],
      [
        0.30671554587378697,
        0.029180701751339654,
        1.180830381066932,
        1.9953885408067276,
        0.9953885408067444,
        0.0
      ],
      [
        0.30671554587378697,
        0.029180701751339654,
        1.180830381066932,
        0.9953885408067444,
        1.9953885408067276,
        0.0
      ],
      [
        0.0,
        0.0,
        0.0,
        0.0,
        0.0,
        1.0
      ]
    ],
    "vwap": [
      [
        1.0,
        0.0,
        0.0,
        0.0,
        0.0,
        0.0
      ],
      [
        0.0,
        1.0,
        0.0,
        0.0,
        0.0,
        0.0
      ],
      [
        0.0,
        0.0,
        1.0,
        0.0,
        0.0,
        0.0
      ],
      [
        0.0,
        0.0,
        0.0,
        1.0,
        0.0,
        0.0
      ],
      [
        0.0,
        0.0,
        0.0,
        0.0,
        1.0,
        0.0
      ],
      [
        0.0,
        0.0,
        0.0,
        0.0,
        0.0,
        1.0
      ]
    ]
  },
  "b": {
    "trend": [
      [
        0.008544211283062961
      ],
      [
        0.00513470152067249
      ],
      [
        0.09345963460276593
      ],
      [
        0.020030642234448635
      ],
      [
        0.020030642234448635
      ],
      [
        0.0
      ]
    ],
    "breakout": [
      [
        0.0
      ],
      [
        0.0
      ],
      [
        0.0
      ],
      [
        0.0
      ],
      [
        0.0
      ],
      [
        0.0
      ]
    ],
    "reversion": [
      [
        -0.2017299927846324
      ],
      [
        -0.03138663220318794
      ],
      [
        -1.3090276682939017
      ],
      [
        -0.8033760205404556
      ],
      [
        -0.8033760205404556
      ],
      [
        0.0
      ]
    ],
    "vwap": [
      [
        0.0
      ],
      [
        0.0
      ],
      [
        0.0
      ],
      [
        0.0
      ],
      [
        0.0
      ],
      [
        0.0
      ]
    ]
  },
  "counts": {
    "trend": 1,
    "breakout": 0,
    "reversion": 9,
    "vwap": 0
  },
  "reward_sum": {
    "trend": 0.020030642234448635,
    "breakout": 0.0,
    "reversion": -0.8033760205404556,
    "vwap": 0.0
  },
  "disabled_until": {
    "trend": 0.0,
    "breakout": 0.0,
    "reversion": 0.0,
    "vwap": 0.0
  },
  "_snapshot_time": "2025-09-26T06:10:00.435099"
}