{
  "arms": [
    "trend",
    "breakout",
    "reversion",
    "vwap"
  ],
  "d": 6,
  "alpha": 0.6,
  "alpha_base": 0.6,
  "alpha_boost_until": 0.0,
  "A": {
    "trend": [
      [
        1.1496422946381424,
        0.08992854839141379,
        1.6368408639102217,
        0.35081427269715754,
        0.35081427269715754,
        0.0
      ],
      [
        0.08992854839141379,
        1.0540431689806877,
        0.9836705805343511,
        0.2108242083224752,
        0.2108242083224752,
        0.0
      ],
      [
        1.6368408639102217,
        0.9836705805343511,
        18.904349971678677,
        3.837331809046495,
        3.837331809046495,
        0.0
      ],
      [
        0.35081427269715754,
        0.2108242083224752,
        3.837331809046495,
        1.8224322824348484,
        0.8224322824348486,
        0.0
      ],
      [
        0.35081427269715754,
        0.2108242083224752,
        3.837331809046495,
        0.8224322824348486,
        1.8224322824348484,
        0.0
      ],
      [
        0.0,
        0.0,
        0.0,
        0.0,
        0.0,
        1.0
      ]
    ],
    "breakout": [
      [
        1.0,
        0.0,
        0.0,
        0.0,
        0.0,
        0.0
      ],
      [
        0.0,
        1.0,
        0.0,
        0.0,
        0.0,
        0.0
      ],
      [
        0.0,
        0.0,
        1.0,
        0.0,
        0.0,
        0.0
      ],
      [
        0.0,
        0.0,
        0.0,
        1.0,
        0.0,
        0.0
      ],
      [
        0.0,
        0.0,
        0.0,
        0.0,
        1.0,
        0.0
      ],
      [
        0.0,
        0.0,
        0.0,
        0.0,
        0.0,
        1.0
      ]
    ],
    "reversion": [
      [
        1.121712599881402,
        0.012339217530398088,
        0.3478079865925311,
        0.4183895467126042,
        0.4183895467126042,
        0.0
      ],
      [
        0.012339217530398088,
        1.0013392134863732,
        0.03596809981886404,
        0.041991474326329666,
        0.041991474326329666,
        0.0
      ],
      [
        0.3478079865925311,
        0.03596809981886404,
        1.999570585955015,
        1.1921924349724913,
        1.1921924349724913,
        0.0
      ],
      [
        0.4183895467126042,
        0.041991474326329666,
        1.1921924349724913,
        2.440267459077132,
        1.4402674590771396,
        0.0
      ],
      [
        0.4183895467126042,
        0.041991474326329666,
        1.1921924349724913,
        1.4402674590771396,
        2.440267459077132,
        0.0
      ],
      [
        0.0,
        0.0,
        0.0,
        0.0,
        0.0,
        1.0
      ]
    ],
    "vwap": [
      [
        1.0,
        0.0,
        0.0,
        0.0,
        0.0,
        0.0
      ],
      [
        0.0,
        1.0,
        0.0,
        0.0,
        0.0,
        0.0
      ],
      [
        0.0,
        0.0,
        1.0,
        0.0,
        0.0,
        0.0
      ],
      [
        0.0,
        0.0,
        0.0,
        1.0,
        0.0,
        0.0
      ],
      [
        0.0,
        0.0,
        0.0,
        0.0,
        1.0,
        0.0
      ],
      [
        0.0,
        0.0,
        0.0,
        0.0,
        0.0,
        1.0
      ]
    ]
  },
  "b": {
    "trend": [
      [
        0.35766531301281
      ],
      [
        0.2149413873061811
      ],
      [
        3.912270934887043
      ],
      [
        0.8384935352468718
      ],
      [
        0.8384935352468718
      ],
      [
        0.0
      ]
    ],
    "breakout": [
      [
        0.0
      ],
      [
        0.0
      ],
      [
        0.0
      ],
      [
        0.0
      ],
      [
        0.0
      ],
      [
        0.0
      ]
    ],
    "reversion": [
      [
        0.16680364548291549
      ],
      [
        0.018149050490528118
      ],
      [
        0.48658620931763036
      ],
      [
        0.5674297007115747
      ],
      [
        0.5674297007115747
      ],
      [
        0.0
      ]
    ],
    "vwap": [
      [
        0.0
      ],
      [
        0.0
      ],
      [
        0.0
      ],
      [
        0.0
      ],
      [
        0.0
      ],
      [
        0.0
      ]
    ]
  },
  "counts": {
    "trend": 1,
    "breakout": 0,
    "reversion": 2,
    "vwap": 0
  },
  "reward_sum": {
    "trend": 0.8384935352468718,
    "breakout": 0.0,
    "reversion": 0.5674297007115747,
    "vwap": 0.0
  },
  "disabled_until": {
    "trend": 0.0,
    "breakout": 0.0,
    "reversion": 0.0,
    "vwap": 0.0
  },
  "_snapshot_time": "2025-09-17T23:43:00.597524"
}