{
  "arms": [
    "trend",
    "breakout",
    "reversion",
    "vwap"
  ],
  "d": 6,
  "alpha": 0.6,
  "alpha_base": 0.6,
  "alpha_boost_until": 0.0,
  "A": {
    "trend": [
      [
        1.0064584155731051,
        0.0038812284909305198,
        0.07064445617954912,
        0.015140802054214877,
        0.015140802054214877,
        0.0
      ],
      [
        0.0038812284909305198,
        1.0023324504947533,
        0.04245426342525738,
        0.00909896733079246,
        0.00909896733079246,
        0.0
      ],
      [
        0.07064445617954912,
        0.04245426342525738,
        1.7727342925542477,
        0.1656155004482116,
        0.1656155004482116,
        0.0
      ],
      [
        0.015140802054214877,
        0.00909896733079246,
        0.1656155004482116,
        1.0354953756459366,
        0.03549537564593805,
        0.0
      ],
      [
        0.015140802054214877,
        0.00909896733079246,
        0.1656155004482116,
        0.03549537564593805,
        1.0354953756459366,
        0.0
      ],
      [
        0.0,
        0.0,
        0.0,
        0.0,
        0.0,
        1.0
      ]
    ],
    "breakout": [
      [
        1.0,
        0.0,
        0.0,
        0.0,
        0.0,
        0.0
      ],
      [
        0.0,
        1.0,
        0.0,
        0.0,
        0.0,
        0.0
      ],
      [
        0.0,
        0.0,
        1.0,
        0.0,
        0.0,
        0.0
      ],
      [
        0.0,
        0.0,
        0.0,
        1.0,
        0.0,
        0.0
      ],
      [
        0.0,
        0.0,
        0.0,
        0.0,
        1.0,
        0.0
      ],
      [
        0.0,
        0.0,
        0.0,
        0.0,
        0.0,
        1.0
      ]
    ],
    "reversion": [
      [
        1.0744818860606191,
        0.004853511875079087,
        0.12509514574019034,
        0.23401022335205693,
        0.23401022335205693,
        0.0
      ],
      [
        0.004853511875079087,
        1.0003881099528666,
        0.009881096278901692,
        0.01623837170346422,
        0.01623837170346422,
        0.0
      ],
      [
        0.12509514574019034,
        0.009881096278901692,
        1.2673259858329078,
        0.41897176543200326,
        0.41897176543200326,
        0.0
      ],
      [
        0.23401022335205693,
        0.01623837170346422,
        0.41897176543200326,
        1.7521828997143603,
        0.7521828997143731,
        0.0
      ],
      [
        0.23401022335205693,
        0.01623837170346422,
        0.41897176543200326,
        0.7521828997143731,
        1.7521828997143603,
        0.0
      ],
      [
        0.0,
        0.0,
        0.0,
        0.0,
        0.0,
        1.0
      ]
    ],
    "vwap": [
      [
        1.0,
        0.0,
        0.0,
        0.0,
        0.0,
        0.0
      ],
      [
        0.0,
        1.0,
        0.0,
        0.0,
        0.0,
        0.0
      ],
      [
        0.0,
        0.0,
        1.0,
        0.0,
        0.0,
        0.0
      ],
      [
        0.0,
        0.0,
        0.0,
        1.0,
        0.0,
        0.0
      ],
      [
        0.0,
        0.0,
        0.0,
        0.0,
        1.0,
        0.0
      ],
      [
        0.0,
        0.0,
        0.0,
        0.0,
        0.0,
        1.0
      ]
    ]
  },
  "b": {
    "trend": [
      [
        0.01543648627620284
      ],
      [
        0.009276660762518587
      ],
      [
        0.16884980007275152
      ],
      [
        0.0361885636616363
      ],
      [
        0.0361885636616363
      ],
      [
        0.0
      ]
    ],
    "breakout": [
      [
        0.0
      ],
      [
        0.0
      ],
      [
        0.0
      ],
      [
        0.0
      ],
      [
        0.0
      ],
      [
        0.0
      ]
    ],
    "reversion": [
      [
        -0.0021290215287993104
      ],
      [
        -0.01541367656076246
      ],
      [
        -0.42453822671903146
      ],
      [
        -0.2673468873097379
      ],
      [
        -0.2673468873097379
      ],
      [
        0.0
      ]
    ],
    "vwap": [
      [
        0.0
      ],
      [
        0.0
      ],
      [
        0.0
      ],
      [
        0.0
      ],
      [
        0.0
      ],
      [
        0.0
      ]
    ]
  },
  "counts": {
    "trend": 1,
    "breakout": 0,
    "reversion": 8,
    "vwap": 0
  },
  "reward_sum": {
    "trend": 0.0361885636616363,
    "breakout": 0.0,
    "reversion": -0.2673468873097379,
    "vwap": 0.0
  },
  "disabled_until": {
    "trend": 0.0,
    "breakout": 0.0,
    "reversion": 0.0,
    "vwap": 0.0
  },
  "_snapshot_time": "2025-09-25T07:16:00.581748"
}