{
  "arms": [
    "trend",
    "breakout",
    "reversion",
    "vwap"
  ],
  "d": 6,
  "alpha": 0.6,
  "alpha_base": 0.6,
  "alpha_boost_until": 0.0,
  "A": {
    "trend": [
      [
        1.0060509844431667,
        0.003636379999576513,
        0.06618782896512304,
        0.014185639906578637,
        0.014185639906578637,
        0.0
      ],
      [
        0.003636379999576513,
        1.0021853071389484,
        0.0397760231785133,
        0.008524956182252788,
        0.008524956182252788,
        0.0
      ],
      [
        0.06618782896512304,
        0.0397760231785133,
        1.723986112386156,
        0.15516759573857117,
        0.15516759573857117,
        0.0
      ],
      [
        0.014185639906578637,
        0.008524956182252788,
        0.15516759573857117,
        1.0332561389719657,
        0.03325613897196732,
        0.0
      ],
      [
        0.014185639906578637,
        0.008524956182252788,
        0.15516759573857117,
        0.03325613897196732,
        1.0332561389719657,
        0.0
      ],
      [
        0.0,
        0.0,
        0.0,
        0.0,
        0.0,
        1.0
      ]
    ],
    "breakout": [
      [
        1.0,
        0.0,
        0.0,
        0.0,
        0.0,
        0.0
      ],
      [
        0.0,
        1.0,
        0.0,
        0.0,
        0.0,
        0.0
      ],
      [
        0.0,
        0.0,
        1.0,
        0.0,
        0.0,
        0.0
      ],
      [
        0.0,
        0.0,
        0.0,
        1.0,
        0.0,
        0.0
      ],
      [
        0.0,
        0.0,
        0.0,
        0.0,
        1.0,
        0.0
      ],
      [
        0.0,
        0.0,
        0.0,
        0.0,
        0.0,
        1.0
      ]
    ],
    "reversion": [
      [
        1.1615603844642375,
        0.015006344559042132,
        0.6087111483023433,
        0.5191732533092184,
        0.5191732533092184,
        0.0
      ],
      [
        0.015006344559042132,
        1.0015555455197522,
        0.06527042407613283,
        0.04939377891306216,
        0.04939377891306216,
        0.0
      ],
      [
        0.6087111483023433,
        0.06527042407613283,
        3.88270319012382,
        1.998775604276524,
        1.998775604276524,
        0.0
      ],
      [
        0.5191732533092184,
        0.04939377891306216,
        1.998775604276524,
        2.6848807111003197,
        1.6848807111003323,
        0.0
      ],
      [
        0.5191732533092184,
        0.04939377891306216,
        1.998775604276524,
        1.6848807111003323,
        2.6848807111003197,
        0.0
      ],
      [
        0.0,
        0.0,
        0.0,
        0.0,
        0.0,
        1.0
      ]
    ],
    "vwap": [
      [
        1.0,
        0.0,
        0.0,
        0.0,
        0.0,
        0.0
      ],
      [
        0.0,
        1.0,
        0.0,
        0.0,
        0.0,
        0.0
      ],
      [
        0.0,
        0.0,
        1.0,
        0.0,
        0.0,
        0.0
      ],
      [
        0.0,
        0.0,
        0.0,
        1.0,
        0.0,
        0.0
      ],
      [
        0.0,
        0.0,
        0.0,
        0.0,
        1.0,
        0.0
      ],
      [
        0.0,
        0.0,
        0.0,
        0.0,
        0.0,
        1.0
      ]
    ]
  },
  "b": {
    "trend": [
      [
        0.014462670798611892
      ],
      [
        0.008691439769265232
      ],
      [
        0.15819785857797827
      ],
      [
        0.03390559700880322
      ],
      [
        0.03390559700880322
      ],
      [
        0.0
      ]
    ],
    "breakout": [
      [
        0.0
      ],
      [
        0.0
      ],
      [
        0.0
      ],
      [
        0.0
      ],
      [
        0.0
      ],
      [
        0.0
      ]
    ],
    "reversion": [
      [
        -0.34146562850498663
      ],
      [
        -0.05312772753310126
      ],
      [
        -2.215773417300422
      ],
      [
        -1.3598637168076062
      ],
      [
        -1.3598637168076062
      ],
      [
        0.0
      ]
    ],
    "vwap": [
      [
        0.0
      ],
      [
        0.0
      ],
      [
        0.0
      ],
      [
        0.0
      ],
      [
        0.0
      ],
      [
        0.0
      ]
    ]
  },
  "counts": {
    "trend": 1,
    "breakout": 0,
    "reversion": 9,
    "vwap": 0
  },
  "reward_sum": {
    "trend": 0.03390559700880322,
    "breakout": 0.0,
    "reversion": -1.3598637168076062,
    "vwap": 0.0
  },
  "disabled_until": {
    "trend": 0.0,
    "breakout": 0.0,
    "reversion": 0.0,
    "vwap": 0.0
  },
  "_snapshot_time": "2025-09-25T09:21:00.200491"
}