{
  "arms": [
    "trend",
    "breakout",
    "reversion",
    "vwap"
  ],
  "d": 6,
  "alpha": 0.6,
  "alpha_base": 0.6,
  "alpha_boost_until": 0.0,
  "A": {
    "trend": [
      [
        1.0329325033235577,
        0.019791010462279556,
        0.3602274832874646,
        0.07720539323115934,
        0.07720539323115934,
        0.0
      ],
      [
        0.019791010462279556,
        1.0118935415042634,
        0.2164811408503812,
        0.046397102891636254,
        0.046397102891636254,
        0.0
      ],
      [
        0.3602274832874646,
        0.2164811408503812,
        4.940296868437412,
        0.8445001652815336,
        0.8445001652815336,
        0.0
      ],
      [
        0.07720539323115934,
        0.046397102891636254,
        0.8445001652815336,
        1.1809966489766976,
        0.18099664897669618,
        0.0
      ],
      [
        0.07720539323115934,
        0.046397102891636254,
        0.8445001652815336,
        0.18099664897669618,
        1.1809966489766976,
        0.0
      ],
      [
        0.0,
        0.0,
        0.0,
        0.0,
        0.0,
        1.0
      ]
    ],
    "breakout": [
      [
        1.0,
        0.0,
        0.0,
        0.0,
        0.0,
        0.0
      ],
      [
        0.0,
        1.0,
        0.0,
        0.0,
        0.0,
        0.0
      ],
      [
        0.0,
        0.0,
        1.0,
        0.0,
        0.0,
        0.0
      ],
      [
        0.0,
        0.0,
        0.0,
        1.0,
        0.0,
        0.0
      ],
      [
        0.0,
        0.0,
        0.0,
        0.0,
        1.0,
        0.0
      ],
      [
        0.0,
        0.0,
        0.0,
        0.0,
        0.0,
        1.0
      ]
    ],
    "reversion": [
      [
        1.3797951575694554,
        0.02474884035375584,
        0.637880337091655,
        1.1932558955143056,
        1.1932558955143056,
        0.0
      ],
      [
        0.02474884035375584,
        1.0019790352862858,
        0.05038530462494116,
        0.08280207800819137,
        0.08280207800819137,
        0.0
      ],
      [
        0.637880337091655,
        0.05038530462494116,
        2.363138345196954,
        2.136404649311574,
        2.136404649311574,
        0.0
      ],
      [
        1.1932558955143056,
        0.08280207800819137,
        2.136404649311574,
        4.835501999581033,
        3.8355019995810484,
        0.0
      ],
      [
        1.1932558955143056,
        0.08280207800819137,
        2.136404649311574,
        3.8355019995810484,
        4.835501999581033,
        0.0
      ],
      [
        0.0,
        0.0,
        0.0,
        0.0,
        0.0,
        1.0
      ]
    ],
    "vwap": [
      [
        1.0,
        0.0,
        0.0,
        0.0,
        0.0,
        0.0
      ],
      [
        0.0,
        1.0,
        0.0,
        0.0,
        0.0,
        0.0
      ],
      [
        0.0,
        0.0,
        1.0,
        0.0,
        0.0,
        0.0
      ],
      [
        0.0,
        0.0,
        0.0,
        1.0,
        0.0,
        0.0
      ],
      [
        0.0,
        0.0,
        0.0,
        0.0,
        1.0,
        0.0
      ],
      [
        0.0,
        0.0,
        0.0,
        0.0,
        0.0,
        1.0
      ]
    ]
  },
  "b": {
    "trend": [
      [
        0.07871313479921431
      ],
      [
        0.0473031903777474
      ],
      [
        0.8609923810469782
      ],
      [
        0.18453132654156207
      ],
      [
        0.18453132654156207
      ],
      [
        0.0
      ]
    ],
    "breakout": [
      [
        0.0
      ],
      [
        0.0
      ],
      [
        0.0
      ],
      [
        0.0
      ],
      [
        0.0
      ],
      [
        0.0
      ]
    ],
    "reversion": [
      [
        -0.01085622437569595
      ],
      [
        -0.07859682437894998
      ],
      [
        -2.164788933778951
      ],
      [
        -1.3632449252005687
      ],
      [
        -1.3632449252005687
      ],
      [
        0.0
      ]
    ],
    "vwap": [
      [
        0.0
      ],
      [
        0.0
      ],
      [
        0.0
      ],
      [
        0.0
      ],
      [
        0.0
      ],
      [
        0.0
      ]
    ]
  },
  "counts": {
    "trend": 1,
    "breakout": 0,
    "reversion": 8,
    "vwap": 0
  },
  "reward_sum": {
    "trend": 0.18453132654156207,
    "breakout": 0.0,
    "reversion": -1.3632449252005687,
    "vwap": 0.0
  },
  "disabled_until": {
    "trend": 0.0,
    "breakout": 0.0,
    "reversion": 0.0,
    "vwap": 0.0
  },
  "_snapshot_time": "2025-09-22T10:47:00.629773"
}