{
  "arms": [
    "trend",
    "breakout",
    "reversion",
    "vwap"
  ],
  "d": 6,
  "alpha": 0.6,
  "alpha_base": 0.6,
  "alpha_boost_until": 0.0,
  "A": {
    "trend": [
      [
        1.0055289350705956,
        0.0033226509006115228,
        0.06047746647657805,
        0.012961772206654256,
        0.012961772206654256,
        0.0
      ],
      [
        0.0033226509006115228,
        1.0019967695164373,
        0.036344342244821325,
        0.007789464615891278,
        0.007789464615891278,
        0.0
      ],
      [
        0.06047746647657805,
        0.036344342244821325,
        1.661524128014741,
        0.1417804937290741,
        0.1417804937290741,
        0.0
      ],
      [
        0.012961772206654256,
        0.007789464615891278,
        0.1417804937290741,
        1.0303869617913781,
        0.03038696179137978,
        0.0
      ],
      [
        0.012961772206654256,
        0.007789464615891278,
        0.1417804937290741,
        0.03038696179137978,
        1.0303869617913781,
        0.0
      ],
      [
        0.0,
        0.0,
        0.0,
        0.0,
        0.0,
        1.0
      ]
    ],
    "breakout": [
      [
        1.0,
        0.0,
        0.0,
        0.0,
        0.0,
        0.0
      ],
      [
        0.0,
        1.0,
        0.0,
        0.0,
        0.0,
        0.0
      ],
      [
        0.0,
        0.0,
        1.0,
        0.0,
        0.0,
        0.0
      ],
      [
        0.0,
        0.0,
        0.0,
        1.0,
        0.0,
        0.0
      ],
      [
        0.0,
        0.0,
        0.0,
        0.0,
        1.0,
        0.0
      ],
      [
        0.0,
        0.0,
        0.0,
        0.0,
        0.0,
        1.0
      ]
    ],
    "reversion": [
      [
        1.1476217438787355,
        0.013711670471676467,
        0.5561945245971531,
        0.47438152170075276,
        0.47438152170075276,
        0.0
      ],
      [
        0.013711670471676467,
        1.0014213406527233,
        0.05963921079895808,
        0.045132325007068944,
        0.045132325007068944,
        0.0
      ],
      [
        0.5561945245971531,
        0.05963921079895808,
        3.6339976438040242,
        1.8263310111823188,
        1.8263310111823188,
        0.0
      ],
      [
        0.47438152170075276,
        0.045132325007068944,
        1.8263310111823188,
        2.539517435694955,
        1.5395174356949684,
        0.0
      ],
      [
        0.47438152170075276,
        0.045132325007068944,
        1.8263310111823188,
        1.5395174356949684,
        2.539517435694955,
        0.0
      ],
      [
        0.0,
        0.0,
        0.0,
        0.0,
        0.0,
        1.0
      ]
    ],
    "vwap": [
      [
        1.0,
        0.0,
        0.0,
        0.0,
        0.0,
        0.0
      ],
      [
        0.0,
        1.0,
        0.0,
        0.0,
        0.0,
        0.0
      ],
      [
        0.0,
        0.0,
        1.0,
        0.0,
        0.0,
        0.0
      ],
      [
        0.0,
        0.0,
        0.0,
        1.0,
        0.0,
        0.0
      ],
      [
        0.0,
        0.0,
        0.0,
        0.0,
        1.0,
        0.0
      ],
      [
        0.0,
        0.0,
        0.0,
        0.0,
        0.0,
        1.0
      ]
    ]
  },
  "b": {
    "trend": [
      [
        0.01321490222689931
      ],
      [
        0.00794158481245719
      ],
      [
        0.14454932029659953
      ],
      [
        0.030980387762057637
      ],
      [
        0.030980387762057637
      ],
      [
        0.0
      ]
    ],
    "breakout": [
      [
        0.0
      ],
      [
        0.0
      ],
      [
        0.0
      ],
      [
        0.0
      ],
      [
        0.0
      ],
      [
        0.0
      ]
    ],
    "reversion": [
      [
        -0.3120056424829374
      ],
      [
        -0.04854412678429105
      ],
      [
        -2.0246073131525617
      ],
      [
        -1.2425413196326915
      ],
      [
        -1.2425413196326915
      ],
      [
        0.0
      ]
    ],
    "vwap": [
      [
        0.0
      ],
      [
        0.0
      ],
      [
        0.0
      ],
      [
        0.0
      ],
      [
        0.0
      ],
      [
        0.0
      ]
    ]
  },
  "counts": {
    "trend": 1,
    "breakout": 0,
    "reversion": 9,
    "vwap": 0
  },
  "reward_sum": {
    "trend": 0.030980387762057637,
    "breakout": 0.0,
    "reversion": -1.2425413196326915,
    "vwap": 0.0
  },
  "disabled_until": {
    "trend": 0.0,
    "breakout": 0.0,
    "reversion": 0.0,
    "vwap": 0.0
  },
  "_snapshot_time": "2025-09-25T12:22:00.082452"
}