{
  "arms": [
    "trend",
    "breakout",
    "reversion",
    "vwap"
  ],
  "d": 6,
  "alpha": 0.6,
  "alpha_base": 0.6,
  "alpha_boost_until": 0.0,
  "A": {
    "trend": [
      [
        1.0116098214167626,
        0.00697700065090278,
        0.12699237313627418,
        0.02721751271132218,
        0.02721751271132218,
        0.0
      ],
      [
        0.00697700065090278,
        1.0041928756985379,
        0.07631692497459856,
        0.01635654822637407,
        0.01635654822637407,
        0.0
      ],
      [
        0.12699237313627418,
        0.07631692497459856,
        2.3890879330408468,
        0.29771487484616815,
        0.29771487484616815,
        0.0
      ],
      [
        0.02721751271132218,
        0.01635654822637407,
        0.29771487484616815,
        1.063807441268775,
        0.06380744126877576,
        0.0
      ],
      [
        0.02721751271132218,
        0.01635654822637407,
        0.29771487484616815,
        0.06380744126877576,
        1.063807441268775,
        0.0
      ],
      [
        0.0,
        0.0,
        0.0,
        0.0,
        0.0,
        1.0
      ]
    ],
    "breakout": [
      [
        1.0,
        0.0,
        0.0,
        0.0,
        0.0,
        0.0
      ],
      [
        0.0,
        1.0,
        0.0,
        0.0,
        0.0,
        0.0
      ],
      [
        0.0,
        0.0,
        1.0,
        0.0,
        0.0,
        0.0
      ],
      [
        0.0,
        0.0,
        0.0,
        1.0,
        0.0,
        0.0
      ],
      [
        0.0,
        0.0,
        0.0,
        0.0,
        1.0,
        0.0
      ],
      [
        0.0,
        0.0,
        0.0,
        0.0,
        0.0,
        1.0
      ]
    ],
    "reversion": [
      [
        1.1338906402289197,
        0.00872480339426565,
        0.22487439615925214,
        0.4206630669800559,
        0.4206630669800559,
        0.0
      ],
      [
        0.00872480339426565,
        1.0006976768824867,
        0.017762524244740292,
        0.02919053341214362,
        0.02919053341214362,
        0.0
      ],
      [
        0.22487439615925214,
        0.017762524244740292,
        1.4805523770419033,
        0.7531549062261337,
        0.7531549062261337,
        0.0
      ],
      [
        0.4206630669800559,
        0.02919053341214362,
        0.7531549062261337,
        2.352144196912988,
        1.352144196913005,
        0.0
      ],
      [
        0.4206630669800559,
        0.02919053341214362,
        0.7531549062261337,
        1.352144196913005,
        2.352144196912988,
        0.0
      ],
      [
        0.0,
        0.0,
        0.0,
        0.0,
        0.0,
        1.0
      ]
    ],
    "vwap": [
      [
        1.0,
        0.0,
        0.0,
        0.0,
        0.0,
        0.0
      ],
      [
        0.0,
        1.0,
        0.0,
        0.0,
        0.0,
        0.0
      ],
      [
        0.0,
        0.0,
        1.0,
        0.0,
        0.0,
        0.0
      ],
      [
        0.0,
        0.0,
        0.0,
        1.0,
        0.0,
        0.0
      ],
      [
        0.0,
        0.0,
        0.0,
        0.0,
        1.0,
        0.0
      ],
      [
        0.0,
        0.0,
        0.0,
        0.0,
        0.0,
        1.0
      ]
    ]
  },
  "b": {
    "trend": [
      [
        0.027749042615859507
      ],
      [
        0.01667597471510345
      ],
      [
        0.30352893877936876
      ],
      [
        0.06505353467657855
      ],
      [
        0.06505353467657855
      ],
      [
        0.0
      ]
    ],
    "breakout": [
      [
        0.0
      ],
      [
        0.0
      ],
      [
        0.0
      ],
      [
        0.0
      ],
      [
        0.0
      ],
      [
        0.0
      ]
    ],
    "reversion": [
      [
        -0.00382718632178688
      ],
      [
        -0.027708039258328165
      ],
      [
        -0.7631613266452292
      ],
      [
        -0.48058995009842165
      ],
      [
        -0.48058995009842165
      ],
      [
        0.0
      ]
    ],
    "vwap": [
      [
        0.0
      ],
      [
        0.0
      ],
      [
        0.0
      ],
      [
        0.0
      ],
      [
        0.0
      ],
      [
        0.0
      ]
    ]
  },
  "counts": {
    "trend": 1,
    "breakout": 0,
    "reversion": 8,
    "vwap": 0
  },
  "reward_sum": {
    "trend": 0.06505353467657855,
    "breakout": 0.0,
    "reversion": -0.48058995009842165,
    "vwap": 0.0
  },
  "disabled_until": {
    "trend": 0.0,
    "breakout": 0.0,
    "reversion": 0.0,
    "vwap": 0.0
  },
  "_snapshot_time": "2025-09-24T05:03:00.161039"
}