{
  "arms": [
    "trend",
    "breakout",
    "reversion",
    "vwap"
  ],
  "d": 6,
  "alpha": 0.6,
  "alpha_base": 0.6,
  "alpha_boost_until": 0.0,
  "A": {
    "trend": [
      [
        1.0059606727439792,
        0.0035821065735353336,
        0.06519996734433996,
        0.013973917457767961,
        0.013973917457767961,
        0.0
      ],
      [
        0.0035821065735353336,
        1.002152691156736,
        0.039182361060571096,
        0.008397720145613142,
        0.008397720145613142,
        0.0
      ],
      [
        0.06519996734433996,
        0.039182361060571096,
        1.7131805291605287,
        0.15285169997622353,
        0.15285169997622353,
        0.0
      ],
      [
        0.013973917457767961,
        0.008397720145613142,
        0.15285169997622353,
        1.0327597869407916,
        0.03275978694079333,
        0.0
      ],
      [
        0.013973917457767961,
        0.008397720145613142,
        0.15285169997622353,
        0.03275978694079333,
        1.0327597869407916,
        0.0
      ],
      [
        0.0,
        0.0,
        0.0,
        0.0,
        0.0,
        1.0
      ]
    ],
    "breakout": [
      [
        1.0,
        0.0,
        0.0,
        0.0,
        0.0,
        0.0
      ],
      [
        0.0,
        1.0,
        0.0,
        0.0,
        0.0,
        0.0
      ],
      [
        0.0,
        0.0,
        1.0,
        0.0,
        0.0,
        0.0
      ],
      [
        0.0,
        0.0,
        0.0,
        1.0,
        0.0,
        0.0
      ],
      [
        0.0,
        0.0,
        0.0,
        0.0,
        1.0,
        0.0
      ],
      [
        0.0,
        0.0,
        0.0,
        0.0,
        0.0,
        1.0
      ]
    ],
    "reversion": [
      [
        1.1591490755310607,
        0.014782372990705358,
        0.5996260583250373,
        0.5114245276069217,
        0.5114245276069217,
        0.0
      ],
      [
        0.014782372990705358,
        1.0015323288084268,
        0.06429625483799353,
        0.04865657058856234,
        0.04865657058856234,
        0.0
      ],
      [
        0.5996260583250373,
        0.06429625483799353,
        3.839678484673323,
        1.9689436285357462,
        1.9689436285357462,
        0.0
      ],
      [
        0.5114245276069217,
        0.04865657058856234,
        1.9689436285357462,
        2.659733655877058,
        1.659733655877071,
        0.0
      ],
      [
        0.5114245276069217,
        0.04865657058856234,
        1.9689436285357462,
        1.659733655877071,
        2.659733655877058,
        0.0
      ],
      [
        0.0,
        0.0,
        0.0,
        0.0,
        0.0,
        1.0
      ]
    ],
    "vwap": [
      [
        1.0,
        0.0,
        0.0,
        0.0,
        0.0,
        0.0
      ],
      [
        0.0,
        1.0,
        0.0,
        0.0,
        0.0,
        0.0
      ],
      [
        0.0,
        0.0,
        1.0,
        0.0,
        0.0,
        0.0
      ],
      [
        0.0,
        0.0,
        0.0,
        1.0,
        0.0,
        0.0
      ],
      [
        0.0,
        0.0,
        0.0,
        0.0,
        1.0,
        0.0
      ],
      [
        0.0,
        0.0,
        0.0,
        0.0,
        0.0,
        1.0
      ]
    ]
  },
  "b": {
    "trend": [
      [
        0.014246813629108759
      ],
      [
        0.008561718944278976
      ],
      [
        0.1558367357639696
      ],
      [
        0.0333995517352472
      ],
      [
        0.0333995517352472
      ],
      [
        0.0
      ]
    ],
    "breakout": [
      [
        0.0
      ],
      [
        0.0
      ],
      [
        0.0
      ],
      [
        0.0
      ],
      [
        0.0
      ],
      [
        0.0
      ]
    ],
    "reversion": [
      [
        -0.3363692113163462
      ],
      [
        -0.05233478955870378
      ],
      [
        -2.182702722075536
      ],
      [
        -1.339567580851288
      ],
      [
        -1.339567580851288
      ],
      [
        0.0
      ]
    ],
    "vwap": [
      [
        0.0
      ],
      [
        0.0
      ],
      [
        0.0
      ],
      [
        0.0
      ],
      [
        0.0
      ],
      [
        0.0
      ]
    ]
  },
  "counts": {
    "trend": 1,
    "breakout": 0,
    "reversion": 9,
    "vwap": 0
  },
  "reward_sum": {
    "trend": 0.0333995517352472,
    "breakout": 0.0,
    "reversion": -1.339567580851288,
    "vwap": 0.0
  },
  "disabled_until": {
    "trend": 0.0,
    "breakout": 0.0,
    "reversion": 0.0,
    "vwap": 0.0
  },
  "_snapshot_time": "2025-09-25T09:55:00.086117"
}