{
  "arms": [
    "trend",
    "breakout",
    "reversion",
    "vwap"
  ],
  "d": 6,
  "alpha": 0.6,
  "alpha_base": 0.6,
  "alpha_boost_until": 0.0,
  "A": {
    "trend": [
      [
        1.1064201458575749,
        0.06395390594428102,
        1.1640615636387264,
        0.249486324435406,
        0.249486324435406,
        0.0
      ],
      [
        0.06395390594428102,
        1.0384335320401092,
        0.6995506645324291,
        0.14993049294144314,
        0.14993049294144314,
        0.0
      ],
      [
        1.1640615636387264,
        0.6995506645324291,
        13.732921130878122,
        2.7289705214032876,
        2.7289705214032876,
        0.0
      ],
      [
        0.249486324435406,
        0.14993049294144314,
        2.7289705214032876,
        1.5848838636585905,
        0.5848838636585911,
        0.0
      ],
      [
        0.249486324435406,
        0.14993049294144314,
        2.7289705214032876,
        0.5848838636585911,
        1.5848838636585905,
        0.0
      ],
      [
        0.0,
        0.0,
        0.0,
        0.0,
        0.0,
        1.0
      ]
    ],
    "breakout": [
      [
        1.0,
        0.0,
        0.0,
        0.0,
        0.0,
        0.0
      ],
      [
        0.0,
        1.0,
        0.0,
        0.0,
        0.0,
        0.0
      ],
      [
        0.0,
        0.0,
        1.0,
        0.0,
        0.0,
        0.0
      ],
      [
        0.0,
        0.0,
        0.0,
        1.0,
        0.0,
        0.0
      ],
      [
        0.0,
        0.0,
        0.0,
        0.0,
        1.0,
        0.0
      ],
      [
        0.0,
        0.0,
        0.0,
        0.0,
        0.0,
        1.0
      ]
    ],
    "reversion": [
      [
        1.086557564914418,
        0.00877520177386127,
        0.24734836332943946,
        0.2975433963646971,
        0.2975433963646971,
        0.0
      ],
      [
        0.00877520177386127,
        1.0009523998205103,
        0.02557920164348802,
        0.02986280605619325,
        0.02986280605619325,
        0.0
      ],
      [
        0.24734836332943946,
        0.02557920164348802,
        1.7108581688719937,
        0.8478438073064002,
        0.8478438073064002,
        0.0
      ],
      [
        0.2975433963646971,
        0.02986280605619325,
        0.8478438073064002,
        2.0242657227326224,
        1.0242657227326337,
        0.0
      ],
      [
        0.2975433963646971,
        0.02986280605619325,
        0.8478438073064002,
        1.0242657227326337,
        2.0242657227326224,
        0.0
      ],
      [
        0.0,
        0.0,
        0.0,
        0.0,
        0.0,
        1.0
      ]
    ],
    "vwap": [
      [
        1.0,
        0.0,
        0.0,
        0.0,
        0.0,
        0.0
      ],
      [
        0.0,
        1.0,
        0.0,
        0.0,
        0.0,
        0.0
      ],
      [
        0.0,
        0.0,
        1.0,
        0.0,
        0.0,
        0.0
      ],
      [
        0.0,
        0.0,
        0.0,
        1.0,
        0.0,
        0.0
      ],
      [
        0.0,
        0.0,
        0.0,
        0.0,
        1.0,
        0.0
      ],
      [
        0.0,
        0.0,
        0.0,
        0.0,
        0.0,
        1.0
      ]
    ]
  },
  "b": {
    "trend": [
      [
        0.2543585346045358
      ],
      [
        0.1528584805737315
      ],
      [
        2.7822644963565275
      ],
      [
        0.5963060412658253
      ],
      [
        0.5963060412658253
      ],
      [
        0.0
      ]
    ],
    "breakout": [
      [
        0.0
      ],
      [
        0.0
      ],
      [
        0.0
      ],
      [
        0.0
      ],
      [
        0.0
      ],
      [
        0.0
      ]
    ],
    "reversion": [
      [
        0.1186246730898652
      ],
      [
        0.012906943221159182
      ],
      [
        0.34604237721083003
      ],
      [
        0.4035353217462194
      ],
      [
        0.4035353217462194
      ],
      [
        0.0
      ]
    ],
    "vwap": [
      [
        0.0
      ],
      [
        0.0
      ],
      [
        0.0
      ],
      [
        0.0
      ],
      [
        0.0
      ],
      [
        0.0
      ]
    ]
  },
  "counts": {
    "trend": 1,
    "breakout": 0,
    "reversion": 2,
    "vwap": 0
  },
  "reward_sum": {
    "trend": 0.5963060412658253,
    "breakout": 0.0,
    "reversion": 0.4035353217462194,
    "vwap": 0.0
  },
  "disabled_until": {
    "trend": 0.0,
    "breakout": 0.0,
    "reversion": 0.0,
    "vwap": 0.0
  },
  "_snapshot_time": "2025-09-18T10:59:00.248551"
}