{
  "arms": [
    "trend",
    "breakout",
    "reversion",
    "vwap"
  ],
  "d": 6,
  "alpha": 0.6,
  "alpha_base": 0.6,
  "alpha_boost_until": 0.0,
  "A": {
    "trend": [
      [
        1.0795724139196001,
        0.04781957997298902,
        0.8703914829596499,
        0.18654577961039812,
        0.18654577961039812,
        0.0
      ],
      [
        0.04781957997298902,
        1.0287374997961436,
        0.5230676446394202,
        0.11210594711524628,
        0.11210594711524628,
        0.0
      ],
      [
        0.8703914829596499,
        0.5230676446394202,
        10.52065290333121,
        2.0405043627181874,
        2.0405043627181874,
        0.0
      ],
      [
        0.18654577961039812,
        0.11210594711524628,
        2.0405043627181874,
        1.437329046289999,
        0.43732904629000013,
        0.0
      ],
      [
        0.18654577961039812,
        0.11210594711524628,
        2.0405043627181874,
        0.43732904629000013,
        1.437329046289999,
        0.0
      ],
      [
        0.0,
        0.0,
        0.0,
        0.0,
        0.0,
        1.0
      ]
    ],
    "breakout": [
      [
        1.0,
        0.0,
        0.0,
        0.0,
        0.0,
        0.0
      ],
      [
        0.0,
        1.0,
        0.0,
        0.0,
        0.0,
        0.0
      ],
      [
        0.0,
        0.0,
        1.0,
        0.0,
        0.0,
        0.0
      ],
      [
        0.0,
        0.0,
        0.0,
        1.0,
        0.0,
        0.0
      ],
      [
        0.0,
        0.0,
        0.0,
        0.0,
        1.0,
        0.0
      ],
      [
        0.0,
        0.0,
        0.0,
        0.0,
        0.0,
        1.0
      ]
    ],
    "reversion": [
      [
        1.064720775636414,
        0.006561389125628508,
        0.1849471844882335,
        0.22247898744906525,
        0.22247898744906525,
        0.0
      ],
      [
        0.006561389125628508,
        1.0007121278788336,
        0.01912606682227778,
        0.022329001197614766,
        0.022329001197614766,
        0.0
      ],
      [
        0.1849471844882335,
        0.01912606682227778,
        1.5315224856702692,
        0.633949313172754,
        0.633949313172754,
        0.0
      ],
      [
        0.22247898744906525,
        0.022329001197614766,
        0.633949313172754,
        1.7658634123844927,
        0.7658634123845023,
        0.0
      ],
      [
        0.22247898744906525,
        0.022329001197614766,
        0.633949313172754,
        0.7658634123845023,
        1.7658634123844927,
        0.0
      ],
      [
        0.0,
        0.0,
        0.0,
        0.0,
        0.0,
        1.0
      ]
    ],
    "vwap": [
      [
        1.0,
        0.0,
        0.0,
        0.0,
        0.0,
        0.0
      ],
      [
        0.0,
        1.0,
        0.0,
        0.0,
        0.0,
        0.0
      ],
      [
        0.0,
        0.0,
        1.0,
        0.0,
        0.0,
        0.0
      ],
      [
        0.0,
        0.0,
        0.0,
        1.0,
        0.0,
        0.0
      ],
      [
        0.0,
        0.0,
        0.0,
        0.0,
        1.0,
        0.0
      ],
      [
        0.0,
        0.0,
        0.0,
        0.0,
        0.0,
        1.0
      ]
    ]
  },
  "b": {
    "trend": [
      [
        0.19018882596367154
      ],
      [
        0.11429526044450751
      ],
      [
        2.0803533048543437
      ],
      [
        0.4458696307545473
      ],
      [
        0.4458696307545473
      ],
      [
        0.0
      ]
    ],
    "breakout": [
      [
        0.0
      ],
      [
        0.0
      ],
      [
        0.0
      ],
      [
        0.0
      ],
      [
        0.0
      ],
      [
        0.0
      ]
    ],
    "reversion": [
      [
        0.08869797642277934
      ],
      [
        0.009650772606582952
      ],
      [
        0.2587426191840947
      ],
      [
        0.3017312125858479
      ],
      [
        0.3017312125858479
      ],
      [
        0.0
      ]
    ],
    "vwap": [
      [
        0.0
      ],
      [
        0.0
      ],
      [
        0.0
      ],
      [
        0.0
      ],
      [
        0.0
      ],
      [
        0.0
      ]
    ]
  },
  "counts": {
    "trend": 1,
    "breakout": 0,
    "reversion": 2,
    "vwap": 0
  },
  "reward_sum": {
    "trend": 0.4458696307545473,
    "breakout": 0.0,
    "reversion": 0.3017312125858479,
    "vwap": 0.0
  },
  "disabled_until": {
    "trend": 0.0,
    "breakout": 0.0,
    "reversion": 0.0,
    "vwap": 0.0
  },
  "_snapshot_time": "2025-09-18T22:46:00.410851"
}