{
  "arms": [
    "trend",
    "breakout",
    "reversion",
    "vwap"
  ],
  "d": 6,
  "alpha": 0.6,
  "alpha_base": 0.6,
  "alpha_boost_until": 0.0,
  "A": {
    "trend": [
      [
        1.0198497892284784,
        0.011928865001096014,
        0.21712408398806873,
        0.04653490103329227,
        0.04653490103329227,
        0.0
      ],
      [
        0.011928865001096014,
        1.007168732049316,
        0.13048218580902138,
        0.027965463304218847,
        0.027965463304218847,
        0.0
      ],
      [
        0.21712408398806873,
        0.13048218580902138,
        3.3749807771268876,
        0.5090153675703908,
        0.5090153675703908,
        0.0
      ],
      [
        0.04653490103329227,
        0.027965463304218847,
        0.5090153675703908,
        1.1090942069587033,
        0.10909420695870241,
        0.0
      ],
      [
        0.04653490103329227,
        0.027965463304218847,
        0.5090153675703908,
        0.10909420695870241,
        1.1090942069587033,
        0.0
      ],
      [
        0.0,
        0.0,
        0.0,
        0.0,
        0.0,
        1.0
      ]
    ],
    "breakout": [
      [
        1.0,
        0.0,
        0.0,
        0.0,
        0.0,
        0.0
      ],
      [
        0.0,
        1.0,
        0.0,
        0.0,
        0.0,
        0.0
      ],
      [
        0.0,
        0.0,
        1.0,
        0.0,
        0.0,
        0.0
      ],
      [
        0.0,
        0.0,
        0.0,
        1.0,
        0.0,
        0.0
      ],
      [
        0.0,
        0.0,
        0.0,
        0.0,
        1.0,
        0.0
      ],
      [
        0.0,
        0.0,
        0.0,
        0.0,
        0.0,
        1.0
      ]
    ],
    "reversion": [
      [
        1.2289183349860244,
        0.014917155244615352,
        0.3844770049777199,
        0.7192249489474812,
        0.7192249489474812,
        0.0
      ],
      [
        0.014917155244615352,
        1.0011928468638573,
        0.03036931833549206,
        0.04990825568267463,
        0.04990825568267463,
        0.0
      ],
      [
        0.3844770049777199,
        0.03036931833549206,
        1.8216201658153666,
        1.2876999230496213,
        1.2876999230496213,
        0.0
      ],
      [
        0.7192249489474812,
        0.04990825568267463,
        1.2876999230496213,
        3.3118165518450184,
        2.311816551845034,
        0.0
      ],
      [
        0.7192249489474812,
        0.04990825568267463,
        1.2876999230496213,
        2.311816551845034,
        3.3118165518450184,
        0.0
      ],
      [
        0.0,
        0.0,
        0.0,
        0.0,
        0.0,
        1.0
      ]
    ],
    "vwap": [
      [
        1.0,
        0.0,
        0.0,
        0.0,
        0.0,
        0.0
      ],
      [
        0.0,
        1.0,
        0.0,
        0.0,
        0.0,
        0.0
      ],
      [
        0.0,
        0.0,
        1.0,
        0.0,
        0.0,
        0.0
      ],
      [
        0.0,
        0.0,
        0.0,
        1.0,
        0.0,
        0.0
      ],
      [
        0.0,
        0.0,
        0.0,
        0.0,
        1.0,
        0.0
      ],
      [
        0.0,
        0.0,
        0.0,
        0.0,
        0.0,
        1.0
      ]
    ]
  },
  "b": {
    "trend": [
      [
        0.047443679574749195
      ],
      [
        0.028511599911119383
      ],
      [
        0.5189559118296088
      ],
      [
        0.1112247041141686
      ],
      [
        0.1112247041141686
      ],
      [
        0.0
      ]
    ],
    "breakout": [
      [
        0.0
      ],
      [
        0.0
      ],
      [
        0.0
      ],
      [
        0.0
      ],
      [
        0.0
      ],
      [
        0.0
      ]
    ],
    "reversion": [
      [
        -0.006543497879813086
      ],
      [
        -0.047373574447767505
      ],
      [
        -1.3048083116389437
      ],
      [
        -0.8216844060156054
      ],
      [
        -0.8216844060156054
      ],
      [
        0.0
      ]
    ],
    "vwap": [
      [
        0.0
      ],
      [
        0.0
      ],
      [
        0.0
      ],
      [
        0.0
      ],
      [
        0.0
      ],
      [
        0.0
      ]
    ]
  },
  "counts": {
    "trend": 1,
    "breakout": 0,
    "reversion": 8,
    "vwap": 0
  },
  "reward_sum": {
    "trend": 0.1112247041141686,
    "breakout": 0.0,
    "reversion": -0.8216844060156054,
    "vwap": 0.0
  },
  "disabled_until": {
    "trend": 0.0,
    "breakout": 0.0,
    "reversion": 0.0,
    "vwap": 0.0
  },
  "_snapshot_time": "2025-09-23T07:32:00.913170"
}