{
  "arms": [
    "trend",
    "breakout",
    "reversion",
    "vwap"
  ],
  "d": 6,
  "alpha": 0.6,
  "alpha_base": 0.6,
  "alpha_boost_until": 0.0,
  "A": {
    "trend": [
      [
        1.0114365433808898,
        0.0068728680440629745,
        0.12509699609316863,
        0.026811287931916606,
        0.026811287931916606,
        0.0
      ],
      [
        0.0068728680440629745,
        1.0041302965046277,
        0.07517788532973706,
        0.016112424699526912,
        0.016112424699526912,
        0.0
      ],
      [
        0.12509699609316863,
        0.07517788532973706,
        2.3683556220042203,
        0.29327144312472975,
        0.29327144312472975,
        0.0
      ],
      [
        0.026811287931916606,
        0.016112424699526912,
        0.29327144312472975,
        1.0628551072319081,
        0.06285510723190912,
        0.0
      ],
      [
        0.026811287931916606,
        0.016112424699526912,
        0.29327144312472975,
        0.06285510723190912,
        1.0628551072319081,
        0.0
      ],
      [
        0.0,
        0.0,
        0.0,
        0.0,
        0.0,
        1.0
      ]
    ],
    "breakout": [
      [
        1.0,
        0.0,
        0.0,
        0.0,
        0.0,
        0.0
      ],
      [
        0.0,
        1.0,
        0.0,
        0.0,
        0.0,
        0.0
      ],
      [
        0.0,
        0.0,
        1.0,
        0.0,
        0.0,
        0.0
      ],
      [
        0.0,
        0.0,
        0.0,
        1.0,
        0.0,
        0.0
      ],
      [
        0.0,
        0.0,
        0.0,
        0.0,
        1.0,
        0.0
      ],
      [
        0.0,
        0.0,
        0.0,
        0.0,
        0.0,
        1.0
      ]
    ],
    "reversion": [
      [
        1.1318923056871735,
        0.008594584613005812,
        0.22151811768727578,
        0.4143846181224952,
        0.4143846181224952,
        0.0
      ],
      [
        0.008594584613005812,
        1.000687263967806,
        0.017497416350072015,
        0.0287548610521507,
        0.0287548610521507,
        0.0
      ],
      [
        0.22151811768727578,
        0.017497416350072015,
        1.4733800727455058,
        0.7419139751063454,
        0.7419139751063454,
        0.0
      ],
      [
        0.4143846181224952,
        0.0287548610521507,
        0.7419139751063454,
        2.3319632757560367,
        1.3319632757560538,
        0.0
      ],
      [
        0.4143846181224952,
        0.0287548610521507,
        0.7419139751063454,
        1.3319632757560538,
        2.3319632757560367,
        0.0
      ],
      [
        0.0,
        0.0,
        0.0,
        0.0,
        0.0,
        1.0
      ]
    ],
    "vwap": [
      [
        1.0,
        0.0,
        0.0,
        0.0,
        0.0,
        0.0
      ],
      [
        0.0,
        1.0,
        0.0,
        0.0,
        0.0,
        0.0
      ],
      [
        0.0,
        0.0,
        1.0,
        0.0,
        0.0,
        0.0
      ],
      [
        0.0,
        0.0,
        0.0,
        1.0,
        0.0,
        0.0
      ],
      [
        0.0,
        0.0,
        0.0,
        0.0,
        1.0,
        0.0
      ],
      [
        0.0,
        0.0,
        0.0,
        0.0,
        0.0,
        1.0
      ]
    ]
  },
  "b": {
    "trend": [
      [
        0.02733488468618748
      ],
      [
        0.016427083707983688
      ],
      [
        0.2989987314269693
      ],
      [
        0.06408260253983879
      ],
      [
        0.06408260253983879
      ],
      [
        0.0
      ]
    ],
    "breakout": [
      [
        0.0
      ],
      [
        0.0
      ],
      [
        0.0
      ],
      [
        0.0
      ],
      [
        0.0
      ],
      [
        0.0
      ]
    ],
    "reversion": [
      [
        -0.0037700650875359203
      ],
      [
        -0.02729449330889271
      ],
      [
        -0.7517710484498833
      ],
      [
        -0.47341708501945895
      ],
      [
        -0.47341708501945895
      ],
      [
        0.0
      ]
    ],
    "vwap": [
      [
        0.0
      ],
      [
        0.0
      ],
      [
        0.0
      ],
      [
        0.0
      ],
      [
        0.0
      ],
      [
        0.0
      ]
    ]
  },
  "counts": {
    "trend": 1,
    "breakout": 0,
    "reversion": 8,
    "vwap": 0
  },
  "reward_sum": {
    "trend": 0.06408260253983879,
    "breakout": 0.0,
    "reversion": -0.47341708501945895,
    "vwap": 0.0
  },
  "disabled_until": {
    "trend": 0.0,
    "breakout": 0.0,
    "reversion": 0.0,
    "vwap": 0.0
  },
  "_snapshot_time": "2025-09-24T05:37:00.269885"
}