{
  "arms": [
    "trend",
    "breakout",
    "reversion",
    "vwap"
  ],
  "d": 6,
  "alpha": 0.6,
  "alpha_base": 0.6,
  "alpha_boost_until": 0.0,
  "A": {
    "trend": [
      [
        1.035682514619018,
        0.021443648337545963,
        0.39030808901133174,
        0.0836523888139182,
        0.0836523888139182,
        0.0
      ],
      [
        0.021443648337545963,
        1.0128867054055437,
        0.23455828417422006,
        0.05027146846218119,
        0.05027146846218119,
        0.0
      ],
      [
        0.39030808901133174,
        0.23455828417422006,
        5.269329277216367,
        0.915019705528002,
        0.915019705528002,
        0.0
      ],
      [
        0.0836523888139182,
        0.05027146846218119,
        0.915019705528002,
        1.1961106785491284,
        0.19611067854912728,
        0.0
      ],
      [
        0.0836523888139182,
        0.05027146846218119,
        0.915019705528002,
        0.19611067854912728,
        1.1961106785491284,
        0.0
      ],
      [
        0.0,
        0.0,
        0.0,
        0.0,
        0.0,
        1.0
      ]
    ],
    "breakout": [
      [
        1.0,
        0.0,
        0.0,
        0.0,
        0.0,
        0.0
      ],
      [
        0.0,
        1.0,
        0.0,
        0.0,
        0.0,
        0.0
      ],
      [
        0.0,
        0.0,
        1.0,
        0.0,
        0.0,
        0.0
      ],
      [
        0.0,
        0.0,
        0.0,
        1.0,
        0.0,
        0.0
      ],
      [
        0.0,
        0.0,
        0.0,
        0.0,
        1.0,
        0.0
      ],
      [
        0.0,
        0.0,
        0.0,
        0.0,
        0.0,
        1.0
      ]
    ],
    "reversion": [
      [
        1.411509751598818,
        0.026815479195440712,
        0.6911461977193668,
        1.2928980988050582,
        1.2928980988050582,
        0.0
      ],
      [
        0.026815479195440712,
        1.002144293582563,
        0.05459270287470302,
        0.08971642179715117,
        0.08971642179715117,
        0.0
      ],
      [
        0.6911461977193668,
        0.05459270287470302,
        2.476966492718482,
        2.314803991127742,
        2.314803991127742,
        0.0
      ],
      [
        1.2928980988050582,
        0.08971642179715117,
        2.314803991127742,
        5.155783568187592,
        4.155783568187606,
        0.0
      ],
      [
        1.2928980988050582,
        0.08971642179715117,
        2.314803991127742,
        4.155783568187606,
        5.155783568187592,
        0.0
      ],
      [
        0.0,
        0.0,
        0.0,
        0.0,
        0.0,
        1.0
      ]
    ],
    "vwap": [
      [
        1.0,
        0.0,
        0.0,
        0.0,
        0.0,
        0.0
      ],
      [
        0.0,
        1.0,
        0.0,
        0.0,
        0.0,
        0.0
      ],
      [
        0.0,
        0.0,
        1.0,
        0.0,
        0.0,
        0.0
      ],
      [
        0.0,
        0.0,
        0.0,
        1.0,
        0.0,
        0.0
      ],
      [
        0.0,
        0.0,
        0.0,
        0.0,
        1.0,
        0.0
      ],
      [
        0.0,
        0.0,
        0.0,
        0.0,
        0.0,
        1.0
      ]
    ]
  },
  "b": {
    "trend": [
      [
        0.08528603354524165
      ],
      [
        0.05125321830523496
      ],
      [
        0.9328890950599396
      ],
      [
        0.1999405174970709
      ],
      [
        0.1999405174970709
      ],
      [
        0.0
      ]
    ],
    "breakout": [
      [
        0.0
      ],
      [
        0.0
      ],
      [
        0.0
      ],
      [
        0.0
      ],
      [
        0.0
      ],
      [
        0.0
      ]
    ],
    "reversion": [
      [
        -0.01176276765805441
      ],
      [
        -0.08516001068476699
      ],
      [
        -2.345558490277312
      ],
      [
        -1.477081972629004
      ],
      [
        -1.477081972629004
      ],
      [
        0.0
      ]
    ],
    "vwap": [
      [
        0.0
      ],
      [
        0.0
      ],
      [
        0.0
      ],
      [
        0.0
      ],
      [
        0.0
      ],
      [
        0.0
      ]
    ]
  },
  "counts": {
    "trend": 1,
    "breakout": 0,
    "reversion": 8,
    "vwap": 0
  },
  "reward_sum": {
    "trend": 0.1999405174970709,
    "breakout": 0.0,
    "reversion": -1.477081972629004,
    "vwap": 0.0
  },
  "disabled_until": {
    "trend": 0.0,
    "breakout": 0.0,
    "reversion": 0.0,
    "vwap": 0.0
  },
  "_snapshot_time": "2025-09-22T08:07:00.643399"
}