{
  "arms": [
    "trend",
    "breakout",
    "reversion",
    "vwap"
  ],
  "d": 6,
  "alpha": 0.6,
  "alpha_base": 0.6,
  "alpha_boost_until": 0.0,
  "A": {
    "trend": [
      [
        1.026949330105313,
        0.016195382076653622,
        0.29478139771949136,
        0.06317872673252546,
        0.06317872673252546,
        0.0
      ],
      [
        0.016195382076653622,
        1.0097327243231566,
        0.17715087337981053,
        0.03796768285338524,
        0.03796768285338524,
        0.0
      ],
      [
        0.29478139771949136,
        0.17715087337981053,
        4.224424210244964,
        0.6910714774568526,
        0.6910714774568526,
        0.0
      ],
      [
        0.06317872673252546,
        0.03796768285338524,
        0.6910714774568526,
        1.14811319969531,
        0.14811319969530845,
        0.0
      ],
      [
        0.06317872673252546,
        0.03796768285338524,
        0.6910714774568526,
        0.14811319969530845,
        1.14811319969531,
        0.0
      ],
      [
        0.0,
        0.0,
        0.0,
        0.0,
        0.0,
        1.0
      ]
    ],
    "breakout": [
      [
        1.0,
        0.0,
        0.0,
        0.0,
        0.0,
        0.0
      ],
      [
        0.0,
        1.0,
        0.0,
        0.0,
        0.0,
        0.0
      ],
      [
        0.0,
        0.0,
        1.0,
        0.0,
        0.0,
        0.0
      ],
      [
        0.0,
        0.0,
        0.0,
        1.0,
        0.0,
        0.0
      ],
      [
        0.0,
        0.0,
        0.0,
        0.0,
        1.0,
        0.0
      ],
      [
        0.0,
        0.0,
        0.0,
        0.0,
        0.0,
        1.0
      ]
    ],
    "reversion": [
      [
        1.310794019306062,
        0.020252474033456317,
        0.5219903146468271,
        0.9764653088282863,
        0.9764653088282863,
        0.0
      ],
      [
        0.020252474033456317,
        1.0016194843949815,
        0.04123130857844615,
        0.06775860649659213,
        0.06775860649659213,
        0.0
      ],
      [
        0.5219903146468271,
        0.04123130857844615,
        2.1154835356122144,
        1.748262911178051,
        1.748262911178051,
        0.0
      ],
      [
        0.9764653088282863,
        0.06775860649659213,
        1.748262911178051,
        4.138668460479857,
        3.138668460479872,
        0.0
      ],
      [
        0.9764653088282863,
        0.06775860649659213,
        1.748262911178051,
        3.138668460479872,
        4.138668460479857,
        0.0
      ],
      [
        0.0,
        0.0,
        0.0,
        0.0,
        0.0,
        1.0
      ]
    ],
    "vwap": [
      [
        1.0,
        0.0,
        0.0,
        0.0,
        0.0,
        0.0
      ],
      [
        0.0,
        1.0,
        0.0,
        0.0,
        0.0,
        0.0
      ],
      [
        0.0,
        0.0,
        1.0,
        0.0,
        0.0,
        0.0
      ],
      [
        0.0,
        0.0,
        0.0,
        1.0,
        0.0,
        0.0
      ],
      [
        0.0,
        0.0,
        0.0,
        0.0,
        1.0,
        0.0
      ],
      [
        0.0,
        0.0,
        0.0,
        0.0,
        0.0,
        1.0
      ]
    ]
  },
  "b": {
    "trend": [
      [
        0.06441254199496717
      ],
      [
        0.03870915247467685
      ],
      [
        0.7045673894579632
      ],
      [
        0.15100569746796563
      ],
      [
        0.15100569746796563
      ],
      [
        0.0
      ]
    ],
    "breakout": [
      [
        0.0
      ],
      [
        0.0
      ],
      [
        0.0
      ],
      [
        0.0
      ],
      [
        0.0
      ],
      [
        0.0
      ]
    ],
    "reversion": [
      [
        -0.00888386684496882
      ],
      [
        -0.06431736283778024
      ],
      [
        -1.771490342278536
      ],
      [
        -1.115570752173675
      ],
      [
        -1.115570752173675
      ],
      [
        0.0
      ]
    ],
    "vwap": [
      [
        0.0
      ],
      [
        0.0
      ],
      [
        0.0
      ],
      [
        0.0
      ],
      [
        0.0
      ],
      [
        0.0
      ]
    ]
  },
  "counts": {
    "trend": 1,
    "breakout": 0,
    "reversion": 8,
    "vwap": 0
  },
  "reward_sum": {
    "trend": 0.15100569746796563,
    "breakout": 0.0,
    "reversion": -1.115570752173675,
    "vwap": 0.0
  },
  "disabled_until": {
    "trend": 0.0,
    "breakout": 0.0,
    "reversion": 0.0,
    "vwap": 0.0
  },
  "_snapshot_time": "2025-09-22T18:26:00.616323"
}