{
  "arms": [
    "trend",
    "breakout",
    "reversion",
    "vwap"
  ],
  "d": 6,
  "alpha": 0.6,
  "alpha_base": 0.6,
  "alpha_boost_until": 0.0,
  "A": {
    "trend": [
      [
        1.1713291179343246,
        0.10296139143196441,
        1.8740590826326091,
        0.401655828957433,
        0.401655828957433,
        0.0
      ],
      [
        0.10296139143196441,
        1.0618753440945743,
        1.1262284724277278,
        0.24137778519392727,
        0.24137778519392727,
        0.0
      ],
      [
        1.8740590826326091,
        1.1262284724277278,
        21.499127571205193,
        4.393454909623419,
        4.393454909623419,
        0.0
      ],
      [
        0.401655828957433,
        0.24137778519392727,
        4.393454909623419,
        1.9416228069143764,
        0.9416228069143757,
        0.0
      ],
      [
        0.401655828957433,
        0.24137778519392727,
        4.393454909623419,
        0.9416228069143757,
        1.9416228069143764,
        0.0
      ],
      [
        0.0,
        0.0,
        0.0,
        0.0,
        0.0,
        1.0
      ]
    ],
    "breakout": [
      [
        1.0,
        0.0,
        0.0,
        0.0,
        0.0,
        0.0
      ],
      [
        0.0,
        1.0,
        0.0,
        0.0,
        0.0,
        0.0
      ],
      [
        0.0,
        0.0,
        1.0,
        0.0,
        0.0,
        0.0
      ],
      [
        0.0,
        0.0,
        0.0,
        1.0,
        0.0,
        0.0
      ],
      [
        0.0,
        0.0,
        0.0,
        0.0,
        1.0,
        0.0
      ],
      [
        0.0,
        0.0,
        0.0,
        0.0,
        0.0,
        1.0
      ]
    ],
    "reversion": [
      [
        1.1393517282637204,
        0.014127471518630407,
        0.3982138585719256,
        0.4790244106089851,
        0.4790244106089851,
        0.0
      ],
      [
        0.014127471518630407,
        1.001533298228959,
        0.041180755952996285,
        0.04807706453906589,
        0.04807706453906589,
        0.0
      ],
      [
        0.3982138585719256,
        0.041180755952996285,
        2.144432776969175,
        1.3649702364277165,
        1.3649702364277165,
        0.0
      ],
      [
        0.4790244106089851,
        0.04807706453906589,
        1.3649702364277165,
        2.648997390409566,
        1.6489973904095705,
        0.0
      ],
      [
        0.4790244106089851,
        0.04807706453906589,
        1.3649702364277165,
        1.6489973904095705,
        2.648997390409566,
        0.0
      ],
      [
        0.0,
        0.0,
        0.0,
        0.0,
        0.0,
        1.0
      ]
    ],
    "vwap": [
      [
        1.0,
        0.0,
        0.0,
        0.0,
        0.0,
        0.0
      ],
      [
        0.0,
        1.0,
        0.0,
        0.0,
        0.0,
        0.0
      ],
      [
        0.0,
        0.0,
        1.0,
        0.0,
        0.0,
        0.0
      ],
      [
        0.0,
        0.0,
        0.0,
        1.0,
        0.0,
        0.0
      ],
      [
        0.0,
        0.0,
        0.0,
        0.0,
        1.0,
        0.0
      ],
      [
        0.0,
        0.0,
        0.0,
        0.0,
        0.0,
        1.0
      ]
    ]
  },
  "b": {
    "trend": [
      [
        0.409499752341872
      ],
      [
        0.24609164396869282
      ],
      [
        4.47925454508128
      ],
      [
        0.9600117275324294
      ],
      [
        0.9600117275324294
      ],
      [
        0.0
      ]
    ],
    "breakout": [
      [
        0.0
      ],
      [
        0.0
      ],
      [
        0.0
      ],
      [
        0.0
      ],
      [
        0.0
      ],
      [
        0.0
      ]
    ],
    "reversion": [
      [
        0.19097756765842402
      ],
      [
        0.020779291171702786
      ],
      [
        0.5571044352332912
      ],
      [
        0.649664123019081
      ],
      [
        0.649664123019081
      ],
      [
        0.0
      ]
    ],
    "vwap": [
      [
        0.0
      ],
      [
        0.0
      ],
      [
        0.0
      ],
      [
        0.0
      ],
      [
        0.0
      ],
      [
        0.0
      ]
    ]
  },
  "counts": {
    "trend": 1,
    "breakout": 0,
    "reversion": 2,
    "vwap": 0
  },
  "reward_sum": {
    "trend": 0.9600117275324294,
    "breakout": 0.0,
    "reversion": 0.649664123019081,
    "vwap": 0.0
  },
  "disabled_until": {
    "trend": 0.0,
    "breakout": 0.0,
    "reversion": 0.0,
    "vwap": 0.0
  },
  "_snapshot_time": "2025-09-17T17:41:00.159253"
}