{
  "arms": [
    "trend",
    "breakout",
    "reversion",
    "vwap"
  ],
  "d": 6,
  "alpha": 0.6,
  "alpha_base": 0.6,
  "alpha_boost_until": 0.0,
  "A": {
    "trend": [
      [
        1.0824139951667977,
        0.04952724742967069,
        0.9014737135200742,
        0.1932074474293528,
        0.1932074474293528,
        0.0
      ],
      [
        0.04952724742967069,
        1.0297637340963193,
        0.541746721178746,
        0.1161093214170975,
        0.1161093214170975,
        0.0
      ],
      [
        0.9014737135200742,
        0.541746721178746,
        10.860641442305493,
        2.1133720645549463,
        2.1133720645549463,
        0.0
      ],
      [
        0.1932074474293528,
        0.1161093214170975,
        2.1133720645549463,
        1.4529463432347423,
        0.4529463432347434,
        0.0
      ],
      [
        0.1932074474293528,
        0.1161093214170975,
        2.1133720645549463,
        0.4529463432347434,
        1.4529463432347423,
        0.0
      ],
      [
        0.0,
        0.0,
        0.0,
        0.0,
        0.0,
        1.0
      ]
    ],
    "breakout": [
      [
        1.0,
        0.0,
        0.0,
        0.0,
        0.0,
        0.0
      ],
      [
        0.0,
        1.0,
        0.0,
        0.0,
        0.0,
        0.0
      ],
      [
        0.0,
        0.0,
        1.0,
        0.0,
        0.0,
        0.0
      ],
      [
        0.0,
        0.0,
        0.0,
        1.0,
        0.0,
        0.0
      ],
      [
        0.0,
        0.0,
        0.0,
        0.0,
        1.0,
        0.0
      ],
      [
        0.0,
        0.0,
        0.0,
        0.0,
        0.0,
        1.0
      ]
    ],
    "reversion": [
      [
        1.067031995483764,
        0.006795700482750211,
        0.19155176546393118,
        0.23042385285517836,
        0.23042385285517836,
        0.0
      ],
      [
        0.006795700482750211,
        1.0007375584159557,
        0.019809070769722978,
        0.02312638395812649,
        0.02312638395812649,
        0.0
      ],
      [
        0.19155176546393118,
        0.019809070769722978,
        1.5505034899322552,
        0.6565880442511597,
        0.6565880442511597,
        0.0
      ],
      [
        0.23042385285517836,
        0.02312638395812649,
        0.6565880442511597,
        1.7932128794088982,
        0.793212879408908,
        0.0
      ],
      [
        0.23042385285517836,
        0.02312638395812649,
        0.6565880442511597,
        0.793212879408908,
        1.7932128794088982,
        0.0
      ],
      [
        0.0,
        0.0,
        0.0,
        0.0,
        0.0,
        1.0
      ]
    ],
    "vwap": [
      [
        1.0,
        0.0,
        0.0,
        0.0,
        0.0,
        0.0
      ],
      [
        0.0,
        1.0,
        0.0,
        0.0,
        0.0,
        0.0
      ],
      [
        0.0,
        0.0,
        1.0,
        0.0,
        0.0,
        0.0
      ],
      [
        0.0,
        0.0,
        0.0,
        1.0,
        0.0,
        0.0
      ],
      [
        0.0,
        0.0,
        0.0,
        0.0,
        1.0,
        0.0
      ],
      [
        0.0,
        0.0,
        0.0,
        0.0,
        0.0,
        1.0
      ]
    ]
  },
  "b": {
    "trend": [
      [
        0.19698058927288736
      ],
      [
        0.11837681651054342
      ],
      [
        2.1546440376275426
      ],
      [
        0.46179191737421843
      ],
      [
        0.46179191737421843
      ],
      [
        0.0
      ]
    ],
    "breakout": [
      [
        0.0
      ],
      [
        0.0
      ],
      [
        0.0
      ],
      [
        0.0
      ],
      [
        0.0
      ],
      [
        0.0
      ]
    ],
    "reversion": [
      [
        0.0918654372807847
      ],
      [
        0.009995407802488176
      ],
      [
        0.26798248182376727
      ],
      [
        0.31250622509513803
      ],
      [
        0.31250622509513803
      ],
      [
        0.0
      ]
    ],
    "vwap": [
      [
        0.0
      ],
      [
        0.0
      ],
      [
        0.0
      ],
      [
        0.0
      ],
      [
        0.0
      ],
      [
        0.0
      ]
    ]
  },
  "counts": {
    "trend": 1,
    "breakout": 0,
    "reversion": 2,
    "vwap": 0
  },
  "reward_sum": {
    "trend": 0.46179191737421843,
    "breakout": 0.0,
    "reversion": 0.31250622509513803,
    "vwap": 0.0
  },
  "disabled_until": {
    "trend": 0.0,
    "breakout": 0.0,
    "reversion": 0.0,
    "vwap": 0.0
  },
  "_snapshot_time": "2025-09-18T21:05:00.120673"
}