{
  "arms": [
    "trend",
    "breakout",
    "reversion",
    "vwap"
  ],
  "d": 6,
  "alpha": 0.6,
  "alpha_base": 0.6,
  "alpha_boost_until": 0.0,
  "A": {
    "trend": [
      [
        1.121233809034329,
        0.07285627695553963,
        1.326098702206719,
        0.2842147712685714,
        0.2842147712685714,
        0.0
      ],
      [
        0.07285627695553963,
        1.043783472070234,
        0.796927978159934,
        0.17080078779455954,
        0.17080078779455954,
        0.0
      ],
      [
        1.326098702206719,
        0.796927978159934,
        15.505341224545704,
        3.108842676225013,
        3.108842676225013,
        0.0
      ],
      [
        0.2842147712685714,
        0.17080078779455954,
        3.108842676225013,
        1.6662995813682109,
        0.6662995813682115,
        0.0
      ],
      [
        0.2842147712685714,
        0.17080078779455954,
        3.108842676225013,
        0.6662995813682115,
        1.6662995813682109,
        0.0
      ],
      [
        0.0,
        0.0,
        0.0,
        0.0,
        0.0,
        1.0
      ]
    ],
    "breakout": [
      [
        1.0,
        0.0,
        0.0,
        0.0,
        0.0,
        0.0
      ],
      [
        0.0,
        1.0,
        0.0,
        0.0,
        0.0,
        0.0
      ],
      [
        0.0,
        0.0,
        1.0,
        0.0,
        0.0,
        0.0
      ],
      [
        0.0,
        0.0,
        0.0,
        1.0,
        0.0,
        0.0
      ],
      [
        0.0,
        0.0,
        0.0,
        0.0,
        1.0,
        0.0
      ],
      [
        0.0,
        0.0,
        0.0,
        0.0,
        0.0,
        1.0
      ]
    ],
    "reversion": [
      [
        1.098606360767021,
        0.00999670811872203,
        0.2817792064010842,
        0.3389613780700878,
        0.3389613780700878,
        0.0
      ],
      [
        0.00999670811872203,
        1.001084973686455,
        0.029139821434256086,
        0.03401970273082499,
        0.03401970273082499,
        0.0
      ],
      [
        0.2817792064010842,
        0.029139821434256086,
        1.8098094848587905,
        0.9658634969687575,
        0.9658634969687575,
        0.0
      ],
      [
        0.3389613780700878,
        0.03401970273082499,
        0.9658634969687575,
        2.1668433079988785,
        1.1668433079988898,
        0.0
      ],
      [
        0.3389613780700878,
        0.03401970273082499,
        0.9658634969687575,
        1.1668433079988898,
        2.1668433079988785,
        0.0
      ],
      [
        0.0,
        0.0,
        0.0,
        0.0,
        0.0,
        1.0
      ]
    ],
    "vwap": [
      [
        1.0,
        0.0,
        0.0,
        0.0,
        0.0,
        0.0
      ],
      [
        0.0,
        1.0,
        0.0,
        0.0,
        0.0,
        0.0
      ],
      [
        0.0,
        0.0,
        1.0,
        0.0,
        0.0,
        0.0
      ],
      [
        0.0,
        0.0,
        0.0,
        1.0,
        0.0,
        0.0
      ],
      [
        0.0,
        0.0,
        0.0,
        0.0,
        1.0,
        0.0
      ],
      [
        0.0,
        0.0,
        0.0,
        0.0,
        0.0,
        1.0
      ]
    ]
  },
  "b": {
    "trend": [
      [
        0.2897651921260085
      ],
      [
        0.1741363507239957
      ],
      [
        3.1695551619117763
      ],
      [
        0.6793117238308317
      ],
      [
        0.6793117238308317
      ],
      [
        0.0
      ]
    ],
    "breakout": [
      [
        0.0
      ],
      [
        0.0
      ],
      [
        0.0
      ],
      [
        0.0
      ],
      [
        0.0
      ],
      [
        0.0
      ]
    ],
    "reversion": [
      [
        0.13513720403450064
      ],
      [
        0.014703587155246887
      ],
      [
        0.3942114074219424
      ],
      [
        0.4597073584231082
      ],
      [
        0.4597073584231082
      ],
      [
        0.0
      ]
    ],
    "vwap": [
      [
        0.0
      ],
      [
        0.0
      ],
      [
        0.0
      ],
      [
        0.0
      ],
      [
        0.0
      ],
      [
        0.0
      ]
    ]
  },
  "counts": {
    "trend": 1,
    "breakout": 0,
    "reversion": 2,
    "vwap": 0
  },
  "reward_sum": {
    "trend": 0.6793117238308317,
    "breakout": 0.0,
    "reversion": 0.4597073584231082,
    "vwap": 0.0
  },
  "disabled_until": {
    "trend": 0.0,
    "breakout": 0.0,
    "reversion": 0.0,
    "vwap": 0.0
  },
  "_snapshot_time": "2025-09-18T06:46:00.490532"
}