{
  "arms": [
    "trend",
    "breakout",
    "reversion",
    "vwap"
  ],
  "d": 6,
  "alpha": 0.6,
  "alpha_base": 0.6,
  "alpha_boost_until": 0.0,
  "A": {
    "trend": [
      [
        1.0061426644783387,
        0.0036914757363763974,
        0.06719065793361446,
        0.014400570217140739,
        0.014400570217140739,
        0.0
      ],
      [
        0.0036914757363763974,
        1.0022184172943693,
        0.04037868002522478,
        0.008654120005093814,
        0.008654120005093814,
        0.0
      ],
      [
        0.06719065793361446,
        0.04037868002522478,
        1.734955413806647,
        0.1575185802384526,
        0.1575185802384526,
        0.0
      ],
      [
        0.014400570217140739,
        0.008654120005093814,
        0.1575185802384526,
        1.033760011361538,
        0.033760011361539714,
        0.0
      ],
      [
        0.014400570217140739,
        0.008654120005093814,
        0.1575185802384526,
        0.033760011361539714,
        1.033760011361538,
        0.0
      ],
      [
        0.0,
        0.0,
        0.0,
        0.0,
        0.0,
        1.0
      ]
    ],
    "breakout": [
      [
        1.0,
        0.0,
        0.0,
        0.0,
        0.0,
        0.0
      ],
      [
        0.0,
        1.0,
        0.0,
        0.0,
        0.0,
        0.0
      ],
      [
        0.0,
        0.0,
        1.0,
        0.0,
        0.0,
        0.0
      ],
      [
        0.0,
        0.0,
        0.0,
        1.0,
        0.0,
        0.0
      ],
      [
        0.0,
        0.0,
        0.0,
        0.0,
        1.0,
        0.0
      ],
      [
        0.0,
        0.0,
        0.0,
        0.0,
        0.0,
        1.0
      ]
    ],
    "reversion": [
      [
        1.1640082277646528,
        0.015233709578718198,
        0.6179338888349409,
        0.5270393819649682,
        0.5270393819649682,
        0.0
      ],
      [
        0.015233709578718198,
        1.0015791139934946,
        0.06625935320513868,
        0.05014215687214859,
        0.05014215687214859,
        0.0
      ],
      [
        0.6179338888349409,
        0.06625935320513868,
        3.926379774048973,
        2.0290595720213895,
        2.0290595720213895,
        0.0
      ],
      [
        0.5270393819649682,
        0.05014215687214859,
        2.0290595720213895,
        2.7104087758814477,
        1.7104087758814601,
        0.0
      ],
      [
        0.5270393819649682,
        0.05014215687214859,
        2.0290595720213895,
        1.7104087758814601,
        2.7104087758814477,
        0.0
      ],
      [
        0.0,
        0.0,
        0.0,
        0.0,
        0.0,
        1.0
      ]
    ],
    "vwap": [
      [
        1.0,
        0.0,
        0.0,
        0.0,
        0.0,
        0.0
      ],
      [
        0.0,
        1.0,
        0.0,
        0.0,
        0.0,
        0.0
      ],
      [
        0.0,
        0.0,
        1.0,
        0.0,
        0.0,
        0.0
      ],
      [
        0.0,
        0.0,
        0.0,
        1.0,
        0.0,
        0.0
      ],
      [
        0.0,
        0.0,
        0.0,
        0.0,
        1.0,
        0.0
      ],
      [
        0.0,
        0.0,
        0.0,
        0.0,
        0.0,
        1.0
      ]
    ]
  },
  "b": {
    "trend": [
      [
        0.01468179847609238
      ],
      [
        0.008823126028125761
      ],
      [
        0.16059475537631418
      ],
      [
        0.034419309505587796
      ],
      [
        0.034419309505587796
      ],
      [
        0.0
      ]
    ],
    "breakout": [
      [
        0.0
      ],
      [
        0.0
      ],
      [
        0.0
      ],
      [
        0.0
      ],
      [
        0.0
      ],
      [
        0.0
      ]
    ],
    "reversion": [
      [
        -0.34663926283267216
      ],
      [
        -0.0539326795164695
      ],
      [
        -2.249345175208557
      ],
      [
        -1.3804673647854495
      ],
      [
        -1.3804673647854495
      ],
      [
        0.0
      ]
    ],
    "vwap": [
      [
        0.0
      ],
      [
        0.0
      ],
      [
        0.0
      ],
      [
        0.0
      ],
      [
        0.0
      ],
      [
        0.0
      ]
    ]
  },
  "counts": {
    "trend": 1,
    "breakout": 0,
    "reversion": 9,
    "vwap": 0
  },
  "reward_sum": {
    "trend": 0.034419309505587796,
    "breakout": 0.0,
    "reversion": -1.3804673647854495,
    "vwap": 0.0
  },
  "disabled_until": {
    "trend": 0.0,
    "breakout": 0.0,
    "reversion": 0.0,
    "vwap": 0.0
  },
  "_snapshot_time": "2025-09-25T08:52:00.530712"
}