{
  "arms": [
    "trend",
    "breakout",
    "reversion",
    "vwap"
  ],
  "d": 6,
  "alpha": 0.6,
  "alpha_base": 0.6,
  "alpha_boost_until": 0.0,
  "A": {
    "trend": [
      [
        1.019750540282336,
        0.011869220676090534,
        0.2160384635681284,
        0.04630222652812581,
        0.04630222652812581,
        0.0
      ],
      [
        0.011869220676090534,
        1.0071328883890693,
        0.12982977487997627,
        0.027825635987697755,
        0.027825635987697755,
        0.0
      ],
      [
        0.2160384635681284,
        0.12982977487997627,
        3.363105873241253,
        0.5064702907325388,
        0.5064702907325388,
        0.0
      ],
      [
        0.04630222652812581,
        0.027825635987697755,
        0.5064702907325388,
        1.1085487359239097,
        0.1085487359239089,
        0.0
      ],
      [
        0.04630222652812581,
        0.027825635987697755,
        0.5064702907325388,
        0.1085487359239089,
        1.1085487359239097,
        0.0
      ],
      [
        0.0,
        0.0,
        0.0,
        0.0,
        0.0,
        1.0
      ]
    ],
    "breakout": [
      [
        1.0,
        0.0,
        0.0,
        0.0,
        0.0,
        0.0
      ],
      [
        0.0,
        1.0,
        0.0,
        0.0,
        0.0,
        0.0
      ],
      [
        0.0,
        0.0,
        1.0,
        0.0,
        0.0,
        0.0
      ],
      [
        0.0,
        0.0,
        0.0,
        1.0,
        0.0,
        0.0
      ],
      [
        0.0,
        0.0,
        0.0,
        0.0,
        1.0,
        0.0
      ],
      [
        0.0,
        0.0,
        0.0,
        0.0,
        0.0,
        1.0
      ]
    ],
    "reversion": [
      [
        1.2277737433110945,
        0.014842569468392275,
        0.3825546199528313,
        0.7156288242027439,
        0.7156288242027439,
        0.0
      ],
      [
        0.014842569468392275,
        1.001186882629538,
        0.0302174717438146,
        0.049658714404261256,
        0.049658714404261256,
        0.0
      ],
      [
        0.3825546199528313,
        0.0302174717438146,
        1.81751206498629,
        1.2812614234343733,
        1.2812614234343733,
        0.0
      ],
      [
        0.7156288242027439,
        0.049658714404261256,
        1.2812614234343733,
        3.300257469085793,
        2.3002574690858086,
        0.0
      ],
      [
        0.7156288242027439,
        0.049658714404261256,
        1.2812614234343733,
        2.3002574690858086,
        3.300257469085793,
        0.0
      ],
      [
        0.0,
        0.0,
        0.0,
        0.0,
        0.0,
        1.0
      ]
    ],
    "vwap": [
      [
        1.0,
        0.0,
        0.0,
        0.0,
        0.0,
        0.0
      ],
      [
        0.0,
        1.0,
        0.0,
        0.0,
        0.0,
        0.0
      ],
      [
        0.0,
        0.0,
        1.0,
        0.0,
        0.0,
        0.0
      ],
      [
        0.0,
        0.0,
        0.0,
        1.0,
        0.0,
        0.0
      ],
      [
        0.0,
        0.0,
        0.0,
        0.0,
        1.0,
        0.0
      ],
      [
        0.0,
        0.0,
        0.0,
        0.0,
        0.0,
        1.0
      ]
    ]
  },
  "b": {
    "trend": [
      [
        0.04720646117687545
      ],
      [
        0.028369041911563787
      ],
      [
        0.5163611322704608
      ],
      [
        0.11066858059359776
      ],
      [
        0.11066858059359776
      ],
      [
        0.0
      ]
    ],
    "breakout": [
      [
        0.0
      ],
      [
        0.0
      ],
      [
        0.0
      ],
      [
        0.0
      ],
      [
        0.0
      ],
      [
        0.0
      ]
    ],
    "reversion": [
      [
        -0.00651078039041402
      ],
      [
        -0.04713670657552867
      ],
      [
        -1.298284270080749
      ],
      [
        -0.8175759839855274
      ],
      [
        -0.8175759839855274
      ],
      [
        0.0
      ]
    ],
    "vwap": [
      [
        0.0
      ],
      [
        0.0
      ],
      [
        0.0
      ],
      [
        0.0
      ],
      [
        0.0
      ],
      [
        0.0
      ]
    ]
  },
  "counts": {
    "trend": 1,
    "breakout": 0,
    "reversion": 8,
    "vwap": 0
  },
  "reward_sum": {
    "trend": 0.11066858059359776,
    "breakout": 0.0,
    "reversion": -0.8175759839855274,
    "vwap": 0.0
  },
  "disabled_until": {
    "trend": 0.0,
    "breakout": 0.0,
    "reversion": 0.0,
    "vwap": 0.0
  },
  "_snapshot_time": "2025-09-23T07:43:00.347447"
}