{
  "arms": [
    "trend",
    "breakout",
    "reversion",
    "vwap"
  ],
  "d": 6,
  "alpha": 0.6,
  "alpha_base": 0.6,
  "alpha_boost_until": 0.0,
  "A": {
    "trend": [
      [
        1.0069279198757863,
        0.004163380274995203,
        0.07578006192703769,
        0.016241485593395725,
        0.016241485593395725,
        0.0
      ],
      [
        0.004163380274995203,
        1.002502011516444,
        0.045540540410644696,
        0.009760430543156402,
        0.009760430543156402,
        0.0
      ],
      [
        0.07578006192703769,
        0.045540540410644696,
        1.828909382416033,
        0.17765517011193327,
        0.17765517011193327,
        0.0
      ],
      [
        0.016241485593395725,
        0.009760430543156402,
        0.17765517011193327,
        1.0380757657435442,
        0.038075765743545126,
        0.0
      ],
      [
        0.016241485593395725,
        0.009760430543156402,
        0.17765517011193327,
        0.038075765743545126,
        1.0380757657435442,
        0.0
      ],
      [
        0.0,
        0.0,
        0.0,
        0.0,
        0.0,
        1.0
      ]
    ],
    "breakout": [
      [
        1.0,
        0.0,
        0.0,
        0.0,
        0.0,
        0.0
      ],
      [
        0.0,
        1.0,
        0.0,
        0.0,
        0.0,
        0.0
      ],
      [
        0.0,
        0.0,
        1.0,
        0.0,
        0.0,
        0.0
      ],
      [
        0.0,
        0.0,
        0.0,
        1.0,
        0.0,
        0.0
      ],
      [
        0.0,
        0.0,
        0.0,
        0.0,
        1.0,
        0.0
      ],
      [
        0.0,
        0.0,
        0.0,
        0.0,
        0.0,
        1.0
      ]
    ],
    "reversion": [
      [
        1.0798964595858864,
        0.005206345272477027,
        0.1341891268420255,
        0.25102195099510743,
        0.25102195099510743,
        0.0
      ],
      [
        0.005206345272477027,
        1.0004163241937625,
        0.010599417539843121,
        0.017418844730791562,
        0.017418844730791562,
        0.0
      ],
      [
        0.1341891268420255,
        0.010599417539843121,
        1.2867596532930579,
        0.44942955253874184,
        0.44942955253874184,
        0.0
      ],
      [
        0.25102195099510743,
        0.017418844730791562,
        0.44942955253874184,
        1.8068639749443505,
        0.8068639749443645,
        0.0
      ],
      [
        0.25102195099510743,
        0.017418844730791562,
        0.44942955253874184,
        0.8068639749443645,
        1.8068639749443505,
        0.0
      ],
      [
        0.0,
        0.0,
        0.0,
        0.0,
        0.0,
        1.0
      ]
    ],
    "vwap": [
      [
        1.0,
        0.0,
        0.0,
        0.0,
        0.0,
        0.0
      ],
      [
        0.0,
        1.0,
        0.0,
        0.0,
        0.0,
        0.0
      ],
      [
        0.0,
        0.0,
        1.0,
        0.0,
        0.0,
        0.0
      ],
      [
        0.0,
        0.0,
        0.0,
        1.0,
        0.0,
        0.0
      ],
      [
        0.0,
        0.0,
        0.0,
        0.0,
        1.0,
        0.0
      ],
      [
        0.0,
        0.0,
        0.0,
        0.0,
        0.0,
        1.0
      ]
    ]
  },
  "b": {
    "trend": [
      [
        0.016558665027775504
      ],
      [
        0.009951041668055006
      ],
      [
        0.1811245920466891
      ],
      [
        0.03881934611201996
      ],
      [
        0.03881934611201996
      ],
      [
        0.0
      ]
    ],
    "breakout": [
      [
        0.0
      ],
      [
        0.0
      ],
      [
        0.0
      ],
      [
        0.0
      ],
      [
        0.0
      ],
      [
        0.0
      ]
    ],
    "reversion": [
      [
        -0.0022837939736750886
      ],
      [
        -0.016534197125521188
      ],
      [
        -0.45540067616057783
      ],
      [
        -0.28678207423440605
      ],
      [
        -0.28678207423440605
      ],
      [
        0.0
      ]
    ],
    "vwap": [
      [
        0.0
      ],
      [
        0.0
      ],
      [
        0.0
      ],
      [
        0.0
      ],
      [
        0.0
      ],
      [
        0.0
      ]
    ]
  },
  "counts": {
    "trend": 1,
    "breakout": 0,
    "reversion": 8,
    "vwap": 0
  },
  "reward_sum": {
    "trend": 0.03881934611201996,
    "breakout": 0.0,
    "reversion": -0.28678207423440605,
    "vwap": 0.0
  },
  "disabled_until": {
    "trend": 0.0,
    "breakout": 0.0,
    "reversion": 0.0,
    "vwap": 0.0
  },
  "_snapshot_time": "2025-09-25T04:55:00.800659"
}