{
  "arms": [
    "trend",
    "breakout",
    "reversion",
    "vwap"
  ],
  "d": 6,
  "alpha": 0.6,
  "alpha_base": 0.6,
  "alpha_boost_until": 0.0,
  "A": {
    "trend": [
      [
        1.0382765090677335,
        0.023002526834246816,
        0.41868212674365346,
        0.0897336259274438,
        0.0897336259274438,
        0.0
      ],
      [
        0.023002526834246816,
        1.0138235239745574,
        0.25160985392888824,
        0.05392602900848782,
        0.05392602900848782,
        0.0
      ],
      [
        0.41868212674365346,
        0.25160985392888824,
        5.579694635798333,
        0.9815384490063512,
        0.9815384490063512,
        0.0
      ],
      [
        0.0897336259274438,
        0.05392602900848782,
        0.9815384490063512,
        1.2103672413760966,
        0.21036724137609603,
        0.0
      ],
      [
        0.0897336259274438,
        0.05392602900848782,
        0.9815384490063512,
        0.21036724137609603,
        1.2103672413760966,
        0.0
      ],
      [
        0.0,
        0.0,
        0.0,
        0.0,
        0.0,
        1.0
      ]
    ],
    "breakout": [
      [
        1.0,
        0.0,
        0.0,
        0.0,
        0.0,
        0.0
      ],
      [
        0.0,
        1.0,
        0.0,
        0.0,
        0.0,
        0.0
      ],
      [
        0.0,
        0.0,
        1.0,
        0.0,
        0.0,
        0.0
      ],
      [
        0.0,
        0.0,
        0.0,
        1.0,
        0.0,
        0.0
      ],
      [
        0.0,
        0.0,
        0.0,
        0.0,
        1.0,
        0.0
      ],
      [
        0.0,
        0.0,
        0.0,
        0.0,
        0.0,
        1.0
      ]
    ],
    "reversion": [
      [
        1.4414250763072034,
        0.028764871073095683,
        0.7413901174452291,
        1.3868872844570026,
        1.3868872844570026,
        0.0
      ],
      [
        0.028764871073095683,
        1.0023001762525192,
        0.05856140210202362,
        0.0962384929736144,
        0.0962384929736144,
        0.0
      ],
      [
        0.7413901174452291,
        0.05856140210202362,
        2.5843368090752943,
        2.483082173508125,
        2.483082173508125,
        0.0
      ],
      [
        1.3868872844570026,
        0.0962384929736144,
        2.483082173508125,
        5.4578945494634485,
        4.457894549463462,
        0.0
      ],
      [
        1.3868872844570026,
        0.0962384929736144,
        2.483082173508125,
        4.457894549463462,
        5.4578945494634485,
        0.0
      ],
      [
        0.0,
        0.0,
        0.0,
        0.0,
        0.0,
        1.0
      ]
    ],
    "vwap": [
      [
        1.0,
        0.0,
        0.0,
        0.0,
        0.0,
        0.0
      ],
      [
        0.0,
        1.0,
        0.0,
        0.0,
        0.0,
        0.0
      ],
      [
        0.0,
        0.0,
        1.0,
        0.0,
        0.0,
        0.0
      ],
      [
        0.0,
        0.0,
        0.0,
        1.0,
        0.0,
        0.0
      ],
      [
        0.0,
        0.0,
        0.0,
        0.0,
        1.0,
        0.0
      ],
      [
        0.0,
        0.0,
        0.0,
        0.0,
        0.0,
        1.0
      ]
    ]
  },
  "b": {
    "trend": [
      [
        0.09148603093700078
      ],
      [
        0.05497914864344386
      ],
      [
        1.0007068808771677
      ],
      [
        0.21447549626743687
      ],
      [
        0.21447549626743687
      ],
      [
        0.0
      ]
    ],
    "breakout": [
      [
        0.0
      ],
      [
        0.0
      ],
      [
        0.0
      ],
      [
        0.0
      ],
      [
        0.0
      ],
      [
        0.0
      ]
    ],
    "reversion": [
      [
        -0.012617879870080536
      ],
      [
        -0.09135084665379645
      ],
      [
        -2.5160724175573685
      ],
      [
        -1.5844606839728286
      ],
      [
        -1.5844606839728286
      ],
      [
        0.0
      ]
    ],
    "vwap": [
      [
        0.0
      ],
      [
        0.0
      ],
      [
        0.0
      ],
      [
        0.0
      ],
      [
        0.0
      ],
      [
        0.0
      ]
    ]
  },
  "counts": {
    "trend": 1,
    "breakout": 0,
    "reversion": 8,
    "vwap": 0
  },
  "reward_sum": {
    "trend": 0.21447549626743687,
    "breakout": 0.0,
    "reversion": -1.5844606839728286,
    "vwap": 0.0
  },
  "disabled_until": {
    "trend": 0.0,
    "breakout": 0.0,
    "reversion": 0.0,
    "vwap": 0.0
  },
  "_snapshot_time": "2025-09-22T05:45:00.850886"
}