{
  "arms": [
    "trend",
    "breakout",
    "reversion",
    "vwap"
  ],
  "d": 6,
  "alpha": 0.6,
  "alpha_base": 0.6,
  "alpha_boost_until": 0.0,
  "A": {
    "trend": [
      [
        1.0820019251909638,
        0.04927961119252234,
        0.8969663449524738,
        0.19224141019220603,
        0.19224141019220603,
        0.0
      ],
      [
        0.04927961119252234,
        1.0296149154258378,
        0.5390379875728523,
        0.115528774810012,
        0.115528774810012,
        0.0
      ],
      [
        0.8969663449524738,
        0.5390379875728523,
        10.811338235093967,
        2.1028052042321717,
        2.1028052042321717,
        0.0
      ],
      [
        0.19224141019220603,
        0.115528774810012,
        2.1028052042321717,
        1.4506816115185686,
        0.4506816115185697,
        0.0
      ],
      [
        0.19224141019220603,
        0.115528774810012,
        2.1028052042321717,
        0.4506816115185697,
        1.4506816115185686,
        0.0
      ],
      [
        0.0,
        0.0,
        0.0,
        0.0,
        0.0,
        1.0
      ]
    ],
    "breakout": [
      [
        1.0,
        0.0,
        0.0,
        0.0,
        0.0,
        0.0
      ],
      [
        0.0,
        1.0,
        0.0,
        0.0,
        0.0,
        0.0
      ],
      [
        0.0,
        0.0,
        1.0,
        0.0,
        0.0,
        0.0
      ],
      [
        0.0,
        0.0,
        0.0,
        1.0,
        0.0,
        0.0
      ],
      [
        0.0,
        0.0,
        0.0,
        0.0,
        1.0,
        0.0
      ],
      [
        0.0,
        0.0,
        0.0,
        0.0,
        0.0,
        1.0
      ]
    ],
    "reversion": [
      [
        1.0666968355063453,
        0.0067617219803364605,
        0.19059400663661152,
        0.22927173359090247,
        0.22927173359090247,
        0.0
      ],
      [
        0.0067617219803364605,
        1.000733870623876,
        0.019710025415874362,
        0.023010752038335858,
        0.023010752038335858,
        0.0
      ],
      [
        0.19059400663661152,
        0.019710025415874362,
        1.5477509724825937,
        0.6533051040299039,
        0.6533051040299039,
        0.0
      ],
      [
        0.22927173359090247,
        0.023010752038335858,
        0.6533051040299039,
        1.789246815011854,
        0.7892468150118634,
        0.0
      ],
      [
        0.22927173359090247,
        0.023010752038335858,
        0.6533051040299039,
        0.7892468150118634,
        1.789246815011854,
        0.0
      ],
      [
        0.0,
        0.0,
        0.0,
        0.0,
        0.0,
        1.0
      ]
    ],
    "vwap": [
      [
        1.0,
        0.0,
        0.0,
        0.0,
        0.0,
        0.0
      ],
      [
        0.0,
        1.0,
        0.0,
        0.0,
        0.0,
        0.0
      ],
      [
        0.0,
        0.0,
        1.0,
        0.0,
        0.0,
        0.0
      ],
      [
        0.0,
        0.0,
        0.0,
        1.0,
        0.0,
        0.0
      ],
      [
        0.0,
        0.0,
        0.0,
        0.0,
        1.0,
        0.0
      ],
      [
        0.0,
        0.0,
        0.0,
        0.0,
        0.0,
        1.0
      ]
    ]
  },
  "b": {
    "trend": [
      [
        0.19599568632652292
      ],
      [
        0.11778493242799071
      ],
      [
        2.1438708174394048
      ],
      [
        0.4594829577873473
      ],
      [
        0.4594829577873473
      ],
      [
        0.0
      ]
    ],
    "breakout": [
      [
        0.0
      ],
      [
        0.0
      ],
      [
        0.0
      ],
      [
        0.0
      ],
      [
        0.0
      ],
      [
        0.0
      ]
    ],
    "reversion": [
      [
        0.09140611009438077
      ],
      [
        0.009945430763475736
      ],
      [
        0.2666425694146484
      ],
      [
        0.3109436939696623
      ],
      [
        0.3109436939696623
      ],
      [
        0.0
      ]
    ],
    "vwap": [
      [
        0.0
      ],
      [
        0.0
      ],
      [
        0.0
      ],
      [
        0.0
      ],
      [
        0.0
      ],
      [
        0.0
      ]
    ]
  },
  "counts": {
    "trend": 1,
    "breakout": 0,
    "reversion": 2,
    "vwap": 0
  },
  "reward_sum": {
    "trend": 0.4594829577873473,
    "breakout": 0.0,
    "reversion": 0.3109436939696623,
    "vwap": 0.0
  },
  "disabled_until": {
    "trend": 0.0,
    "breakout": 0.0,
    "reversion": 0.0,
    "vwap": 0.0
  },
  "_snapshot_time": "2025-09-18T21:17:00.366148"
}