{
  "arms": [
    "trend",
    "breakout",
    "reversion",
    "vwap"
  ],
  "d": 6,
  "alpha": 0.6,
  "alpha_base": 0.6,
  "alpha_boost_until": 0.0,
  "A": {
    "trend": [
      [
        1.1670885086389204,
        0.1004129686137166,
        1.827673783614177,
        0.3917143463748696,
        0.3917143463748696,
        0.0
      ],
      [
        0.1004129686137166,
        1.0603438521772208,
        1.0983529134654955,
        0.23540338404169736,
        0.23540338404169736,
        0.0
      ],
      [
        1.827673783614177,
        1.0983529134654955,
        20.99174860390411,
        4.28471142250742,
        4.28471142250742,
        0.0
      ],
      [
        0.3917143463748696,
        0.23540338404169736,
        4.28471142250742,
        1.918316468354365,
        0.918316468354365,
        0.0
      ],
      [
        0.3917143463748696,
        0.23540338404169736,
        4.28471142250742,
        0.918316468354365,
        1.918316468354365,
        0.0
      ],
      [
        0.0,
        0.0,
        0.0,
        0.0,
        0.0,
        1.0
      ]
    ],
    "breakout": [
      [
        1.0,
        0.0,
        0.0,
        0.0,
        0.0,
        0.0
      ],
      [
        0.0,
        1.0,
        0.0,
        0.0,
        0.0,
        0.0
      ],
      [
        0.0,
        0.0,
        1.0,
        0.0,
        0.0,
        0.0
      ],
      [
        0.0,
        0.0,
        0.0,
        1.0,
        0.0,
        0.0
      ],
      [
        0.0,
        0.0,
        0.0,
        0.0,
        1.0,
        0.0
      ],
      [
        0.0,
        0.0,
        0.0,
        0.0,
        0.0,
        1.0
      ]
    ],
    "reversion": [
      [
        1.1359025992345715,
        0.013777798983309107,
        0.3883575690481211,
        0.4671679591613538,
        0.4671679591613538,
        0.0
      ],
      [
        0.013777798983309107,
        1.0014953471859565,
        0.040161480895775856,
        0.04688709724548393,
        0.04688709724548393,
        0.0
      ],
      [
        0.3883575690481211,
        0.040161480895775856,
        2.116106638770992,
        1.3311855211246015,
        1.3311855211246015,
        0.0
      ],
      [
        0.4671679591613538,
        0.04688709724548393,
        1.3311855211246015,
        2.608182648898154,
        1.6081826488981594,
        0.0
      ],
      [
        0.4671679591613538,
        0.04688709724548393,
        1.3311855211246015,
        1.6081826488981594,
        2.608182648898154,
        0.0
      ],
      [
        0.0,
        0.0,
        0.0,
        0.0,
        0.0,
        1.0
      ]
    ],
    "vwap": [
      [
        1.0,
        0.0,
        0.0,
        0.0,
        0.0,
        0.0
      ],
      [
        0.0,
        1.0,
        0.0,
        0.0,
        0.0,
        0.0
      ],
      [
        0.0,
        0.0,
        1.0,
        0.0,
        0.0,
        0.0
      ],
      [
        0.0,
        0.0,
        0.0,
        1.0,
        0.0,
        0.0
      ],
      [
        0.0,
        0.0,
        0.0,
        0.0,
        1.0,
        0.0
      ],
      [
        0.0,
        0.0,
        0.0,
        0.0,
        0.0,
        1.0
      ]
    ]
  },
  "b": {
    "trend": [
      [
        0.3993641228751273
      ],
      [
        0.24000056893418006
      ],
      [
        4.368387410006009
      ],
      [
        0.9362502402583788
      ],
      [
        0.9362502402583788
      ],
      [
        0.0
      ]
    ],
    "breakout": [
      [
        0.0
      ],
      [
        0.0
      ],
      [
        0.0
      ],
      [
        0.0
      ],
      [
        0.0
      ],
      [
        0.0
      ]
    ],
    "reversion": [
      [
        0.18625063473312653
      ],
      [
        0.020264977805959525
      ],
      [
        0.5433154058199337
      ],
      [
        0.6335841259223752
      ],
      [
        0.6335841259223752
      ],
      [
        0.0
      ]
    ],
    "vwap": [
      [
        0.0
      ],
      [
        0.0
      ],
      [
        0.0
      ],
      [
        0.0
      ],
      [
        0.0
      ],
      [
        0.0
      ]
    ]
  },
  "counts": {
    "trend": 1,
    "breakout": 0,
    "reversion": 2,
    "vwap": 0
  },
  "reward_sum": {
    "trend": 0.9362502402583788,
    "breakout": 0.0,
    "reversion": 0.6335841259223752,
    "vwap": 0.0
  },
  "disabled_until": {
    "trend": 0.0,
    "breakout": 0.0,
    "reversion": 0.0,
    "vwap": 0.0
  },
  "_snapshot_time": "2025-09-17T18:28:00.497899"
}