{
  "arms": [
    "trend",
    "breakout",
    "reversion",
    "vwap"
  ],
  "d": 6,
  "alpha": 0.6,
  "alpha_base": 0.6,
  "alpha_boost_until": 0.0,
  "A": {
    "trend": [
      [
        1.0029547897446305,
        0.001775700868387649,
        0.03232054553807618,
        0.0069270684317039675,
        0.0069270684317039675,
        0.0
      ],
      [
        0.001775700868387649,
        1.0010671194387744,
        0.019423250294886323,
        0.004162868593919183,
        0.004162868593919183,
        0.0
      ],
      [
        0.03232054553807618,
        0.019423250294886323,
        1.353533670467446,
        0.07577074852757201,
        0.07577074852757201,
        0.0
      ],
      [
        0.0069270684317039675,
        0.004162868593919183,
        0.07577074852757201,
        1.0162394895084166,
        0.016239489508417658,
        0.0
      ],
      [
        0.0069270684317039675,
        0.004162868593919183,
        0.07577074852757201,
        0.016239489508417658,
        1.0162394895084166,
        0.0
      ],
      [
        0.0,
        0.0,
        0.0,
        0.0,
        0.0,
        1.0
      ]
    ],
    "breakout": [
      [
        1.0,
        0.0,
        0.0,
        0.0,
        0.0,
        0.0
      ],
      [
        0.0,
        1.0,
        0.0,
        0.0,
        0.0,
        0.0
      ],
      [
        0.0,
        0.0,
        1.0,
        0.0,
        0.0,
        0.0
      ],
      [
        0.0,
        0.0,
        0.0,
        1.0,
        0.0,
        0.0
      ],
      [
        0.0,
        0.0,
        0.0,
        0.0,
        1.0,
        0.0
      ],
      [
        0.0,
        0.0,
        0.0,
        0.0,
        0.0,
        1.0
      ]
    ],
    "reversion": [
      [
        1.1583642444997309,
        0.012890299112802246,
        0.4633296478591945,
        0.5189708318069269,
        0.5189708318069269,
        0.0
      ],
      [
        0.012890299112802246,
        1.001148930745214,
        0.043497453676639035,
        0.04269941849178834,
        0.04269941849178834,
        0.0
      ],
      [
        0.4633296478591945,
        0.043497453676639035,
        2.754769721583061,
        1.5307928493070748,
        1.5307928493070748,
        0.0
      ],
      [
        0.5189708318069269,
        0.04269941849178834,
        1.5307928493070748,
        2.7094069472100197,
        1.7094069472100353,
        0.0
      ],
      [
        0.5189708318069269,
        0.04269941849178834,
        1.5307928493070748,
        1.7094069472100353,
        2.7094069472100197,
        0.0
      ],
      [
        0.0,
        0.0,
        0.0,
        0.0,
        0.0,
        1.0
      ]
    ],
    "vwap": [
      [
        1.0,
        0.0,
        0.0,
        0.0,
        0.0,
        0.0
      ],
      [
        0.0,
        1.0,
        0.0,
        0.0,
        0.0,
        0.0
      ],
      [
        0.0,
        0.0,
        1.0,
        0.0,
        0.0,
        0.0
      ],
      [
        0.0,
        0.0,
        0.0,
        1.0,
        0.0,
        0.0
      ],
      [
        0.0,
        0.0,
        0.0,
        0.0,
        1.0,
        0.0
      ],
      [
        0.0,
        0.0,
        0.0,
        0.0,
        0.0,
        1.0
      ]
    ]
  },
  "b": {
    "trend": [
      [
        0.007062346921743774
      ],
      [
        0.004244165116852626
      ],
      [
        0.07725047296671332
      ],
      [
        0.01655662996132006
      ],
      [
        0.01655662996132006
      ],
      [
        0.0
      ]
    ],
    "breakout": [
      [
        0.0
      ],
      [
        0.0
      ],
      [
        0.0
      ],
      [
        0.0
      ],
      [
        0.0
      ],
      [
        0.0
      ]
    ],
    "reversion": [
      [
        -0.5438138037012972
      ],
      [
        -0.0523354055810412
      ],
      [
        -1.8700294444449788
      ],
      [
        -1.9235287115615847
      ],
      [
        -1.9235287115615847
      ],
      [
        0.0
      ]
    ],
    "vwap": [
      [
        0.0
      ],
      [
        0.0
      ],
      [
        0.0
      ],
      [
        0.0
      ],
      [
        0.0
      ],
      [
        0.0
      ]
    ]
  },
  "counts": {
    "trend": 1,
    "breakout": 0,
    "reversion": 10,
    "vwap": 0
  },
  "reward_sum": {
    "trend": 0.01655662996132006,
    "breakout": 0.0,
    "reversion": -1.9235287115615847,
    "vwap": 0.0
  },
  "disabled_until": {
    "trend": 0.0,
    "breakout": 0.0,
    "reversion": 0.0,
    "vwap": 0.0
  },
  "_snapshot_time": "2025-09-26T12:30:00.751464"
}