{
  "arms": [
    "trend",
    "breakout",
    "reversion",
    "vwap"
  ],
  "d": 6,
  "alpha": 0.6,
  "alpha_base": 0.6,
  "alpha_boost_until": 0.0,
  "A": {
    "trend": [
      [
        1.0583167804297986,
        0.03504586336098608,
        0.6378897723401167,
        0.13671508420792175,
        0.13671508420792175,
        0.0
      ],
      [
        0.03504586336098608,
        1.021061048460921,
        0.3833441701692165,
        0.08215985390867239,
        0.08215985390867239,
        0.0
      ],
      [
        0.6378897723401167,
        0.3833441701692165,
        7.977466153947642,
        1.4954384192356114,
        1.4954384192356114,
        0.0
      ],
      [
        0.13671508420792175,
        0.08215985390867239,
        1.4954384192356114,
        1.3205083358893352,
        0.32050833588933575,
        0.0
      ],
      [
        0.13671508420792175,
        0.08215985390867239,
        1.4954384192356114,
        0.32050833588933575,
        1.3205083358893352,
        0.0
      ],
      [
        0.0,
        0.0,
        0.0,
        0.0,
        0.0,
        1.0
      ]
    ],
    "breakout": [
      [
        1.0,
        0.0,
        0.0,
        0.0,
        0.0,
        0.0
      ],
      [
        0.0,
        1.0,
        0.0,
        0.0,
        0.0,
        0.0
      ],
      [
        0.0,
        0.0,
        1.0,
        0.0,
        0.0,
        0.0
      ],
      [
        0.0,
        0.0,
        0.0,
        1.0,
        0.0,
        0.0
      ],
      [
        0.0,
        0.0,
        0.0,
        0.0,
        1.0,
        0.0
      ],
      [
        0.0,
        0.0,
        0.0,
        0.0,
        0.0,
        1.0
      ]
    ],
    "reversion": [
      [
        1.3696606221251155,
        0.021332765899637222,
        0.481746573520793,
        1.1134908694176249,
        1.1134908694176249,
        0.0
      ],
      [
        0.021332765899637222,
        1.0013720289586168,
        0.031967630493515815,
        0.0650094255272236,
        0.0650094255272236,
        0.0
      ],
      [
        0.481746573520793,
        0.031967630493515815,
        1.779100596256407,
        1.4824399812729416,
        1.4824399812729416,
        0.0
      ],
      [
        1.1134908694176249,
        0.0650094255272236,
        1.4824399812729416,
        4.3711791085007174,
        3.3711791085007263,
        0.0
      ],
      [
        1.1134908694176249,
        0.0650094255272236,
        1.4824399812729416,
        3.3711791085007263,
        4.3711791085007174,
        0.0
      ],
      [
        0.0,
        0.0,
        0.0,
        0.0,
        0.0,
        1.0
      ]
    ],
    "vwap": [
      [
        1.0,
        0.0,
        0.0,
        0.0,
        0.0,
        0.0
      ],
      [
        0.0,
        1.0,
        0.0,
        0.0,
        0.0,
        0.0
      ],
      [
        0.0,
        0.0,
        1.0,
        0.0,
        0.0,
        0.0
      ],
      [
        0.0,
        0.0,
        0.0,
        1.0,
        0.0,
        0.0
      ],
      [
        0.0,
        0.0,
        0.0,
        0.0,
        1.0,
        0.0
      ],
      [
        0.0,
        0.0,
        0.0,
        0.0,
        0.0,
        1.0
      ]
    ]
  },
  "b": {
    "trend": [
      [
        0.13938498856062992
      ],
      [
        0.08376435097525087
      ],
      [
        1.5246427866092358
      ],
      [
        0.3267675325685317
      ],
      [
        0.3267675325685317
      ],
      [
        0.0
      ]
    ],
    "breakout": [
      [
        0.0
      ],
      [
        0.0
      ],
      [
        0.0
      ],
      [
        0.0
      ],
      [
        0.0
      ],
      [
        0.0
      ]
    ],
    "reversion": [
      [
        1.045829155896463
      ],
      [
        0.054486109973329026
      ],
      [
        0.7583810306222427
      ],
      [
        2.944090764316154
      ],
      [
        2.944090764316154
      ],
      [
        0.0
      ]
    ],
    "vwap": [
      [
        0.0
      ],
      [
        0.0
      ],
      [
        0.0
      ],
      [
        0.0
      ],
      [
        0.0
      ],
      [
        0.0
      ]
    ]
  },
  "counts": {
    "trend": 1,
    "breakout": 0,
    "reversion": 5,
    "vwap": 0
  },
  "reward_sum": {
    "trend": 0.3267675325685317,
    "breakout": 0.0,
    "reversion": 2.944090764316154,
    "vwap": 0.0
  },
  "disabled_until": {
    "trend": 0.0,
    "breakout": 0.0,
    "reversion": 0.0,
    "vwap": 0.0
  },
  "_snapshot_time": "2025-09-19T09:14:00.424180"
}