{
  "arms": [
    "trend",
    "breakout",
    "reversion",
    "vwap"
  ],
  "d": 6,
  "alpha": 0.6,
  "alpha_base": 0.6,
  "alpha_boost_until": 0.0,
  "A": {
    "trend": [
      [
        1.0028961356926516,
        0.001740452319409533,
        0.03167896656907294,
        0.006789562664129845,
        0.006789562664129845,
        0.0
      ],
      [
        0.001740452319409533,
        1.001045936585022,
        0.019037689077047212,
        0.004080233573497383,
        0.004080233573497383,
        0.0
      ],
      [
        0.03167896656907294,
        0.019037689077047212,
        1.346515850562791,
        0.07426666133128215,
        0.07426666133128215,
        0.0
      ],
      [
        0.006789562664129845,
        0.004080233573497383,
        0.07426666133128215,
        1.0159171275320795,
        0.015917127532080494,
        0.0
      ],
      [
        0.006789562664129845,
        0.004080233573497383,
        0.07426666133128215,
        0.015917127532080494,
        1.0159171275320795,
        0.0
      ],
      [
        0.0,
        0.0,
        0.0,
        0.0,
        0.0,
        1.0
      ]
    ],
    "breakout": [
      [
        1.0,
        0.0,
        0.0,
        0.0,
        0.0,
        0.0
      ],
      [
        0.0,
        1.0,
        0.0,
        0.0,
        0.0,
        0.0
      ],
      [
        0.0,
        0.0,
        1.0,
        0.0,
        0.0,
        0.0
      ],
      [
        0.0,
        0.0,
        0.0,
        1.0,
        0.0,
        0.0
      ],
      [
        0.0,
        0.0,
        0.0,
        0.0,
        1.0,
        0.0
      ],
      [
        0.0,
        0.0,
        0.0,
        0.0,
        0.0,
        1.0
      ]
    ],
    "reversion": [
      [
        1.1552206351632668,
        0.012634420238320001,
        0.45413232297394657,
        0.5086690016345004,
        0.5086690016345004,
        0.0
      ],
      [
        0.012634420238320001,
        1.0011261238961742,
        0.042634007499616815,
        0.04185181371170423,
        0.04185181371170423,
        0.0
      ],
      [
        0.45413232297394657,
        0.042634007499616815,
        2.719936666321507,
        1.50040584680865,
        1.50040584680865,
        0.0
      ],
      [
        0.5086690016345004,
        0.04185181371170423,
        1.50040584680865,
        2.675474365672806,
        1.675474365672822,
        0.0
      ],
      [
        0.5086690016345004,
        0.04185181371170423,
        1.50040584680865,
        1.675474365672822,
        2.675474365672806,
        0.0
      ],
      [
        0.0,
        0.0,
        0.0,
        0.0,
        0.0,
        1.0
      ]
    ],
    "vwap": [
      [
        1.0,
        0.0,
        0.0,
        0.0,
        0.0,
        0.0
      ],
      [
        0.0,
        1.0,
        0.0,
        0.0,
        0.0,
        0.0
      ],
      [
        0.0,
        0.0,
        1.0,
        0.0,
        0.0,
        0.0
      ],
      [
        0.0,
        0.0,
        0.0,
        1.0,
        0.0,
        0.0
      ],
      [
        0.0,
        0.0,
        0.0,
        0.0,
        1.0,
        0.0
      ],
      [
        0.0,
        0.0,
        0.0,
        0.0,
        0.0,
        1.0
      ]
    ]
  },
  "b": {
    "trend": [
      [
        0.006922155808587666
      ],
      [
        0.004159916319853146
      ],
      [
        0.07571701250136911
      ],
      [
        0.01622797258862077
      ],
      [
        0.01622797258862077
      ],
      [
        0.0
      ]
    ],
    "breakout": [
      [
        0.0
      ],
      [
        0.0
      ],
      [
        0.0
      ],
      [
        0.0
      ],
      [
        0.0
      ],
      [
        0.0
      ]
    ],
    "reversion": [
      [
        -0.5330188281308081
      ],
      [
        -0.051296521645264374
      ],
      [
        -1.8329084261267923
      ],
      [
        -1.885345706074937
      ],
      [
        -1.885345706074937
      ],
      [
        0.0
      ]
    ],
    "vwap": [
      [
        0.0
      ],
      [
        0.0
      ],
      [
        0.0
      ],
      [
        0.0
      ],
      [
        0.0
      ],
      [
        0.0
      ]
    ]
  },
  "counts": {
    "trend": 1,
    "breakout": 0,
    "reversion": 10,
    "vwap": 0
  },
  "reward_sum": {
    "trend": 0.01622797258862077,
    "breakout": 0.0,
    "reversion": -1.885345706074937,
    "vwap": 0.0
  },
  "disabled_until": {
    "trend": 0.0,
    "breakout": 0.0,
    "reversion": 0.0,
    "vwap": 0.0
  },
  "_snapshot_time": "2025-09-26T13:09:00.994778"
}