{
  "arms": [
    "trend",
    "breakout",
    "reversion",
    "vwap"
  ],
  "d": 6,
  "alpha": 0.6,
  "alpha_base": 0.6,
  "alpha_boost_until": 0.0,
  "A": {
    "trend": [
      [
        1.0156050000875658,
        0.009377930276437125,
        0.17069306432659823,
        0.036583619419871136,
        0.036583619419871136,
        0.0
      ],
      [
        0.009377930276437125,
        1.0056357305848271,
        0.10257915071733044,
        0.021985173358163513,
        0.021985173358163513,
        0.0
      ],
      [
        0.17069306432659823,
        0.10257915071733044,
        2.8671017011029947,
        0.4001646951551178,
        0.4001646951551178,
        0.0
      ],
      [
        0.036583619419871136,
        0.021985173358163513,
        0.4001646951551178,
        1.0857648960171744,
        0.08576489601717459,
        0.0
      ],
      [
        0.036583619419871136,
        0.021985173358163513,
        0.4001646951551178,
        0.08576489601717459,
        1.0857648960171744,
        0.0
      ],
      [
        0.0,
        0.0,
        0.0,
        0.0,
        0.0,
        1.0
      ]
    ],
    "breakout": [
      [
        1.0,
        0.0,
        0.0,
        0.0,
        0.0,
        0.0
      ],
      [
        0.0,
        1.0,
        0.0,
        0.0,
        0.0,
        0.0
      ],
      [
        0.0,
        0.0,
        1.0,
        0.0,
        0.0,
        0.0
      ],
      [
        0.0,
        0.0,
        0.0,
        1.0,
        0.0,
        0.0
      ],
      [
        0.0,
        0.0,
        0.0,
        0.0,
        1.0,
        0.0
      ],
      [
        0.0,
        0.0,
        0.0,
        0.0,
        0.0,
        1.0
      ]
    ],
    "reversion": [
      [
        1.1799651672057458,
        0.011727187942351433,
        0.30225830749557037,
        0.5654218925005705,
        0.5654218925005705,
        0.0
      ],
      [
        0.011727187942351433,
        1.0009377618674282,
        0.023874974682587223,
        0.039235597181099556,
        0.039235597181099556,
        0.0
      ],
      [
        0.30225830749557037,
        0.023874974682587223,
        1.645920347662856,
        1.0123310217881816,
        1.0123310217881816,
        0.0
      ],
      [
        0.5654218925005705,
        0.039235597181099556,
        1.0123310217881816,
        2.8174448644631216,
        1.817444864463139,
        0.0
      ],
      [
        0.5654218925005705,
        0.039235597181099556,
        1.0123310217881816,
        1.817444864463139,
        2.8174448644631216,
        0.0
      ],
      [
        0.0,
        0.0,
        0.0,
        0.0,
        0.0,
        1.0
      ]
    ],
    "vwap": [
      [
        1.0,
        0.0,
        0.0,
        0.0,
        0.0,
        0.0
      ],
      [
        0.0,
        1.0,
        0.0,
        0.0,
        0.0,
        0.0
      ],
      [
        0.0,
        0.0,
        1.0,
        0.0,
        0.0,
        0.0
      ],
      [
        0.0,
        0.0,
        0.0,
        1.0,
        0.0,
        0.0
      ],
      [
        0.0,
        0.0,
        0.0,
        0.0,
        1.0,
        0.0
      ],
      [
        0.0,
        0.0,
        0.0,
        0.0,
        0.0,
        1.0
      ]
    ]
  },
  "b": {
    "trend": [
      [
        0.03729805971219752
      ],
      [
        0.022414521080721582
      ],
      [
        0.4079794982369046
      ],
      [
        0.08743979583172311
      ],
      [
        0.08743979583172311
      ],
      [
        0.0
      ]
    ],
    "breakout": [
      [
        0.0
      ],
      [
        0.0
      ],
      [
        0.0
      ],
      [
        0.0
      ],
      [
        0.0
      ],
      [
        0.0
      ]
    ],
    "reversion": [
      [
        -0.005144199961627796
      ],
      [
        -0.037242946254815376
      ],
      [
        -1.0257808575703888
      ],
      [
        -0.645970850381994
      ],
      [
        -0.645970850381994
      ],
      [
        0.0
      ]
    ],
    "vwap": [
      [
        0.0
      ],
      [
        0.0
      ],
      [
        0.0
      ],
      [
        0.0
      ],
      [
        0.0
      ],
      [
        0.0
      ]
    ]
  },
  "counts": {
    "trend": 1,
    "breakout": 0,
    "reversion": 8,
    "vwap": 0
  },
  "reward_sum": {
    "trend": 0.08743979583172311,
    "breakout": 0.0,
    "reversion": -0.645970850381994,
    "vwap": 0.0
  },
  "disabled_until": {
    "trend": 0.0,
    "breakout": 0.0,
    "reversion": 0.0,
    "vwap": 0.0
  },
  "_snapshot_time": "2025-09-23T17:00:00.662784"
}