{
  "arms": [
    "trend",
    "breakout",
    "reversion",
    "vwap"
  ],
  "d": 6,
  "alpha": 0.6,
  "alpha_base": 0.6,
  "alpha_boost_until": 0.0,
  "A": {
    "trend": [
      [
        1.0065892147769162,
        0.003959833156529309,
        0.07207518458612908,
        0.015447441481692565,
        0.015447441481692565,
        0.0
      ],
      [
        0.003959833156529309,
        1.002379688499832,
        0.04331406933145003,
        0.009283244367303593,
        0.009283244367303593,
        0.0
      ],
      [
        0.07207518458612908,
        0.04331406933145003,
        1.788384110854015,
        0.16896963202307974,
        0.16896963202307974,
        0.0
      ],
      [
        0.015447441481692565,
        0.009283244367303593,
        0.16896963202307974,
        1.036214246523926,
        0.03621424652392737,
        0.0
      ],
      [
        0.015447441481692565,
        0.009283244367303593,
        0.16896963202307974,
        0.03621424652392737,
        1.036214246523926,
        0.0
      ],
      [
        0.0,
        0.0,
        0.0,
        0.0,
        0.0,
        1.0
      ]
    ],
    "breakout": [
      [
        1.0,
        0.0,
        0.0,
        0.0,
        0.0,
        0.0
      ],
      [
        0.0,
        1.0,
        0.0,
        0.0,
        0.0,
        0.0
      ],
      [
        0.0,
        0.0,
        1.0,
        0.0,
        0.0,
        0.0
      ],
      [
        0.0,
        0.0,
        0.0,
        1.0,
        0.0,
        0.0
      ],
      [
        0.0,
        0.0,
        0.0,
        0.0,
        1.0,
        0.0
      ],
      [
        0.0,
        0.0,
        0.0,
        0.0,
        0.0,
        1.0
      ]
    ],
    "reversion": [
      [
        1.0759903321004858,
        0.0049518077313554796,
        0.12762863793780688,
        0.2387495205607292,
        0.2387495205607292,
        0.0
      ],
      [
        0.0049518077313554796,
        1.0003959701582454,
        0.010081213399181384,
        0.01656723968446619,
        0.01656723968446619,
        0.0
      ],
      [
        0.12762863793780688,
        0.010081213399181384,
        1.27274001125588,
        0.4274570003502962,
        0.4274570003502962,
        0.0
      ],
      [
        0.2387495205607292,
        0.01656723968446619,
        0.4274570003502962,
        1.7674165004774527,
        0.7674165004774657,
        0.0
      ],
      [
        0.2387495205607292,
        0.01656723968446619,
        0.4274570003502962,
        0.7674165004774657,
        1.7674165004774527,
        0.0
      ],
      [
        0.0,
        0.0,
        0.0,
        0.0,
        0.0,
        1.0
      ]
    ],
    "vwap": [
      [
        1.0,
        0.0,
        0.0,
        0.0,
        0.0,
        0.0
      ],
      [
        0.0,
        1.0,
        0.0,
        0.0,
        0.0,
        0.0
      ],
      [
        0.0,
        0.0,
        1.0,
        0.0,
        0.0,
        0.0
      ],
      [
        0.0,
        0.0,
        0.0,
        1.0,
        0.0,
        0.0
      ],
      [
        0.0,
        0.0,
        0.0,
        0.0,
        1.0,
        0.0
      ],
      [
        0.0,
        0.0,
        0.0,
        0.0,
        0.0,
        1.0
      ]
    ]
  },
  "b": {
    "trend": [
      [
        0.015749114054906567
      ],
      [
        0.009464536539174128
      ],
      [
        0.1722694343720862
      ],
      [
        0.036921473345199254
      ],
      [
        0.036921473345199254
      ],
      [
        0.0
      ]
    ],
    "breakout": [
      [
        0.0
      ],
      [
        0.0
      ],
      [
        0.0
      ],
      [
        0.0
      ],
      [
        0.0
      ],
      [
        0.0
      ]
    ],
    "reversion": [
      [
        -0.0021721395842590574
      ],
      [
        -0.015725842385201243
      ],
      [
        -0.4331361965172878
      ],
      [
        -0.2727613360403306
      ],
      [
        -0.2727613360403306
      ],
      [
        0.0
      ]
    ],
    "vwap": [
      [
        0.0
      ],
      [
        0.0
      ],
      [
        0.0
      ],
      [
        0.0
      ],
      [
        0.0
      ],
      [
        0.0
      ]
    ]
  },
  "counts": {
    "trend": 1,
    "breakout": 0,
    "reversion": 8,
    "vwap": 0
  },
  "reward_sum": {
    "trend": 0.036921473345199254,
    "breakout": 0.0,
    "reversion": -0.2727613360403306,
    "vwap": 0.0
  },
  "disabled_until": {
    "trend": 0.0,
    "breakout": 0.0,
    "reversion": 0.0,
    "vwap": 0.0
  },
  "_snapshot_time": "2025-09-25T06:37:00.408673"
}