{
  "arms": [
    "trend",
    "breakout",
    "reversion",
    "vwap"
  ],
  "d": 6,
  "alpha": 0.6,
  "alpha_base": 0.6,
  "alpha_boost_until": 0.0,
  "A": {
    "trend": [
      [
        1.0625562071158674,
        0.03759357548216003,
        0.6842621355552563,
        0.14665379433744835,
        0.14665379433744835,
        0.0
      ],
      [
        0.03759357548216003,
        1.0225921132800657,
        0.4112119552730275,
        0.08813258893651095,
        0.08813258893651095,
        0.0
      ],
      [
        0.6842621355552563,
        0.4112119552730275,
        8.48470362481224,
        1.6041515802701058,
        1.6041515802701058,
        0.0
      ],
      [
        0.14665379433744835,
        0.08813258893651095,
        1.6041515802701058,
        1.3438081748424127,
        0.3438081748424137,
        0.0
      ],
      [
        0.14665379433744835,
        0.08813258893651095,
        1.6041515802701058,
        0.3438081748424137,
        1.3438081748424127,
        0.0
      ],
      [
        0.0,
        0.0,
        0.0,
        0.0,
        0.0,
        1.0
      ]
    ],
    "breakout": [
      [
        1.0,
        0.0,
        0.0,
        0.0,
        0.0,
        0.0
      ],
      [
        0.0,
        1.0,
        0.0,
        0.0,
        0.0,
        0.0
      ],
      [
        0.0,
        0.0,
        1.0,
        0.0,
        0.0,
        0.0
      ],
      [
        0.0,
        0.0,
        0.0,
        1.0,
        0.0,
        0.0
      ],
      [
        0.0,
        0.0,
        0.0,
        0.0,
        1.0,
        0.0
      ],
      [
        0.0,
        0.0,
        0.0,
        0.0,
        0.0,
        1.0
      ]
    ],
    "reversion": [
      [
        1.1682787053079169,
        0.01165706827605866,
        0.3065860418856049,
        0.5057232183087857,
        0.5057232183087857,
        0.0
      ],
      [
        0.01165706827605866,
        1.0009195962958062,
        0.023958970445108058,
        0.035867244435744156,
        0.035867244435744156,
        0.0
      ],
      [
        0.3065860418856049,
        0.023958970445108058,
        1.639173020225218,
        0.9526020777725513,
        0.9526020777725513,
        0.0
      ],
      [
        0.5057232183087857,
        0.035867244435744156,
        0.9526020777725513,
        2.5343170473801426,
        1.5343170473801513,
        0.0
      ],
      [
        0.5057232183087857,
        0.035867244435744156,
        0.9526020777725513,
        1.5343170473801513,
        2.5343170473801426,
        0.0
      ],
      [
        0.0,
        0.0,
        0.0,
        0.0,
        0.0,
        1.0
      ]
    ],
    "vwap": [
      [
        1.0,
        0.0,
        0.0,
        0.0,
        0.0,
        0.0
      ],
      [
        0.0,
        1.0,
        0.0,
        0.0,
        0.0,
        0.0
      ],
      [
        0.0,
        0.0,
        1.0,
        0.0,
        0.0,
        0.0
      ],
      [
        0.0,
        0.0,
        0.0,
        1.0,
        0.0,
        0.0
      ],
      [
        0.0,
        0.0,
        0.0,
        0.0,
        1.0,
        0.0
      ],
      [
        0.0,
        0.0,
        0.0,
        0.0,
        0.0,
        1.0
      ]
    ]
  },
  "b": {
    "trend": [
      [
        0.14951779143119434
      ],
      [
        0.0898537273476842
      ],
      [
        1.6354790033659594
      ],
      [
        0.3505223933050408
      ],
      [
        0.3505223933050408
      ],
      [
        0.0
      ]
    ],
    "breakout": [
      [
        0.0
      ],
      [
        0.0
      ],
      [
        0.0
      ],
      [
        0.0
      ],
      [
        0.0
      ],
      [
        0.0
      ]
    ],
    "reversion": [
      [
        -0.14435046077651495
      ],
      [
        -0.004263856755933874
      ],
      [
        -0.09052358704087851
      ],
      [
        -0.36605823670424703
      ],
      [
        -0.36605823670424703
      ],
      [
        0.0
      ]
    ],
    "vwap": [
      [
        0.0
      ],
      [
        0.0
      ],
      [
        0.0
      ],
      [
        0.0
      ],
      [
        0.0
      ],
      [
        0.0
      ]
    ]
  },
  "counts": {
    "trend": 1,
    "breakout": 0,
    "reversion": 3,
    "vwap": 0
  },
  "reward_sum": {
    "trend": 0.3505223933050408,
    "breakout": 0.0,
    "reversion": -0.36605823670424703,
    "vwap": 0.0
  },
  "disabled_until": {
    "trend": 0.0,
    "breakout": 0.0,
    "reversion": 0.0,
    "vwap": 0.0
  },
  "_snapshot_time": "2025-09-19T06:49:00.047564"
}