{
  "arms": [
    "trend",
    "breakout",
    "reversion",
    "vwap"
  ],
  "d": 6,
  "alpha": 0.6,
  "alpha_base": 0.6,
  "alpha_boost_until": 0.0,
  "A": {
    "trend": [
      [
        1.1255631450605845,
        0.07545802070239477,
        1.3734545258962065,
        0.29436426057562337,
        0.29436426057562337,
        0.0
      ],
      [
        0.07545802070239477,
        1.045347007560029,
        0.8253867804829896,
        0.17690019199378326,
        0.17690019199378326,
        0.0
      ],
      [
        1.3734545258962065,
        0.8253867804829896,
        16.023336137324343,
        3.2198614151836438,
        3.2198614151836438,
        0.0
      ],
      [
        0.29436426057562337,
        0.17690019199378326,
        3.2198614151836438,
        1.6900935609921603,
        0.6900935609921609,
        0.0
      ],
      [
        0.29436426057562337,
        0.17690019199378326,
        3.2198614151836438,
        0.6900935609921609,
        1.6900935609921603,
        0.0
      ],
      [
        0.0,
        0.0,
        0.0,
        0.0,
        0.0,
        1.0
      ]
    ],
    "breakout": [
      [
        1.0,
        0.0,
        0.0,
        0.0,
        0.0,
        0.0
      ],
      [
        0.0,
        1.0,
        0.0,
        0.0,
        0.0,
        0.0
      ],
      [
        0.0,
        0.0,
        1.0,
        0.0,
        0.0,
        0.0
      ],
      [
        0.0,
        0.0,
        0.0,
        1.0,
        0.0,
        0.0
      ],
      [
        0.0,
        0.0,
        0.0,
        0.0,
        1.0,
        0.0
      ],
      [
        0.0,
        0.0,
        0.0,
        0.0,
        0.0,
        1.0
      ]
    ],
    "reversion": [
      [
        1.1021276562990758,
        0.010353696890642023,
        0.2918417201457159,
        0.3510659033446556,
        0.3510659033446556,
        0.0
      ],
      [
        0.010353696890642023,
        1.00112371878327,
        0.03018042289468091,
        0.03523456783989181,
        0.03523456783989181,
        0.0
      ],
      [
        0.2918417201457159,
        0.03018042289468091,
        1.8387282939362994,
        1.0003550935553849,
        1.0003550935553849,
        0.0
      ],
      [
        0.3510659033446556,
        0.03523456783989181,
        1.0003550935553849,
        2.2085120207989917,
        1.2085120207990026,
        0.0
      ],
      [
        0.3510659033446556,
        0.03523456783989181,
        1.0003550935553849,
        1.2085120207990026,
        2.2085120207989917,
        0.0
      ],
      [
        0.0,
        0.0,
        0.0,
        0.0,
        0.0,
        1.0
      ]
    ],
    "vwap": [
      [
        1.0,
        0.0,
        0.0,
        0.0,
        0.0,
        0.0
      ],
      [
        0.0,
        1.0,
        0.0,
        0.0,
        0.0,
        0.0
      ],
      [
        0.0,
        0.0,
        1.0,
        0.0,
        0.0,
        0.0
      ],
      [
        0.0,
        0.0,
        0.0,
        1.0,
        0.0,
        0.0
      ],
      [
        0.0,
        0.0,
        0.0,
        0.0,
        1.0,
        0.0
      ],
      [
        0.0,
        0.0,
        0.0,
        0.0,
        0.0,
        1.0
      ]
    ]
  },
  "b": {
    "trend": [
      [
        0.30011289047367695
      ],
      [
        0.18035486998586797
      ],
      [
        3.282741982147576
      ],
      [
        0.7035703752950121
      ],
      [
        0.7035703752950121
      ],
      [
        0.0
      ]
    ],
    "breakout": [
      [
        0.0
      ],
      [
        0.0
      ],
      [
        0.0
      ],
      [
        0.0
      ],
      [
        0.0
      ],
      [
        0.0
      ]
    ],
    "reversion": [
      [
        0.13996303909300634
      ],
      [
        0.01522866155564272
      ],
      [
        0.4082889462018184
      ],
      [
        0.4761237990530692
      ],
      [
        0.4761237990530692
      ],
      [
        0.0
      ]
    ],
    "vwap": [
      [
        0.0
      ],
      [
        0.0
      ],
      [
        0.0
      ],
      [
        0.0
      ],
      [
        0.0
      ],
      [
        0.0
      ]
    ]
  },
  "counts": {
    "trend": 1,
    "breakout": 0,
    "reversion": 2,
    "vwap": 0
  },
  "reward_sum": {
    "trend": 0.7035703752950121,
    "breakout": 0.0,
    "reversion": 0.4761237990530692,
    "vwap": 0.0
  },
  "disabled_until": {
    "trend": 0.0,
    "breakout": 0.0,
    "reversion": 0.0,
    "vwap": 0.0
  },
  "_snapshot_time": "2025-09-18T05:31:00.444977"
}