{
  "arms": [
    "trend",
    "breakout",
    "reversion",
    "vwap"
  ],
  "d": 6,
  "alpha": 0.6,
  "alpha_base": 0.6,
  "alpha_boost_until": 0.0,
  "A": {
    "trend": [
      [
        1.0188793356228163,
        0.011345664347501005,
        0.20650891584915326,
        0.04425981579298639,
        0.04425981579298639,
        0.0
      ],
      [
        0.011345664347501005,
        1.006818253674699,
        0.12410292876827742,
        0.026598235451811343,
        0.026598235451811343,
        0.0
      ],
      [
        0.20650891584915326,
        0.12410292876827742,
        3.2588682767868526,
        0.4841296726589572,
        0.4841296726589572,
        0.0
      ],
      [
        0.04425981579298639,
        0.026598235451811343,
        0.4841296726589572,
        1.103760605413552,
        0.10376060541355137,
        0.0
      ],
      [
        0.04425981579298639,
        0.026598235451811343,
        0.4841296726589572,
        0.10376060541355137,
        1.103760605413552,
        0.0
      ],
      [
        0.0,
        0.0,
        0.0,
        0.0,
        0.0,
        1.0
      ]
    ],
    "breakout": [
      [
        1.0,
        0.0,
        0.0,
        0.0,
        0.0,
        0.0
      ],
      [
        0.0,
        1.0,
        0.0,
        0.0,
        0.0,
        0.0
      ],
      [
        0.0,
        0.0,
        1.0,
        0.0,
        0.0,
        0.0
      ],
      [
        0.0,
        0.0,
        0.0,
        1.0,
        0.0,
        0.0
      ],
      [
        0.0,
        0.0,
        0.0,
        0.0,
        1.0,
        0.0
      ],
      [
        0.0,
        0.0,
        0.0,
        0.0,
        0.0,
        1.0
      ]
    ],
    "reversion": [
      [
        1.2177265474545647,
        0.01418785747088428,
        0.3656799743654483,
        0.6840621350276769,
        0.6840621350276769,
        0.0
      ],
      [
        0.01418785747088428,
        1.0011345287363094,
        0.028884566324226417,
        0.04746824757366777,
        0.04746824757366777,
        0.0
      ],
      [
        0.3656799743654483,
        0.028884566324226417,
        1.7814512631019626,
        1.22474444181249,
        1.22474444181249,
        0.0
      ],
      [
        0.6840621350276769,
        0.04746824757366777,
        1.22474444181249,
        3.1987921422382453,
        2.198792142238261,
        0.0
      ],
      [
        0.6840621350276769,
        0.04746824757366777,
        1.22474444181249,
        2.198792142238261,
        3.1987921422382453,
        0.0
      ],
      [
        0.0,
        0.0,
        0.0,
        0.0,
        0.0,
        1.0
      ]
    ],
    "vwap": [
      [
        1.0,
        0.0,
        0.0,
        0.0,
        0.0,
        0.0
      ],
      [
        0.0,
        1.0,
        0.0,
        0.0,
        0.0,
        0.0
      ],
      [
        0.0,
        0.0,
        1.0,
        0.0,
        0.0,
        0.0
      ],
      [
        0.0,
        0.0,
        0.0,
        1.0,
        0.0,
        0.0
      ],
      [
        0.0,
        0.0,
        0.0,
        0.0,
        1.0,
        0.0
      ],
      [
        0.0,
        0.0,
        0.0,
        0.0,
        0.0,
        1.0
      ]
    ]
  },
  "b": {
    "trend": [
      [
        0.04512416427011598
      ],
      [
        0.02711767151125264
      ],
      [
        0.4935842250062429
      ],
      [
        0.10578694284104376
      ],
      [
        0.10578694284104376
      ],
      [
        0.0
      ]
    ],
    "breakout": [
      [
        0.0
      ],
      [
        0.0
      ],
      [
        0.0
      ],
      [
        0.0
      ],
      [
        0.0
      ],
      [
        0.0
      ]
    ],
    "reversion": [
      [
        -0.0062235871221715255
      ],
      [
        -0.045057486573646104
      ],
      [
        -1.2410164035157394
      ],
      [
        -0.7815123626071927
      ],
      [
        -0.7815123626071927
      ],
      [
        0.0
      ]
    ],
    "vwap": [
      [
        0.0
      ],
      [
        0.0
      ],
      [
        0.0
      ],
      [
        0.0
      ],
      [
        0.0
      ],
      [
        0.0
      ]
    ]
  },
  "counts": {
    "trend": 1,
    "breakout": 0,
    "reversion": 8,
    "vwap": 0
  },
  "reward_sum": {
    "trend": 0.10578694284104376,
    "breakout": 0.0,
    "reversion": -0.7815123626071927,
    "vwap": 0.0
  },
  "disabled_until": {
    "trend": 0.0,
    "breakout": 0.0,
    "reversion": 0.0,
    "vwap": 0.0
  },
  "_snapshot_time": "2025-09-23T09:14:00.067373"
}