{
  "arms": [
    "trend",
    "breakout",
    "reversion",
    "vwap"
  ],
  "d": 6,
  "alpha": 0.6,
  "alpha_base": 0.6,
  "alpha_boost_until": 0.0,
  "A": {
    "trend": [
      [
        1.0031855202620625,
        0.0019143599323399045,
        0.03484435834377986,
        0.007467982074183306,
        0.007467982074183306,
        0.0
      ],
      [
        0.0019143599323399045,
        1.0011504475404498,
        0.020939952658863177,
        0.004487934303389267,
        0.004487934303389267,
        0.0
      ],
      [
        0.03484435834377986,
        0.020939952658863177,
        1.3811400363229356,
        0.08168745513781021,
        0.08168745513781021,
        0.0
      ],
      [
        0.007467982074183306,
        0.004487934303389267,
        0.08168745513781021,
        1.0175075817047925,
        0.0175075817047932,
        0.0
      ],
      [
        0.007467982074183306,
        0.004487934303389267,
        0.08168745513781021,
        0.0175075817047932,
        1.0175075817047925,
        0.0
      ],
      [
        0.0,
        0.0,
        0.0,
        0.0,
        0.0,
        1.0
      ]
    ],
    "breakout": [
      [
        1.0,
        0.0,
        0.0,
        0.0,
        0.0,
        0.0
      ],
      [
        0.0,
        1.0,
        0.0,
        0.0,
        0.0,
        0.0
      ],
      [
        0.0,
        0.0,
        1.0,
        0.0,
        0.0,
        0.0
      ],
      [
        0.0,
        0.0,
        0.0,
        1.0,
        0.0,
        0.0
      ],
      [
        0.0,
        0.0,
        0.0,
        0.0,
        1.0,
        0.0
      ],
      [
        0.0,
        0.0,
        0.0,
        0.0,
        0.0,
        1.0
      ]
    ],
    "reversion": [
      [
        1.1707304252550386,
        0.013896863248049124,
        0.49950964665134395,
        0.5594956809174713,
        0.5594956809174713,
        0.0
      ],
      [
        0.013896863248049124,
        1.001238647242239,
        0.046894037143192076,
        0.04603368582520076,
        0.04603368582520076,
        0.0
      ],
      [
        0.49950964665134395,
        0.046894037143192076,
        2.891794336132809,
        1.6503277931529137,
        1.6503277931529137,
        0.0
      ],
      [
        0.5594956809174713,
        0.04603368582520076,
        1.6503277931529137,
        2.842889321090282,
        1.8428893210902972,
        0.0
      ],
      [
        0.5594956809174713,
        0.04603368582520076,
        1.6503277931529137,
        1.8428893210902972,
        2.842889321090282,
        0.0
      ],
      [
        0.0,
        0.0,
        0.0,
        0.0,
        0.0,
        1.0
      ]
    ],
    "vwap": [
      [
        1.0,
        0.0,
        0.0,
        0.0,
        0.0,
        0.0
      ],
      [
        0.0,
        1.0,
        0.0,
        0.0,
        0.0,
        0.0
      ],
      [
        0.0,
        0.0,
        1.0,
        0.0,
        0.0,
        0.0
      ],
      [
        0.0,
        0.0,
        0.0,
        1.0,
        0.0,
        0.0
      ],
      [
        0.0,
        0.0,
        0.0,
        0.0,
        1.0,
        0.0
      ],
      [
        0.0,
        0.0,
        0.0,
        0.0,
        0.0,
        1.0
      ]
    ]
  },
  "b": {
    "trend": [
      [
        0.007613824048836842
      ],
      [
        0.004575579023799665
      ],
      [
        0.08328272674443413
      ],
      [
        0.01784948668821069
      ],
      [
        0.01784948668821069
      ],
      [
        0.0
      ]
    ],
    "breakout": [
      [
        0.0
      ],
      [
        0.0
      ],
      [
        0.0
      ],
      [
        0.0
      ],
      [
        0.0
      ],
      [
        0.0
      ]
    ],
    "reversion": [
      [
        -0.586278564702403
      ],
      [
        -0.05642211775121547
      ],
      [
        -2.016054339147734
      ],
      [
        -2.073731200831412
      ],
      [
        -2.073731200831412
      ],
      [
        0.0
      ]
    ],
    "vwap": [
      [
        0.0
      ],
      [
        0.0
      ],
      [
        0.0
      ],
      [
        0.0
      ],
      [
        0.0
      ],
      [
        0.0
      ]
    ]
  },
  "counts": {
    "trend": 1,
    "breakout": 0,
    "reversion": 10,
    "vwap": 0
  },
  "reward_sum": {
    "trend": 0.01784948668821069,
    "breakout": 0.0,
    "reversion": -2.073731200831412,
    "vwap": 0.0
  },
  "disabled_until": {
    "trend": 0.0,
    "breakout": 0.0,
    "reversion": 0.0,
    "vwap": 0.0
  },
  "_snapshot_time": "2025-09-26T09:56:00.489122"
}