{
  "arms": [
    "trend",
    "breakout",
    "reversion",
    "vwap"
  ],
  "d": 6,
  "alpha": 0.6,
  "alpha_base": 0.6,
  "alpha_boost_until": 0.0,
  "A": {
    "trend": [
      [
        1.0048533497490237,
        0.002916653335347694,
        0.05308767294205519,
        0.011377962136075526,
        0.011377962136075526,
        0.0
      ],
      [
        0.002916653335347694,
        1.0017527825354642,
        0.03190339587281543,
        0.00683766324904333,
        0.00683766324904333,
        0.0
      ],
      [
        0.05308767294205519,
        0.03190339587281543,
        1.5806919270489908,
        0.12445621351494938,
        0.12445621351494938,
        0.0
      ],
      [
        0.011377962136075526,
        0.00683766324904333,
        0.12445621351494938,
        1.0266739528499955,
        0.026673952849996664,
        0.0
      ],
      [
        0.011377962136075526,
        0.00683766324904333,
        0.12445621351494938,
        0.026673952849996664,
        1.0266739528499955,
        0.0
      ],
      [
        0.0,
        0.0,
        0.0,
        0.0,
        0.0,
        1.0
      ]
    ],
    "breakout": [
      [
        1.0,
        0.0,
        0.0,
        0.0,
        0.0,
        0.0
      ],
      [
        0.0,
        1.0,
        0.0,
        0.0,
        0.0,
        0.0
      ],
      [
        0.0,
        0.0,
        1.0,
        0.0,
        0.0,
        0.0
      ],
      [
        0.0,
        0.0,
        0.0,
        1.0,
        0.0,
        0.0
      ],
      [
        0.0,
        0.0,
        0.0,
        0.0,
        1.0,
        0.0
      ],
      [
        0.0,
        0.0,
        0.0,
        0.0,
        0.0,
        1.0
      ]
    ],
    "reversion": [
      [
        1.1295837162954774,
        0.012036229688482536,
        0.48823263827380897,
        0.41641643641863385,
        0.41641643641863385,
        0.0
      ],
      [
        0.012036229688482536,
        1.001247665818478,
        0.0523518444451299,
        0.03961756747891772,
        0.03961756747891772,
        0.0
      ],
      [
        0.48823263827380897,
        0.0523518444451299,
        3.3121472110371366,
        1.6031700574482444,
        1.6031700574482444,
        0.0
      ],
      [
        0.41641643641863385,
        0.03961756747891772,
        1.6031700574482444,
        2.3514024789120027,
        1.3514024789120167,
        0.0
      ],
      [
        0.41641643641863385,
        0.03961756747891772,
        1.6031700574482444,
        1.3514024789120167,
        2.3514024789120027,
        0.0
      ],
      [
        0.0,
        0.0,
        0.0,
        0.0,
        0.0,
        1.0
      ]
    ],
    "vwap": [
      [
        1.0,
        0.0,
        0.0,
        0.0,
        0.0,
        0.0
      ],
      [
        0.0,
        1.0,
        0.0,
        0.0,
        0.0,
        0.0
      ],
      [
        0.0,
        0.0,
        1.0,
        0.0,
        0.0,
        0.0
      ],
      [
        0.0,
        0.0,
        0.0,
        1.0,
        0.0,
        0.0
      ],
      [
        0.0,
        0.0,
        0.0,
        0.0,
        1.0,
        0.0
      ],
      [
        0.0,
        0.0,
        0.0,
        0.0,
        0.0,
        1.0
      ]
    ]
  },
  "b": {
    "trend": [
      [
        0.01160016198189397
      ],
      [
        0.0069711957482312716
      ],
      [
        0.1268867147877994
      ],
      [
        0.027194867592000103
      ],
      [
        0.027194867592000103
      ],
      [
        0.0
      ]
    ],
    "breakout": [
      [
        0.0
      ],
      [
        0.0
      ],
      [
        0.0
      ],
      [
        0.0
      ],
      [
        0.0
      ],
      [
        0.0
      ]
    ],
    "reversion": [
      [
        -0.2738814052441303
      ],
      [
        -0.04261247826874778
      ],
      [
        -1.7772188079069455
      ],
      [
        -1.0907141293558753
      ],
      [
        -1.0907141293558753
      ],
      [
        0.0
      ]
    ],
    "vwap": [
      [
        0.0
      ],
      [
        0.0
      ],
      [
        0.0
      ],
      [
        0.0
      ],
      [
        0.0
      ],
      [
        0.0
      ]
    ]
  },
  "counts": {
    "trend": 1,
    "breakout": 0,
    "reversion": 9,
    "vwap": 0
  },
  "reward_sum": {
    "trend": 0.027194867592000103,
    "breakout": 0.0,
    "reversion": -1.0907141293558753,
    "vwap": 0.0
  },
  "disabled_until": {
    "trend": 0.0,
    "breakout": 0.0,
    "reversion": 0.0,
    "vwap": 0.0
  },
  "_snapshot_time": "2025-09-25T18:44:00.952031"
}