{
  "arms": [
    "trend",
    "breakout",
    "reversion",
    "vwap"
  ],
  "d": 6,
  "alpha": 0.6,
  "alpha_base": 0.6,
  "alpha_boost_until": 0.0,
  "A": {
    "trend": [
      [
        1.0054464150235503,
        0.003273059920588533,
        0.05957483272973181,
        0.012768316136248414,
        0.012768316136248414,
        0.0
      ],
      [
        0.003273059920588533,
        1.0019669674818084,
        0.03580189839377458,
        0.007673205882816024,
        0.007673205882816024,
        0.0
      ],
      [
        0.05957483272973181,
        0.03580189839377458,
        1.6516507977136055,
        0.13966440213760592,
        0.13966440213760592,
        0.0
      ],
      [
        0.012768316136248414,
        0.007673205882816024,
        0.13966440213760592,
        1.0299334325882716,
        0.029933432588273214,
        0.0
      ],
      [
        0.012768316136248414,
        0.007673205882816024,
        0.13966440213760592,
        0.029933432588273214,
        1.0299334325882716,
        0.0
      ],
      [
        0.0,
        0.0,
        0.0,
        0.0,
        0.0,
        1.0
      ]
    ],
    "breakout": [
      [
        1.0,
        0.0,
        0.0,
        0.0,
        0.0,
        0.0
      ],
      [
        0.0,
        1.0,
        0.0,
        0.0,
        0.0,
        0.0
      ],
      [
        0.0,
        0.0,
        1.0,
        0.0,
        0.0,
        0.0
      ],
      [
        0.0,
        0.0,
        0.0,
        1.0,
        0.0,
        0.0
      ],
      [
        0.0,
        0.0,
        0.0,
        0.0,
        1.0,
        0.0
      ],
      [
        0.0,
        0.0,
        0.0,
        0.0,
        0.0,
        1.0
      ]
    ],
    "reversion": [
      [
        1.1454184708986275,
        0.013507022075927888,
        0.547893251793225,
        0.4673013181916788,
        0.4673013181916788,
        0.0
      ],
      [
        0.013507022075927888,
        1.0014001269658137,
        0.05874908812288228,
        0.04445871941479781,
        0.04445871941479781,
        0.0
      ],
      [
        0.547893251793225,
        0.05874908812288228,
        3.594684899720543,
        1.7990727925490464,
        1.7990727925490464,
        0.0
      ],
      [
        0.4673013181916788,
        0.04445871941479781,
        1.7990727925490464,
        2.5165399455275277,
        1.5165399455275415,
        0.0
      ],
      [
        0.4673013181916788,
        0.04445871941479781,
        1.7990727925490464,
        1.5165399455275415,
        2.5165399455275277,
        0.0
      ],
      [
        0.0,
        0.0,
        0.0,
        0.0,
        0.0,
        1.0
      ]
    ],
    "vwap": [
      [
        1.0,
        0.0,
        0.0,
        0.0,
        0.0,
        0.0
      ],
      [
        0.0,
        1.0,
        0.0,
        0.0,
        0.0,
        0.0
      ],
      [
        0.0,
        0.0,
        1.0,
        0.0,
        0.0,
        0.0
      ],
      [
        0.0,
        0.0,
        0.0,
        1.0,
        0.0,
        0.0
      ],
      [
        0.0,
        0.0,
        0.0,
        0.0,
        1.0,
        0.0
      ],
      [
        0.0,
        0.0,
        0.0,
        0.0,
        0.0,
        1.0
      ]
    ]
  },
  "b": {
    "trend": [
      [
        0.01301766815930006
      ],
      [
        0.007823055666433164
      ],
      [
        0.14239190362250775
      ],
      [
        0.030518001602160456
      ],
      [
        0.030518001602160456
      ],
      [
        0.0
      ]
    ],
    "breakout": [
      [
        0.0
      ],
      [
        0.0
      ],
      [
        0.0
      ],
      [
        0.0
      ],
      [
        0.0
      ],
      [
        0.0
      ]
    ],
    "reversion": [
      [
        -0.3073489192681742
      ],
      [
        -0.04781959962401965
      ],
      [
        -1.9943897959278454
      ],
      [
        -1.2239962351195086
      ],
      [
        -1.2239962351195086
      ],
      [
        0.0
      ]
    ],
    "vwap": [
      [
        0.0
      ],
      [
        0.0
      ],
      [
        0.0
      ],
      [
        0.0
      ],
      [
        0.0
      ],
      [
        0.0
      ]
    ]
  },
  "counts": {
    "trend": 1,
    "breakout": 0,
    "reversion": 9,
    "vwap": 0
  },
  "reward_sum": {
    "trend": 0.030518001602160456,
    "breakout": 0.0,
    "reversion": -1.2239962351195086,
    "vwap": 0.0
  },
  "disabled_until": {
    "trend": 0.0,
    "breakout": 0.0,
    "reversion": 0.0,
    "vwap": 0.0
  },
  "_snapshot_time": "2025-09-25T12:56:00.033606"
}