{
  "arms": [
    "trend",
    "breakout",
    "reversion",
    "vwap"
  ],
  "d": 6,
  "alpha": 0.6,
  "alpha_base": 0.6,
  "alpha_boost_until": 0.0,
  "A": {
    "trend": [
      [
        1.0423126969036591,
        0.025428101194741645,
        0.4628313908286269,
        0.09919587257070345,
        0.09919587257070345,
        0.0
      ],
      [
        0.025428101194741645,
        1.0152811892808948,
        0.2781416525845529,
        0.05961243008384915,
        0.05961243008384915,
        0.0
      ],
      [
        0.4628313908286269,
        0.2781416525845529,
        6.0626150543912045,
        1.0850398822578091,
        1.0850398822578091,
        0.0
      ],
      [
        0.09919587257070345,
        0.05961243008384915,
        1.0850398822578091,
        1.2325500820112474,
        0.23255008201124722,
        0.0
      ],
      [
        0.09919587257070345,
        0.05961243008384915,
        1.0850398822578091,
        0.23255008201124722,
        1.2325500820112474,
        0.0
      ],
      [
        0.0,
        0.0,
        0.0,
        0.0,
        0.0,
        1.0
      ]
    ],
    "breakout": [
      [
        1.0,
        0.0,
        0.0,
        0.0,
        0.0,
        0.0
      ],
      [
        0.0,
        1.0,
        0.0,
        0.0,
        0.0,
        0.0
      ],
      [
        0.0,
        0.0,
        1.0,
        0.0,
        0.0,
        0.0
      ],
      [
        0.0,
        0.0,
        0.0,
        1.0,
        0.0,
        0.0
      ],
      [
        0.0,
        0.0,
        0.0,
        0.0,
        1.0,
        0.0
      ],
      [
        0.0,
        0.0,
        0.0,
        0.0,
        0.0,
        1.0
      ]
    ],
    "reversion": [
      [
        1.3626661415229049,
        0.025629132464534705,
        0.6484539981359044,
        1.1782572697809148,
        1.1782572697809148,
        0.0
      ],
      [
        0.025629132464534705,
        1.0022390233411418,
        0.056312488530643995,
        0.08891587803651355,
        0.08891587803651355,
        0.0
      ],
      [
        0.6484539981359044,
        0.056312488530643995,
        2.5177340286895213,
        2.2603132282699434,
        2.2603132282699434,
        0.0
      ],
      [
        1.1782572697809148,
        0.08891587803651355,
        2.2603132282699434,
        4.922946246215953,
        3.922946246215964,
        0.0
      ],
      [
        1.1782572697809148,
        0.08891587803651355,
        2.2603132282699434,
        3.922946246215964,
        4.922946246215953,
        0.0
      ],
      [
        0.0,
        0.0,
        0.0,
        0.0,
        0.0,
        1.0
      ]
    ],
    "vwap": [
      [
        1.0,
        0.0,
        0.0,
        0.0,
        0.0,
        0.0
      ],
      [
        0.0,
        1.0,
        0.0,
        0.0,
        0.0,
        0.0
      ],
      [
        0.0,
        0.0,
        1.0,
        0.0,
        0.0,
        0.0
      ],
      [
        0.0,
        0.0,
        0.0,
        1.0,
        0.0,
        0.0
      ],
      [
        0.0,
        0.0,
        0.0,
        0.0,
        1.0,
        0.0
      ],
      [
        0.0,
        0.0,
        0.0,
        0.0,
        0.0,
        1.0
      ]
    ]
  },
  "b": {
    "trend": [
      [
        0.10113306548165116
      ],
      [
        0.06077659925712283
      ],
      [
        1.1062295901915464
      ],
      [
        0.23709154486285344
      ],
      [
        0.23709154486285344
      ],
      [
        0.0
      ]
    ],
    "breakout": [
      [
        0.0
      ],
      [
        0.0
      ],
      [
        0.0
      ],
      [
        0.0
      ],
      [
        0.0
      ],
      [
        0.0
      ]
    ],
    "reversion": [
      [
        -0.3744704434723916
      ],
      [
        -0.11873243512120157
      ],
      [
        -3.2737048223818204
      ],
      [
        -2.7725577316839134
      ],
      [
        -2.7725577316839134
      ],
      [
        0.0
      ]
    ],
    "vwap": [
      [
        0.0
      ],
      [
        0.0
      ],
      [
        0.0
      ],
      [
        0.0
      ],
      [
        0.0
      ],
      [
        0.0
      ]
    ]
  },
  "counts": {
    "trend": 1,
    "breakout": 0,
    "reversion": 7,
    "vwap": 0
  },
  "reward_sum": {
    "trend": 0.23709154486285344,
    "breakout": 0.0,
    "reversion": -2.7725577316839134,
    "vwap": 0.0
  },
  "disabled_until": {
    "trend": 0.0,
    "breakout": 0.0,
    "reversion": 0.0,
    "vwap": 0.0
  },
  "_snapshot_time": "2025-09-22T02:25:00.263213"
}