{
  "arms": [
    "trend",
    "breakout",
    "reversion",
    "vwap"
  ],
  "d": 6,
  "alpha": 0.6,
  "alpha_base": 0.6,
  "alpha_boost_until": 0.0,
  "A": {
    "trend": [
      [
        1.00282445272313,
        0.0016973739543722226,
        0.03089487264667794,
        0.006621512522435467,
        0.006621512522435467,
        0.0
      ],
      [
        0.0016973739543722226,
        1.0010200483503868,
        0.018566482534712235,
        0.003979242704999335,
        0.003979242704999335,
        0.0
      ],
      [
        0.03089487264667794,
        0.018566482534712235,
        1.337939151198328,
        0.07242846886185748,
        0.07242846886185748,
        0.0
      ],
      [
        0.006621512522435467,
        0.003979242704999335,
        0.07242846886185748,
        1.0155231587789424,
        0.015523158778943369,
        0.0
      ],
      [
        0.006621512522435467,
        0.003979242704999335,
        0.07242846886185748,
        0.015523158778943369,
        1.0155231587789424,
        0.0
      ],
      [
        0.0,
        0.0,
        0.0,
        0.0,
        0.0,
        1.0
      ]
    ],
    "breakout": [
      [
        1.0,
        0.0,
        0.0,
        0.0,
        0.0,
        0.0
      ],
      [
        0.0,
        1.0,
        0.0,
        0.0,
        0.0,
        0.0
      ],
      [
        0.0,
        0.0,
        1.0,
        0.0,
        0.0,
        0.0
      ],
      [
        0.0,
        0.0,
        0.0,
        1.0,
        0.0,
        0.0
      ],
      [
        0.0,
        0.0,
        0.0,
        0.0,
        1.0,
        0.0
      ],
      [
        0.0,
        0.0,
        0.0,
        0.0,
        0.0,
        1.0
      ]
    ],
    "reversion": [
      [
        1.1513787309017616,
        0.012321702583839364,
        0.442891981732682,
        0.4960788095957953,
        0.4960788095957953,
        0.0
      ],
      [
        0.012321702583839364,
        1.0010982509256043,
        0.04157876265458996,
        0.04081592913822854,
        0.04081592913822854,
        0.0
      ],
      [
        0.442891981732682,
        0.04157876265458996,
        2.6773660892786433,
        1.463268931276907,
        1.463268931276907,
        0.0
      ],
      [
        0.4960788095957953,
        0.04081592913822854,
        1.463268931276907,
        2.634004286010068,
        1.6340042860100839,
        0.0
      ],
      [
        0.4960788095957953,
        0.04081592913822854,
        1.463268931276907,
        1.6340042860100839,
        2.634004286010068,
        0.0
      ],
      [
        0.0,
        0.0,
        0.0,
        0.0,
        0.0,
        1.0
      ]
    ],
    "vwap": [
      [
        1.0,
        0.0,
        0.0,
        0.0,
        0.0,
        0.0
      ],
      [
        0.0,
        1.0,
        0.0,
        0.0,
        0.0,
        0.0
      ],
      [
        0.0,
        0.0,
        1.0,
        0.0,
        0.0,
        0.0
      ],
      [
        0.0,
        0.0,
        0.0,
        1.0,
        0.0,
        0.0
      ],
      [
        0.0,
        0.0,
        0.0,
        0.0,
        1.0,
        0.0
      ],
      [
        0.0,
        0.0,
        0.0,
        0.0,
        0.0,
        1.0
      ]
    ]
  },
  "b": {
    "trend": [
      [
        0.006750823821240465
      ],
      [
        0.00405695320402812
      ],
      [
        0.07384292203207365
      ],
      [
        0.015826310032748373
      ],
      [
        0.015826310032748373
      ],
      [
        0.0
      ]
    ],
    "breakout": [
      [
        0.0
      ],
      [
        0.0
      ],
      [
        0.0
      ],
      [
        0.0
      ],
      [
        0.0
      ],
      [
        0.0
      ]
    ],
    "reversion": [
      [
        -0.5198259475250536
      ],
      [
        -0.05002686877403335
      ],
      [
        -1.7875416571667324
      ],
      [
        -1.8386810490532632
      ],
      [
        -1.8386810490532632
      ],
      [
        0.0
      ]
    ],
    "vwap": [
      [
        0.0
      ],
      [
        0.0
      ],
      [
        0.0
      ],
      [
        0.0
      ],
      [
        0.0
      ],
      [
        0.0
      ]
    ]
  },
  "counts": {
    "trend": 1,
    "breakout": 0,
    "reversion": 10,
    "vwap": 0
  },
  "reward_sum": {
    "trend": 0.015826310032748373,
    "breakout": 0.0,
    "reversion": -1.8386810490532632,
    "vwap": 0.0
  },
  "disabled_until": {
    "trend": 0.0,
    "breakout": 0.0,
    "reversion": 0.0,
    "vwap": 0.0
  },
  "_snapshot_time": "2025-09-26T14:28:00.784185"
}