{
  "arms": [
    "trend",
    "breakout",
    "reversion",
    "vwap"
  ],
  "d": 6,
  "alpha": 0.6,
  "alpha_base": 0.6,
  "alpha_boost_until": 0.0,
  "A": {
    "trend": [
      [
        1.0344522045947433,
        0.020704285212822502,
        0.37685051855719476,
        0.08076810855477276,
        0.08076810855477276,
        0.0
      ],
      [
        0.020704285212822502,
        1.0124423801384035,
        0.22647086625041576,
        0.048538140745667764,
        0.048538140745667764,
        0.0
      ],
      [
        0.37685051855719476,
        0.22647086625041576,
        5.122125565180613,
        0.8834704179248204,
        0.8834704179248204,
        0.0
      ],
      [
        0.08076810855477276,
        0.048538140745667764,
        0.8834704179248204,
        1.1893489091990017,
        0.18934890919900021,
        0.0
      ],
      [
        0.08076810855477276,
        0.048538140745667764,
        0.8834704179248204,
        0.18934890919900021,
        1.1893489091990017,
        0.0
      ],
      [
        0.0,
        0.0,
        0.0,
        0.0,
        0.0,
        1.0
      ]
    ],
    "breakout": [
      [
        1.0,
        0.0,
        0.0,
        0.0,
        0.0,
        0.0
      ],
      [
        0.0,
        1.0,
        0.0,
        0.0,
        0.0,
        0.0
      ],
      [
        0.0,
        0.0,
        1.0,
        0.0,
        0.0,
        0.0
      ],
      [
        0.0,
        0.0,
        0.0,
        1.0,
        0.0,
        0.0
      ],
      [
        0.0,
        0.0,
        0.0,
        0.0,
        1.0,
        0.0
      ],
      [
        0.0,
        0.0,
        0.0,
        0.0,
        0.0,
        1.0
      ]
    ],
    "reversion": [
      [
        1.3973211615321008,
        0.025890898817288184,
        0.6673159238619188,
        1.2483198086170124,
        1.2483198086170124,
        0.0
      ],
      [
        0.025890898817288184,
        1.002070359726786,
        0.052710381790661245,
        0.0866230576030179,
        0.0866230576030179,
        0.0
      ],
      [
        0.6673159238619188,
        0.052710381790661245,
        2.426041643365484,
        2.2349910467508325,
        2.2349910467508325,
        0.0
      ],
      [
        1.2483198086170124,
        0.0866230576030179,
        2.2349910467508325,
        5.012494838756709,
        4.012494838756723,
        0.0
      ],
      [
        1.2483198086170124,
        0.0866230576030179,
        2.2349910467508325,
        4.012494838756723,
        5.012494838756709,
        0.0
      ],
      [
        0.0,
        0.0,
        0.0,
        0.0,
        0.0,
        1.0
      ]
    ],
    "vwap": [
      [
        1.0,
        0.0,
        0.0,
        0.0,
        0.0,
        0.0
      ],
      [
        0.0,
        1.0,
        0.0,
        0.0,
        0.0,
        0.0
      ],
      [
        0.0,
        0.0,
        1.0,
        0.0,
        0.0,
        0.0
      ],
      [
        0.0,
        0.0,
        0.0,
        1.0,
        0.0,
        0.0
      ],
      [
        0.0,
        0.0,
        0.0,
        0.0,
        1.0,
        0.0
      ],
      [
        0.0,
        0.0,
        0.0,
        0.0,
        0.0,
        1.0
      ]
    ]
  },
  "b": {
    "trend": [
      [
        0.0823454262724171
      ],
      [
        0.04948604048913816
      ],
      [
        0.9007236824637873
      ],
      [
        0.19304669777719488
      ],
      [
        0.19304669777719488
      ],
      [
        0.0
      ]
    ],
    "breakout": [
      [
        0.0
      ],
      [
        0.0
      ],
      [
        0.0
      ],
      [
        0.0
      ],
      [
        0.0
      ],
      [
        0.0
      ]
    ],
    "reversion": [
      [
        -0.011357195037474377
      ],
      [
        -0.08222374859865882
      ],
      [
        -2.2646851506620274
      ],
      [
        -1.426153141603385
      ],
      [
        -1.426153141603385
      ],
      [
        0.0
      ]
    ],
    "vwap": [
      [
        0.0
      ],
      [
        0.0
      ],
      [
        0.0
      ],
      [
        0.0
      ],
      [
        0.0
      ],
      [
        0.0
      ]
    ]
  },
  "counts": {
    "trend": 1,
    "breakout": 0,
    "reversion": 8,
    "vwap": 0
  },
  "reward_sum": {
    "trend": 0.19304669777719488,
    "breakout": 0.0,
    "reversion": -1.426153141603385,
    "vwap": 0.0
  },
  "disabled_until": {
    "trend": 0.0,
    "breakout": 0.0,
    "reversion": 0.0,
    "vwap": 0.0
  },
  "_snapshot_time": "2025-09-22T09:12:00.590420"
}