{
  "arms": [
    "trend",
    "breakout",
    "reversion",
    "vwap"
  ],
  "d": 6,
  "alpha": 0.6,
  "alpha_base": 0.6,
  "alpha_boost_until": 0.0,
  "A": {
    "trend": [
      [
        1.0168235469406062,
        0.010110224243900802,
        0.1840219650125336,
        0.0394403226602941,
        0.0394403226602941,
        0.0
      ],
      [
        0.010110224243900802,
        1.0060758075941312,
        0.11058924367425817,
        0.02370192847888328,
        0.02370192847888328,
        0.0
      ],
      [
        0.1840219650125336,
        0.11058924367425817,
        3.012897977259397,
        0.43141233547830504,
        0.43141233547830504,
        0.0
      ],
      [
        0.0394403226602941,
        0.02370192847888328,
        0.43141233547830504,
        1.092462015117253,
        0.09246201511725258,
        0.0
      ],
      [
        0.0394403226602941,
        0.02370192847888328,
        0.43141233547830504,
        0.09246201511725258,
        1.092462015117253,
        0.0
      ],
      [
        0.0,
        0.0,
        0.0,
        0.0,
        0.0,
        1.0
      ]
    ],
    "breakout": [
      [
        1.0,
        0.0,
        0.0,
        0.0,
        0.0,
        0.0
      ],
      [
        0.0,
        1.0,
        0.0,
        0.0,
        0.0,
        0.0
      ],
      [
        0.0,
        0.0,
        1.0,
        0.0,
        0.0,
        0.0
      ],
      [
        0.0,
        0.0,
        0.0,
        1.0,
        0.0,
        0.0
      ],
      [
        0.0,
        0.0,
        0.0,
        0.0,
        1.0,
        0.0
      ],
      [
        0.0,
        0.0,
        0.0,
        0.0,
        0.0,
        1.0
      ]
    ],
    "reversion": [
      [
        1.1940180981205222,
        0.012642928274423874,
        0.3258607366745256,
        0.6095739632395067,
        0.6095739632395067,
        0.0
      ],
      [
        0.012642928274423874,
        1.0010109888309682,
        0.02573929862380222,
        0.042299385274912296,
        0.042299385274912296,
        0.0
      ],
      [
        0.3258607366745256,
        0.02573929862380222,
        1.6963582972010411,
        1.091380863115587,
        1.091380863115587,
        0.0
      ],
      [
        0.6095739632395067,
        0.042299385274912296,
        1.091380863115587,
        2.959363589726863,
        1.9593635897268795,
        0.0
      ],
      [
        0.6095739632395067,
        0.042299385274912296,
        1.091380863115587,
        1.9593635897268795,
        2.959363589726863,
        0.0
      ],
      [
        0.0,
        0.0,
        0.0,
        0.0,
        0.0,
        1.0
      ]
    ],
    "vwap": [
      [
        1.0,
        0.0,
        0.0,
        0.0,
        0.0,
        0.0
      ],
      [
        0.0,
        1.0,
        0.0,
        0.0,
        0.0,
        0.0
      ],
      [
        0.0,
        0.0,
        1.0,
        0.0,
        0.0,
        0.0
      ],
      [
        0.0,
        0.0,
        0.0,
        1.0,
        0.0,
        0.0
      ],
      [
        0.0,
        0.0,
        0.0,
        0.0,
        1.0,
        0.0
      ],
      [
        0.0,
        0.0,
        0.0,
        0.0,
        0.0,
        1.0
      ]
    ]
  },
  "b": {
    "trend": [
      [
        0.04021055141561408
      ],
      [
        0.024164802655350204
      ],
      [
        0.43983737269331924
      ],
      [
        0.09426770274895745
      ],
      [
        0.09426770274895745
      ],
      [
        0.0
      ]
    ],
    "breakout": [
      [
        0.0
      ],
      [
        0.0
      ],
      [
        0.0
      ],
      [
        0.0
      ],
      [
        0.0
      ],
      [
        0.0
      ]
    ],
    "reversion": [
      [
        -0.005545894844004136
      ],
      [
        -0.04015113431647121
      ],
      [
        -1.1058809555446611
      ],
      [
        -0.6964127435234555
      ],
      [
        -0.6964127435234555
      ],
      [
        0.0
      ]
    ],
    "vwap": [
      [
        0.0
      ],
      [
        0.0
      ],
      [
        0.0
      ],
      [
        0.0
      ],
      [
        0.0
      ],
      [
        0.0
      ]
    ]
  },
  "counts": {
    "trend": 1,
    "breakout": 0,
    "reversion": 8,
    "vwap": 0
  },
  "reward_sum": {
    "trend": 0.09426770274895745,
    "breakout": 0.0,
    "reversion": -0.6964127435234555,
    "vwap": 0.0
  },
  "disabled_until": {
    "trend": 0.0,
    "breakout": 0.0,
    "reversion": 0.0,
    "vwap": 0.0
  },
  "_snapshot_time": "2025-09-23T13:08:00.346660"
}