{
  "arms": [
    "trend",
    "breakout",
    "reversion",
    "vwap"
  ],
  "d": 6,
  "alpha": 0.6,
  "alpha_base": 0.6,
  "alpha_boost_until": 0.0,
  "A": {
    "trend": [
      [
        1.0071037464581312,
        0.004269044448062898,
        0.07770331588167394,
        0.016653685063841406,
        0.016653685063841406,
        0.0
      ],
      [
        0.004269044448062898,
        1.002565511115431,
        0.04669633287390995,
        0.010008144600966908,
        0.010008144600966908,
        0.0
      ],
      [
        0.07770331588167394,
        0.04669633287390995,
        1.8499466210672981,
        0.1821639551378458,
        0.1821639551378458,
        0.0
      ],
      [
        0.016653685063841406,
        0.010008144600966908,
        0.1821639551378458,
        1.0390421065616948,
        0.03904210656169572,
        0.0
      ],
      [
        0.016653685063841406,
        0.010008144600966908,
        0.1821639551378458,
        0.03904210656169572,
        1.0390421065616948,
        0.0
      ],
      [
        0.0,
        0.0,
        0.0,
        0.0,
        0.0,
        1.0
      ]
    ],
    "breakout": [
      [
        1.0,
        0.0,
        0.0,
        0.0,
        0.0,
        0.0
      ],
      [
        0.0,
        1.0,
        0.0,
        0.0,
        0.0,
        0.0
      ],
      [
        0.0,
        0.0,
        1.0,
        0.0,
        0.0,
        0.0
      ],
      [
        0.0,
        0.0,
        0.0,
        1.0,
        0.0,
        0.0
      ],
      [
        0.0,
        0.0,
        0.0,
        0.0,
        1.0,
        0.0
      ],
      [
        0.0,
        0.0,
        0.0,
        0.0,
        0.0,
        1.0
      ]
    ],
    "reversion": [
      [
        1.081924185322083,
        0.005338479291371522,
        0.1375947689371269,
        0.25739274230452436,
        0.25739274230452436,
        0.0
      ],
      [
        0.005338479291371522,
        1.0004268902599773,
        0.01086842460030147,
        0.017860924892271833,
        0.017860924892271833,
        0.0
      ],
      [
        0.1375947689371269,
        0.01086842460030147,
        1.2940374467284474,
        0.4608358135296969,
        0.4608358135296969,
        0.0
      ],
      [
        0.25739274230452436,
        0.017860924892271833,
        0.4608358135296969,
        1.8273417139591235,
        0.8273417139591382,
        0.0
      ],
      [
        0.25739274230452436,
        0.017860924892271833,
        0.4608358135296969,
        0.8273417139591382,
        1.8273417139591235,
        0.0
      ],
      [
        0.0,
        0.0,
        0.0,
        0.0,
        0.0,
        1.0
      ]
    ],
    "vwap": [
      [
        1.0,
        0.0,
        0.0,
        0.0,
        0.0,
        0.0
      ],
      [
        0.0,
        1.0,
        0.0,
        0.0,
        0.0,
        0.0
      ],
      [
        0.0,
        0.0,
        1.0,
        0.0,
        0.0,
        0.0
      ],
      [
        0.0,
        0.0,
        0.0,
        1.0,
        0.0,
        0.0
      ],
      [
        0.0,
        0.0,
        0.0,
        0.0,
        1.0,
        0.0
      ],
      [
        0.0,
        0.0,
        0.0,
        0.0,
        0.0,
        1.0
      ]
    ]
  },
  "b": {
    "trend": [
      [
        0.01697891432803114
      ],
      [
        0.010203593325498406
      ],
      [
        0.18572142898608177
      ],
      [
        0.0398045585680116
      ],
      [
        0.0398045585680116
      ],
      [
        0.0
      ]
    ],
    "breakout": [
      [
        0.0
      ],
      [
        0.0
      ],
      [
        0.0
      ],
      [
        0.0
      ],
      [
        0.0
      ],
      [
        0.0
      ]
    ],
    "reversion": [
      [
        -0.002341755338178512
      ],
      [
        -0.01695382544462986
      ],
      [
        -0.46695848080071034
      ],
      [
        -0.29406043670026344
      ],
      [
        -0.29406043670026344
      ],
      [
        0.0
      ]
    ],
    "vwap": [
      [
        0.0
      ],
      [
        0.0
      ],
      [
        0.0
      ],
      [
        0.0
      ],
      [
        0.0
      ],
      [
        0.0
      ]
    ]
  },
  "counts": {
    "trend": 1,
    "breakout": 0,
    "reversion": 8,
    "vwap": 0
  },
  "reward_sum": {
    "trend": 0.0398045585680116,
    "breakout": 0.0,
    "reversion": -0.29406043670026344,
    "vwap": 0.0
  },
  "disabled_until": {
    "trend": 0.0,
    "breakout": 0.0,
    "reversion": 0.0,
    "vwap": 0.0
  },
  "_snapshot_time": "2025-09-25T04:00:00.555925"
}