{
  "arms": [
    "trend",
    "breakout",
    "reversion",
    "vwap"
  ],
  "d": 6,
  "alpha": 0.6,
  "alpha_base": 0.6,
  "alpha_boost_until": 0.0,
  "A": {
    "trend": [
      [
        1.1488940831649517,
        0.08947890564945672,
        1.6286566595906706,
        0.34906020133367177,
        0.34906020133367177,
        0.0
      ],
      [
        0.08947890564945672,
        1.0537729531357845,
        0.9787522276316794,
        0.20977008728086283,
        0.20977008728086283,
        0.0
      ],
      [
        1.6286566595906706,
        0.9787522276316794,
        18.81482822182028,
        3.8181451500012624,
        3.8181451500012624,
        0.0
      ],
      [
        0.34906020133367177,
        0.20977008728086283,
        3.8181451500012624,
        1.818320121022674,
        0.8183201210226743,
        0.0
      ],
      [
        0.34906020133367177,
        0.20977008728086283,
        3.8181451500012624,
        0.8183201210226743,
        1.818320121022674,
        0.0
      ],
      [
        0.0,
        0.0,
        0.0,
        0.0,
        0.0,
        1.0
      ]
    ],
    "breakout": [
      [
        1.0,
        0.0,
        0.0,
        0.0,
        0.0,
        0.0
      ],
      [
        0.0,
        1.0,
        0.0,
        0.0,
        0.0,
        0.0
      ],
      [
        0.0,
        0.0,
        1.0,
        0.0,
        0.0,
        0.0
      ],
      [
        0.0,
        0.0,
        0.0,
        1.0,
        0.0,
        0.0
      ],
      [
        0.0,
        0.0,
        0.0,
        0.0,
        1.0,
        0.0
      ],
      [
        0.0,
        0.0,
        0.0,
        0.0,
        0.0,
        1.0
      ]
    ],
    "reversion": [
      [
        1.1211040368819951,
        0.012277521442746098,
        0.34606894665956844,
        0.4162975989790412,
        0.4162975989790412,
        0.0
      ],
      [
        0.012277521442746098,
        1.0013325174189414,
        0.03578825931976972,
        0.04178151695469802,
        0.04178151695469802,
        0.0
      ],
      [
        0.34606894665956844,
        0.03578825931976972,
        1.9945727330252399,
        1.1862314727976289,
        1.1862314727976289,
        0.0
      ],
      [
        0.4162975989790412,
        0.04178151695469802,
        1.1862314727976289,
        2.433066121781746,
        1.433066121781754,
        0.0
      ],
      [
        0.4162975989790412,
        0.04178151695469802,
        1.1862314727976289,
        1.433066121781754,
        2.433066121781746,
        0.0
      ],
      [
        0.0,
        0.0,
        0.0,
        0.0,
        0.0,
        1.0
      ]
    ],
    "vwap": [
      [
        1.0,
        0.0,
        0.0,
        0.0,
        0.0,
        0.0
      ],
      [
        0.0,
        1.0,
        0.0,
        0.0,
        0.0,
        0.0
      ],
      [
        0.0,
        0.0,
        1.0,
        0.0,
        0.0,
        0.0
      ],
      [
        0.0,
        0.0,
        0.0,
        1.0,
        0.0,
        0.0
      ],
      [
        0.0,
        0.0,
        0.0,
        0.0,
        1.0,
        0.0
      ],
      [
        0.0,
        0.0,
        0.0,
        0.0,
        0.0,
        1.0
      ]
    ]
  },
  "b": {
    "trend": [
      [
        0.35587698644774596
      ],
      [
        0.21386668036965018
      ],
      [
        3.8927095802126077
      ],
      [
        0.8343010675706374
      ],
      [
        0.8343010675706374
      ],
      [
        0.0
      ]
    ],
    "breakout": [
      [
        0.0
      ],
      [
        0.0
      ],
      [
        0.0
      ],
      [
        0.0
      ],
      [
        0.0
      ],
      [
        0.0
      ]
    ],
    "reversion": [
      [
        0.1659696272555009
      ],
      [
        0.018058305238075476
      ],
      [
        0.4841532782710422
      ],
      [
        0.5645925522080169
      ],
      [
        0.5645925522080169
      ],
      [
        0.0
      ]
    ],
    "vwap": [
      [
        0.0
      ],
      [
        0.0
      ],
      [
        0.0
      ],
      [
        0.0
      ],
      [
        0.0
      ],
      [
        0.0
      ]
    ]
  },
  "counts": {
    "trend": 1,
    "breakout": 0,
    "reversion": 2,
    "vwap": 0
  },
  "reward_sum": {
    "trend": 0.8343010675706374,
    "breakout": 0.0,
    "reversion": 0.5645925522080169,
    "vwap": 0.0
  },
  "disabled_until": {
    "trend": 0.0,
    "breakout": 0.0,
    "reversion": 0.0,
    "vwap": 0.0
  },
  "_snapshot_time": "2025-09-17T23:50:00.550547"
}