{
  "arms": [
    "trend",
    "breakout",
    "reversion",
    "vwap"
  ],
  "d": 6,
  "alpha": 0.6,
  "alpha_base": 0.6,
  "alpha_boost_until": 0.0,
  "A": {
    "trend": [
      [
        1.0284769902108208,
        0.01711343974247607,
        0.31149148956155764,
        0.06676010036848985,
        0.06676010036848985,
        0.0
      ],
      [
        0.01711343974247607,
        1.0102844372825626,
        0.18719291601540372,
        0.04011993354633514,
        0.04011993354633514,
        0.0
      ],
      [
        0.31149148956155764,
        0.18719291601540372,
        4.4072051628688715,
        0.7302458213845017,
        0.7302458213845017,
        0.0
      ],
      [
        0.06676010036848985,
        0.04011993354633514,
        0.7302458213845017,
        1.1565092015769687,
        0.15650920157696743,
        0.0
      ],
      [
        0.06676010036848985,
        0.04011993354633514,
        0.7302458213845017,
        0.15650920157696743,
        1.1565092015769687,
        0.0
      ],
      [
        0.0,
        0.0,
        0.0,
        0.0,
        0.0,
        1.0
      ]
    ],
    "breakout": [
      [
        1.0,
        0.0,
        0.0,
        0.0,
        0.0,
        0.0
      ],
      [
        0.0,
        1.0,
        0.0,
        0.0,
        0.0,
        0.0
      ],
      [
        0.0,
        0.0,
        1.0,
        0.0,
        0.0,
        0.0
      ],
      [
        0.0,
        0.0,
        0.0,
        1.0,
        0.0,
        0.0
      ],
      [
        0.0,
        0.0,
        0.0,
        0.0,
        1.0,
        0.0
      ],
      [
        0.0,
        0.0,
        0.0,
        0.0,
        0.0,
        1.0
      ]
    ],
    "reversion": [
      [
        1.3284118087824224,
        0.02140051357647441,
        0.5515800586601782,
        1.0318175973965054,
        1.0318175973965054,
        0.0
      ],
      [
        0.02140051357647441,
        1.0017112871111173,
        0.04356856241618672,
        0.0715995969607391,
        0.0715995969607391,
        0.0
      ],
      [
        0.5515800586601782,
        0.04356856241618672,
        2.1787162649248373,
        1.8473656158801388,
        1.8473656158801388,
        0.0
      ],
      [
        1.0318175973965054,
        0.0715995969607391,
        1.8473656158801388,
        4.31658822964495,
        3.316588229644965,
        0.0
      ],
      [
        1.0318175973965054,
        0.0715995969607391,
        1.8473656158801388,
        3.316588229644965,
        4.31658822964495,
        0.0
      ],
      [
        0.0,
        0.0,
        0.0,
        0.0,
        0.0,
        1.0
      ]
    ],
    "vwap": [
      [
        1.0,
        0.0,
        0.0,
        0.0,
        0.0,
        0.0
      ],
      [
        0.0,
        1.0,
        0.0,
        0.0,
        0.0,
        0.0
      ],
      [
        0.0,
        0.0,
        1.0,
        0.0,
        0.0,
        0.0
      ],
      [
        0.0,
        0.0,
        0.0,
        1.0,
        0.0,
        0.0
      ],
      [
        0.0,
        0.0,
        0.0,
        0.0,
        1.0,
        0.0
      ],
      [
        0.0,
        0.0,
        0.0,
        0.0,
        0.0,
        1.0
      ]
    ]
  },
  "b": {
    "trend": [
      [
        0.06806385615808502
      ],
      [
        0.04090343440014595
      ],
      [
        0.7445067678510693
      ],
      [
        0.15956566459237057
      ],
      [
        0.15956566459237057
      ],
      [
        0.0
      ]
    ],
    "breakout": [
      [
        0.0
      ],
      [
        0.0
      ],
      [
        0.0
      ],
      [
        0.0
      ],
      [
        0.0
      ],
      [
        0.0
      ]
    ],
    "reversion": [
      [
        -0.00938746114243999
      ],
      [
        -0.06796328163853686
      ],
      [
        -1.871909726085707
      ],
      [
        -1.17880842547789
      ],
      [
        -1.17880842547789
      ],
      [
        0.0
      ]
    ],
    "vwap": [
      [
        0.0
      ],
      [
        0.0
      ],
      [
        0.0
      ],
      [
        0.0
      ],
      [
        0.0
      ],
      [
        0.0
      ]
    ]
  },
  "counts": {
    "trend": 1,
    "breakout": 0,
    "reversion": 8,
    "vwap": 0
  },
  "reward_sum": {
    "trend": 0.15956566459237057,
    "breakout": 0.0,
    "reversion": -1.17880842547789,
    "vwap": 0.0
  },
  "disabled_until": {
    "trend": 0.0,
    "breakout": 0.0,
    "reversion": 0.0,
    "vwap": 0.0
  },
  "_snapshot_time": "2025-09-22T16:36:00.709080"
}