{
  "arms": [
    "trend",
    "breakout",
    "reversion",
    "vwap"
  ],
  "d": 6,
  "alpha": 0.6,
  "alpha_base": 0.6,
  "alpha_boost_until": 0.0,
  "A": {
    "trend": [
      [
        1.0055567186639154,
        0.0033393476388055504,
        0.060781373343294524,
        0.013026906740356036,
        0.013026906740356036,
        0.0
      ],
      [
        0.0033393476388055504,
        1.0020068035341079,
        0.036526977130473696,
        0.007828607654162089,
        0.007828607654162089,
        0.0
      ],
      [
        0.060781373343294524,
        0.036526977130473696,
        1.6648483698640613,
        0.1424929585216825,
        0.1424929585216825,
        0.0
      ],
      [
        0.013026906740356036,
        0.007828607654162089,
        0.1424929585216825,
        1.0305396600918373,
        0.030539660091838977,
        0.0
      ],
      [
        0.013026906740356036,
        0.007828607654162089,
        0.1424929585216825,
        0.030539660091838977,
        1.0305396600918373,
        0.0
      ],
      [
        0.0,
        0.0,
        0.0,
        0.0,
        0.0,
        1.0
      ]
    ],
    "breakout": [
      [
        1.0,
        0.0,
        0.0,
        0.0,
        0.0,
        0.0
      ],
      [
        0.0,
        1.0,
        0.0,
        0.0,
        0.0,
        0.0
      ],
      [
        0.0,
        0.0,
        1.0,
        0.0,
        0.0,
        0.0
      ],
      [
        0.0,
        0.0,
        0.0,
        1.0,
        0.0,
        0.0
      ],
      [
        0.0,
        0.0,
        0.0,
        0.0,
        1.0,
        0.0
      ],
      [
        0.0,
        0.0,
        0.0,
        0.0,
        0.0,
        1.0
      ]
    ],
    "reversion": [
      [
        1.1483635616871712,
        0.01378057333836831,
        0.5589894719569378,
        0.4767653484429676,
        0.4767653484429676,
        0.0
      ],
      [
        0.01378057333836831,
        1.0014284830680635,
        0.05993890532558601,
        0.04535912061011954,
        0.04535912061011954,
        0.0
      ],
      [
        0.5589894719569378,
        0.05993890532558601,
        3.6472338128683663,
        1.8355085539520792,
        1.8355085539520792,
        0.0
      ],
      [
        0.4767653484429676,
        0.04535912061011954,
        1.8355085539520792,
        2.5472537042160353,
        1.5472537042160486,
        0.0
      ],
      [
        0.4767653484429676,
        0.04535912061011954,
        1.8355085539520792,
        1.5472537042160486,
        2.5472537042160353,
        0.0
      ],
      [
        0.0,
        0.0,
        0.0,
        0.0,
        0.0,
        1.0
      ]
    ],
    "vwap": [
      [
        1.0,
        0.0,
        0.0,
        0.0,
        0.0,
        0.0
      ],
      [
        0.0,
        1.0,
        0.0,
        0.0,
        0.0,
        0.0
      ],
      [
        0.0,
        0.0,
        1.0,
        0.0,
        0.0,
        0.0
      ],
      [
        0.0,
        0.0,
        0.0,
        1.0,
        0.0,
        0.0
      ],
      [
        0.0,
        0.0,
        0.0,
        0.0,
        1.0,
        0.0
      ],
      [
        0.0,
        0.0,
        0.0,
        0.0,
        0.0,
        1.0
      ]
    ]
  },
  "b": {
    "trend": [
      [
        0.013281308770753076
      ],
      [
        0.00798149227382632
      ],
      [
        0.1452756987905523
      ],
      [
        0.03113606810257049
      ],
      [
        0.03113606810257049
      ],
      [
        0.0
      ]
    ],
    "breakout": [
      [
        0.0
      ],
      [
        0.0
      ],
      [
        0.0
      ],
      [
        0.0
      ],
      [
        0.0
      ],
      [
        0.0
      ]
    ],
    "reversion": [
      [
        -0.3135735100331029
      ],
      [
        -0.048788067119890505
      ],
      [
        -2.034781219248806
      ],
      [
        -1.2487852458620015
      ],
      [
        -1.2487852458620015
      ],
      [
        0.0
      ]
    ],
    "vwap": [
      [
        0.0
      ],
      [
        0.0
      ],
      [
        0.0
      ],
      [
        0.0
      ],
      [
        0.0
      ],
      [
        0.0
      ]
    ]
  },
  "counts": {
    "trend": 1,
    "breakout": 0,
    "reversion": 9,
    "vwap": 0
  },
  "reward_sum": {
    "trend": 0.03113606810257049,
    "breakout": 0.0,
    "reversion": -1.2487852458620015,
    "vwap": 0.0
  },
  "disabled_until": {
    "trend": 0.0,
    "breakout": 0.0,
    "reversion": 0.0,
    "vwap": 0.0
  },
  "_snapshot_time": "2025-09-25T12:13:00.873292"
}