{
  "arms": [
    "trend",
    "breakout",
    "reversion",
    "vwap"
  ],
  "d": 6,
  "alpha": 0.6,
  "alpha_base": 0.6,
  "alpha_boost_until": 0.0,
  "A": {
    "trend": [
      [
        1.1313573742234233,
        0.07894010188085655,
        1.4368338739042648,
        0.30794797562434933,
        0.30794797562434933,
        0.0
      ],
      [
        0.07894010188085655,
        1.047439587779527,
        0.8634750280479006,
        0.18506341736431403,
        0.18506341736431403,
        0.0
      ],
      [
        1.4368338739042648,
        0.8634750280479006,
        16.716602081945425,
        3.3684449418479003,
        3.3684449418479003,
        0.0
      ],
      [
        0.30794797562434933,
        0.18506341736431403,
        3.3684449418479003,
        1.7219385759785153,
        0.7219385759785162,
        0.0
      ],
      [
        0.30794797562434933,
        0.18506341736431403,
        3.3684449418479003,
        0.7219385759785162,
        1.7219385759785153,
        0.0
      ],
      [
        0.0,
        0.0,
        0.0,
        0.0,
        0.0,
        1.0
      ]
    ],
    "breakout": [
      [
        1.0,
        0.0,
        0.0,
        0.0,
        0.0,
        0.0
      ],
      [
        0.0,
        1.0,
        0.0,
        0.0,
        0.0,
        0.0
      ],
      [
        0.0,
        0.0,
        1.0,
        0.0,
        0.0,
        0.0
      ],
      [
        0.0,
        0.0,
        0.0,
        1.0,
        0.0,
        0.0
      ],
      [
        0.0,
        0.0,
        0.0,
        0.0,
        1.0,
        0.0
      ],
      [
        0.0,
        0.0,
        0.0,
        0.0,
        0.0,
        1.0
      ]
    ],
    "reversion": [
      [
        1.1068404328401136,
        0.010831477950028576,
        0.3053090301990402,
        0.36726616891029223,
        0.36726616891029223,
        0.0
      ],
      [
        0.010831477950028576,
        1.0011755738410715,
        0.03157312683180194,
        0.03686050003854314,
        0.03686050003854314,
        0.0
      ],
      [
        0.3053090301990402,
        0.03157312683180194,
        1.8774321981597808,
        1.0465174181250383,
        1.0465174181250383,
        0.0
      ],
      [
        0.36726616891029223,
        0.03686050003854314,
        1.0465174181250383,
        2.2642799421199857,
        1.2642799421199953,
        0.0
      ],
      [
        0.36726616891029223,
        0.03686050003854314,
        1.0465174181250383,
        1.2642799421199953,
        2.2642799421199857,
        0.0
      ],
      [
        0.0,
        0.0,
        0.0,
        0.0,
        0.0,
        1.0
      ]
    ],
    "vwap": [
      [
        1.0,
        0.0,
        0.0,
        0.0,
        0.0,
        0.0
      ],
      [
        0.0,
        1.0,
        0.0,
        0.0,
        0.0,
        0.0
      ],
      [
        0.0,
        0.0,
        1.0,
        0.0,
        0.0,
        0.0
      ],
      [
        0.0,
        0.0,
        0.0,
        1.0,
        0.0,
        0.0
      ],
      [
        0.0,
        0.0,
        0.0,
        0.0,
        1.0,
        0.0
      ],
      [
        0.0,
        0.0,
        0.0,
        0.0,
        0.0,
        1.0
      ]
    ]
  },
  "b": {
    "trend": [
      [
        0.31396188144381765
      ],
      [
        0.18867751471436642
      ],
      [
        3.4342271915842932
      ],
      [
        0.736037290524612
      ],
      [
        0.736037290524612
      ],
      [
        0.0
      ]
    ],
    "breakout": [
      [
        0.0
      ],
      [
        0.0
      ],
      [
        0.0
      ],
      [
        0.0
      ],
      [
        0.0
      ],
      [
        0.0
      ]
    ],
    "reversion": [
      [
        0.14642176487946998
      ],
      [
        0.015931402434378558
      ],
      [
        0.4271298227807376
      ],
      [
        0.4980949785760405
      ],
      [
        0.4980949785760405
      ],
      [
        0.0
      ]
    ],
    "vwap": [
      [
        0.0
      ],
      [
        0.0
      ],
      [
        0.0
      ],
      [
        0.0
      ],
      [
        0.0
      ],
      [
        0.0
      ]
    ]
  },
  "counts": {
    "trend": 1,
    "breakout": 0,
    "reversion": 2,
    "vwap": 0
  },
  "reward_sum": {
    "trend": 0.736037290524612,
    "breakout": 0.0,
    "reversion": 0.4980949785760405,
    "vwap": 0.0
  },
  "disabled_until": {
    "trend": 0.0,
    "breakout": 0.0,
    "reversion": 0.0,
    "vwap": 0.0
  },
  "_snapshot_time": "2025-09-18T04:01:00.956387"
}