{
  "arms": [
    "trend",
    "breakout",
    "reversion",
    "vwap"
  ],
  "d": 6,
  "alpha": 0.6,
  "alpha_base": 0.6,
  "alpha_boost_until": 0.0,
  "A": {
    "trend": [
      [
        1.0242567532173976,
        0.014577259796799602,
        0.2653290300582168,
        0.05686637764098542,
        0.05686637764098542,
        0.0
      ],
      [
        0.014577259796799602,
        1.00876030280223,
        0.1594512739659324,
        0.0341742340018106,
        0.0341742340018106,
        0.0
      ],
      [
        0.2653290300582168,
        0.1594512739659324,
        3.902263693771604,
        0.6220247486207011,
        0.6220247486207011,
        0.0
      ],
      [
        0.05686637764098542,
        0.0341742340018106,
        0.6220247486207011,
        1.1333148289478272,
        0.13331482894782642,
        0.0
      ],
      [
        0.05686637764098542,
        0.0341742340018106,
        0.6220247486207011,
        0.13331482894782642,
        1.1333148289478272,
        0.0
      ],
      [
        0.0,
        0.0,
        0.0,
        0.0,
        0.0,
        1.0
      ]
    ],
    "breakout": [
      [
        1.0,
        0.0,
        0.0,
        0.0,
        0.0,
        0.0
      ],
      [
        0.0,
        1.0,
        0.0,
        0.0,
        0.0,
        0.0
      ],
      [
        0.0,
        0.0,
        1.0,
        0.0,
        0.0,
        0.0
      ],
      [
        0.0,
        0.0,
        0.0,
        1.0,
        0.0,
        0.0
      ],
      [
        0.0,
        0.0,
        0.0,
        0.0,
        1.0,
        0.0
      ],
      [
        0.0,
        0.0,
        0.0,
        0.0,
        0.0,
        1.0
      ]
    ],
    "reversion": [
      [
        1.2797417894355818,
        0.018228997260843375,
        0.4698369196852081,
        0.8789041482307053,
        0.8789041482307053,
        0.0
      ],
      [
        0.018228997260843375,
        1.0014576775435593,
        0.03711178248622164,
        0.060988669837792935,
        0.060988669837792935,
        0.0
      ],
      [
        0.4698369196852081,
        0.03711178248622164,
        2.004032706404149,
        1.573589466968442,
        1.573589466968442,
        0.0
      ],
      [
        0.8789041482307053,
        0.060988669837792935,
        1.573589466968442,
        3.8250760215401893,
        2.825076021540204,
        0.0
      ],
      [
        0.8789041482307053,
        0.060988669837792935,
        1.573589466968442,
        2.825076021540204,
        3.8250760215401893,
        0.0
      ],
      [
        0.0,
        0.0,
        0.0,
        0.0,
        0.0,
        1.0
      ]
    ],
    "vwap": [
      [
        1.0,
        0.0,
        0.0,
        0.0,
        0.0,
        0.0
      ],
      [
        0.0,
        1.0,
        0.0,
        0.0,
        0.0,
        0.0
      ],
      [
        0.0,
        0.0,
        1.0,
        0.0,
        0.0,
        0.0
      ],
      [
        0.0,
        0.0,
        0.0,
        1.0,
        0.0,
        0.0
      ],
      [
        0.0,
        0.0,
        0.0,
        0.0,
        1.0,
        0.0
      ],
      [
        0.0,
        0.0,
        0.0,
        0.0,
        0.0,
        1.0
      ]
    ]
  },
  "b": {
    "trend": [
      [
        0.057976919247027324
      ],
      [
        0.03484162148608511
      ],
      [
        0.6341722493405846
      ],
      [
        0.1359183298281465
      ],
      [
        0.1359183298281465
      ],
      [
        0.0
      ]
    ],
    "breakout": [
      [
        0.0
      ],
      [
        0.0
      ],
      [
        0.0
      ],
      [
        0.0
      ],
      [
        0.0
      ],
      [
        0.0
      ]
    ],
    "reversion": [
      [
        -0.00799625685805638
      ],
      [
        -0.05789124968424781
      ],
      [
        -1.5944961856837805
      ],
      [
        -1.0041112089346236
      ],
      [
        -1.0041112089346236
      ],
      [
        0.0
      ]
    ],
    "vwap": [
      [
        0.0
      ],
      [
        0.0
      ],
      [
        0.0
      ],
      [
        0.0
      ],
      [
        0.0
      ],
      [
        0.0
      ]
    ]
  },
  "counts": {
    "trend": 1,
    "breakout": 0,
    "reversion": 8,
    "vwap": 0
  },
  "reward_sum": {
    "trend": 0.1359183298281465,
    "breakout": 0.0,
    "reversion": -1.0041112089346236,
    "vwap": 0.0
  },
  "disabled_until": {
    "trend": 0.0,
    "breakout": 0.0,
    "reversion": 0.0,
    "vwap": 0.0
  },
  "_snapshot_time": "2025-09-23T00:54:00.738713"
}