{
  "arms": [
    "trend",
    "breakout",
    "reversion",
    "vwap"
  ],
  "d": 6,
  "alpha": 0.6,
  "alpha_base": 0.6,
  "alpha_boost_until": 0.0,
  "A": {
    "trend": [
      [
        1.1765601521914326,
        0.10610501682520648,
        1.9312780036151678,
        0.4139192166767864,
        0.4139192166767864,
        0.0
      ],
      [
        0.10610501682520648,
        1.0637645270223302,
        1.1606145697334886,
        0.2487475509318114,
        0.2487475509318114,
        0.0
      ],
      [
        1.9312780036151678,
        1.1606145697334886,
        22.125008564807853,
        4.52759622440045,
        4.52759622440045,
        0.0
      ],
      [
        0.4139192166767864,
        0.2487475509318114,
        4.52759622440045,
        1.9703725093562658,
        0.9703725093562657,
        0.0
      ],
      [
        0.4139192166767864,
        0.2487475509318114,
        4.52759622440045,
        0.9703725093562657,
        1.9703725093562658,
        0.0
      ],
      [
        0.0,
        0.0,
        0.0,
        0.0,
        0.0,
        1.0
      ]
    ],
    "breakout": [
      [
        1.0,
        0.0,
        0.0,
        0.0,
        0.0,
        0.0
      ],
      [
        0.0,
        1.0,
        0.0,
        0.0,
        0.0,
        0.0
      ],
      [
        0.0,
        0.0,
        1.0,
        0.0,
        0.0,
        0.0
      ],
      [
        0.0,
        0.0,
        0.0,
        1.0,
        0.0,
        0.0
      ],
      [
        0.0,
        0.0,
        0.0,
        0.0,
        1.0,
        0.0
      ],
      [
        0.0,
        0.0,
        0.0,
        0.0,
        0.0,
        1.0
      ]
    ],
    "reversion": [
      [
        1.1436064263157708,
        0.014558812602803861,
        0.41037215577767794,
        0.4936500220175905,
        0.4936500220175905,
        0.0
      ],
      [
        0.014558812602803861,
        1.0015801130124515,
        0.04243809006946739,
        0.04954495729785223,
        0.04954495729785223,
        0.0
      ],
      [
        0.41037215577767794,
        0.04243809006946739,
        2.179374689549253,
        1.4066456162625867,
        1.4066456162625867,
        0.0
      ],
      [
        0.4936500220175905,
        0.04954495729785223,
        1.4066456162625867,
        2.6993447099026886,
        1.6993447099026922,
        0.0
      ],
      [
        0.4936500220175905,
        0.04954495729785223,
        1.4066456162625867,
        1.6993447099026922,
        2.6993447099026886,
        0.0
      ],
      [
        0.0,
        0.0,
        0.0,
        0.0,
        0.0,
        1.0
      ]
    ],
    "vwap": [
      [
        1.0,
        0.0,
        0.0,
        0.0,
        0.0,
        0.0
      ],
      [
        0.0,
        1.0,
        0.0,
        0.0,
        0.0,
        0.0
      ],
      [
        0.0,
        0.0,
        1.0,
        0.0,
        0.0,
        0.0
      ],
      [
        0.0,
        0.0,
        0.0,
        1.0,
        0.0,
        0.0
      ],
      [
        0.0,
        0.0,
        0.0,
        0.0,
        1.0,
        0.0
      ],
      [
        0.0,
        0.0,
        0.0,
        0.0,
        0.0,
        1.0
      ]
    ]
  },
  "b": {
    "trend": [
      [
        0.4220026313539422
      ],
      [
        0.2536053336176509
      ],
      [
        4.616015501153025
      ],
      [
        0.9893228819613722
      ],
      [
        0.9893228819613722
      ],
      [
        0.0
      ]
    ],
    "breakout": [
      [
        0.0
      ],
      [
        0.0
      ],
      [
        0.0
      ],
      [
        0.0
      ],
      [
        0.0
      ],
      [
        0.0
      ]
    ],
    "reversion": [
      [
        0.19680850994543983
      ],
      [
        0.021413726142641386
      ],
      [
        0.5741139921645844
      ],
      [
        0.66949971970049
      ],
      [
        0.66949971970049
      ],
      [
        0.0
      ]
    ],
    "vwap": [
      [
        0.0
      ],
      [
        0.0
      ],
      [
        0.0
      ],
      [
        0.0
      ],
      [
        0.0
      ],
      [
        0.0
      ]
    ]
  },
  "counts": {
    "trend": 1,
    "breakout": 0,
    "reversion": 2,
    "vwap": 0
  },
  "reward_sum": {
    "trend": 0.9893228819613722,
    "breakout": 0.0,
    "reversion": 0.66949971970049,
    "vwap": 0.0
  },
  "disabled_until": {
    "trend": 0.0,
    "breakout": 0.0,
    "reversion": 0.0,
    "vwap": 0.0
  },
  "_snapshot_time": "2025-09-17T15:30:00.643667"
}