{
  "arms": [
    "trend",
    "breakout",
    "reversion",
    "vwap"
  ],
  "d": 6,
  "alpha": 0.6,
  "alpha_base": 0.6,
  "alpha_boost_until": 0.0,
  "A": {
    "trend": [
      [
        1.0099889068179353,
        0.006002901067015295,
        0.1092622303401828,
        0.023417517680058907,
        0.023417517680058907,
        0.0
      ],
      [
        0.006002901067015295,
        1.0036074839696854,
        0.06566187582368446,
        0.01407291552826261,
        0.01407291552826261,
        0.0
      ],
      [
        0.1092622303401828,
        0.06566187582368446,
        2.195149298767802,
        0.2561491720155053,
        0.2561491720155053,
        0.0
      ],
      [
        0.023417517680058907,
        0.01407291552826261,
        0.2561491720155053,
        1.05489891379418,
        0.05489891379418004,
        0.0
      ],
      [
        0.023417517680058907,
        0.01407291552826261,
        0.2561491720155053,
        0.05489891379418004,
        1.05489891379418,
        0.0
      ],
      [
        0.0,
        0.0,
        0.0,
        0.0,
        0.0,
        1.0
      ]
    ],
    "breakout": [
      [
        1.0,
        0.0,
        0.0,
        0.0,
        0.0,
        0.0
      ],
      [
        0.0,
        1.0,
        0.0,
        0.0,
        0.0,
        0.0
      ],
      [
        0.0,
        0.0,
        1.0,
        0.0,
        0.0,
        0.0
      ],
      [
        0.0,
        0.0,
        0.0,
        1.0,
        0.0,
        0.0
      ],
      [
        0.0,
        0.0,
        0.0,
        0.0,
        1.0,
        0.0
      ],
      [
        0.0,
        0.0,
        0.0,
        0.0,
        0.0,
        1.0
      ]
    ],
    "reversion": [
      [
        1.1151973902983006,
        0.0075066829179898506,
        0.19347837562178336,
        0.3619318529519931,
        0.3619318529519931,
        0.0
      ],
      [
        0.0075066829179898506,
        1.000600270160756,
        0.01528259506867607,
        0.025115073501366124,
        0.025115073501366124,
        0.0
      ],
      [
        0.19347837562178336,
        0.01528259506867607,
        1.4134596685938843,
        0.6480025753799605,
        0.6480025753799605,
        0.0
      ],
      [
        0.3619318529519931,
        0.025115073501366124,
        0.6480025753799605,
        2.163363492213124,
        1.1633634922131417,
        0.0
      ],
      [
        0.3619318529519931,
        0.025115073501366124,
        0.6480025753799605,
        1.1633634922131417,
        2.163363492213124,
        0.0
      ],
      [
        0.0,
        0.0,
        0.0,
        0.0,
        0.0,
        1.0
      ]
    ],
    "vwap": [
      [
        1.0,
        0.0,
        0.0,
        0.0,
        0.0,
        0.0
      ],
      [
        0.0,
        1.0,
        0.0,
        0.0,
        0.0,
        0.0
      ],
      [
        0.0,
        0.0,
        1.0,
        0.0,
        0.0,
        0.0
      ],
      [
        0.0,
        0.0,
        0.0,
        1.0,
        0.0,
        0.0
      ],
      [
        0.0,
        0.0,
        0.0,
        0.0,
        1.0,
        0.0
      ],
      [
        0.0,
        0.0,
        0.0,
        0.0,
        0.0,
        1.0
      ]
    ]
  },
  "b": {
    "trend": [
      [
        0.023874837607452754
      ],
      [
        0.014347745029644185
      ],
      [
        0.26115150071441234
      ],
      [
        0.055971032863902696
      ],
      [
        0.055971032863902696
      ],
      [
        0.0
      ]
    ],
    "breakout": [
      [
        0.0
      ],
      [
        0.0
      ],
      [
        0.0
      ],
      [
        0.0
      ],
      [
        0.0
      ],
      [
        0.0
      ]
    ],
    "reversion": [
      [
        -0.003292850610777583
      ],
      [
        -0.023839558966817352
      ],
      [
        -0.6566119413262029
      ],
      [
        -0.41349199585775476
      ],
      [
        -0.41349199585775476
      ],
      [
        0.0
      ]
    ],
    "vwap": [
      [
        0.0
      ],
      [
        0.0
      ],
      [
        0.0
      ],
      [
        0.0
      ],
      [
        0.0
      ],
      [
        0.0
      ]
    ]
  },
  "counts": {
    "trend": 1,
    "breakout": 0,
    "reversion": 8,
    "vwap": 0
  },
  "reward_sum": {
    "trend": 0.055971032863902696,
    "breakout": 0.0,
    "reversion": -0.41349199585775476,
    "vwap": 0.0
  },
  "disabled_until": {
    "trend": 0.0,
    "breakout": 0.0,
    "reversion": 0.0,
    "vwap": 0.0
  },
  "_snapshot_time": "2025-09-24T10:02:00.642252"
}