{
  "arms": [
    "trend",
    "breakout",
    "reversion",
    "vwap"
  ],
  "d": 6,
  "alpha": 0.6,
  "alpha_base": 0.6,
  "alpha_boost_until": 0.0,
  "A": {
    "trend": [
      [
        1.00868088939235,
        0.0052168391542514805,
        0.0949546685770921,
        0.020351063888089282,
        0.020351063888089282,
        0.0
      ],
      [
        0.0052168391542514805,
        1.0031350947502364,
        0.05706364987769387,
        0.012230109395892023,
        0.012230109395892023,
        0.0
      ],
      [
        0.0949546685770921,
        0.05706364987769387,
        2.038648078217972,
        0.22260720524651292,
        0.22260720524651292,
        0.0
      ],
      [
        0.020351063888089282,
        0.012230109395892023,
        0.22260720524651292,
        1.0477100654850133,
        0.04771006548501318,
        0.0
      ],
      [
        0.020351063888089282,
        0.012230109395892023,
        0.22260720524651292,
        0.04771006548501318,
        1.0477100654850133,
        0.0
      ],
      [
        0.0,
        0.0,
        0.0,
        0.0,
        0.0,
        1.0
      ]
    ],
    "breakout": [
      [
        1.0,
        0.0,
        0.0,
        0.0,
        0.0,
        0.0
      ],
      [
        0.0,
        1.0,
        0.0,
        0.0,
        0.0,
        0.0
      ],
      [
        0.0,
        0.0,
        1.0,
        0.0,
        0.0,
        0.0
      ],
      [
        0.0,
        0.0,
        0.0,
        1.0,
        0.0,
        0.0
      ],
      [
        0.0,
        0.0,
        0.0,
        0.0,
        1.0,
        0.0
      ],
      [
        0.0,
        0.0,
        0.0,
        0.0,
        0.0,
        1.0
      ]
    ],
    "reversion": [
      [
        1.1001126371177348,
        0.006523705276487512,
        0.16814296190734182,
        0.31453796099117615,
        0.31453796099117615,
        0.0
      ],
      [
        0.006523705276487512,
        1.0005216665813412,
        0.013281385024138158,
        0.021826329859701624,
        0.021826329859701624,
        0.0
      ],
      [
        0.16814296190734182,
        0.013281385024138158,
        1.3593183635286659,
        0.563148579254998,
        0.563148579254998,
        0.0
      ],
      [
        0.31453796099117615,
        0.021826329859701624,
        0.563148579254998,
        2.0110245278158065,
        1.0110245278158256,
        0.0
      ],
      [
        0.31453796099117615,
        0.021826329859701624,
        0.563148579254998,
        1.0110245278158256,
        2.0110245278158065,
        0.0
      ],
      [
        0.0,
        0.0,
        0.0,
        0.0,
        0.0,
        1.0
      ]
    ],
    "vwap": [
      [
        1.0,
        0.0,
        0.0,
        0.0,
        0.0,
        0.0
      ],
      [
        0.0,
        1.0,
        0.0,
        0.0,
        0.0,
        0.0
      ],
      [
        0.0,
        0.0,
        1.0,
        0.0,
        0.0,
        0.0
      ],
      [
        0.0,
        0.0,
        0.0,
        1.0,
        0.0,
        0.0
      ],
      [
        0.0,
        0.0,
        0.0,
        0.0,
        1.0,
        0.0
      ],
      [
        0.0,
        0.0,
        0.0,
        0.0,
        0.0,
        1.0
      ]
    ]
  },
  "b": {
    "trend": [
      [
        0.020748499140913437
      ],
      [
        0.012468950797331894
      ],
      [
        0.22695449398700016
      ],
      [
        0.04864179377413683
      ],
      [
        0.04864179377413683
      ],
      [
        0.0
      ]
    ],
    "breakout": [
      [
        0.0
      ],
      [
        0.0
      ],
      [
        0.0
      ],
      [
        0.0
      ],
      [
        0.0
      ],
      [
        0.0
      ]
    ],
    "reversion": [
      [
        -0.0028616616871792967
      ],
      [
        -0.020717840132590475
      ],
      [
        -0.5706305745203251
      ],
      [
        -0.3593464576341701
      ],
      [
        -0.3593464576341701
      ],
      [
        0.0
      ]
    ],
    "vwap": [
      [
        0.0
      ],
      [
        0.0
      ],
      [
        0.0
      ],
      [
        0.0
      ],
      [
        0.0
      ],
      [
        0.0
      ]
    ]
  },
  "counts": {
    "trend": 1,
    "breakout": 0,
    "reversion": 8,
    "vwap": 0
  },
  "reward_sum": {
    "trend": 0.04864179377413683,
    "breakout": 0.0,
    "reversion": -0.3593464576341701,
    "vwap": 0.0
  },
  "disabled_until": {
    "trend": 0.0,
    "breakout": 0.0,
    "reversion": 0.0,
    "vwap": 0.0
  },
  "_snapshot_time": "2025-09-24T15:18:00.285768"
}