{
  "arms": [
    "trend",
    "breakout",
    "reversion",
    "vwap"
  ],
  "d": 6,
  "alpha": 0.6,
  "alpha_base": 0.6,
  "alpha_boost_until": 0.0,
  "A": {
    "trend": [
      [
        1.004456911001212,
        0.0026784107903304734,
        0.04875128432929972,
        0.010448570005870562,
        0.010448570005870562,
        0.0
      ],
      [
        0.0026784107903304734,
        1.0016096090677609,
        0.029297413826435095,
        0.006279138766657905,
        0.006279138766657905,
        0.0
      ],
      [
        0.04875128432929972,
        0.029297413826435095,
        1.5332589596495199,
        0.11429019045980514,
        0.11429019045980514,
        0.0
      ],
      [
        0.010448570005870562,
        0.006279138766657905,
        0.11429019045980514,
        1.0244951301782579,
        0.02449513017825978,
        0.0
      ],
      [
        0.010448570005870562,
        0.006279138766657905,
        0.11429019045980514,
        0.02449513017825978,
        1.0244951301782579,
        0.0
      ],
      [
        0.0,
        0.0,
        0.0,
        0.0,
        0.0,
        1.0
      ]
    ],
    "breakout": [
      [
        1.0,
        0.0,
        0.0,
        0.0,
        0.0,
        0.0
      ],
      [
        0.0,
        1.0,
        0.0,
        0.0,
        0.0,
        0.0
      ],
      [
        0.0,
        0.0,
        1.0,
        0.0,
        0.0,
        0.0
      ],
      [
        0.0,
        0.0,
        0.0,
        1.0,
        0.0,
        0.0
      ],
      [
        0.0,
        0.0,
        0.0,
        0.0,
        1.0,
        0.0
      ],
      [
        0.0,
        0.0,
        0.0,
        0.0,
        0.0,
        1.0
      ]
    ],
    "reversion": [
      [
        1.1189988607046972,
        0.011053067939829242,
        0.44835207211493844,
        0.3824020712566697,
        0.3824020712566697,
        0.0
      ],
      [
        0.011053067939829242,
        1.001145752068111,
        0.04807556090268878,
        0.03638146465203045,
        0.03638146465203045,
        0.0
      ],
      [
        0.44835207211493844,
        0.04807556090268878,
        3.1232828611550163,
        1.4722174653273368,
        1.4722174653273368,
        0.0
      ],
      [
        0.3824020712566697,
        0.03638146465203045,
        1.4722174653273368,
        2.241015151759803,
        1.2410151517598178,
        0.0
      ],
      [
        0.3824020712566697,
        0.03638146465203045,
        1.4722174653273368,
        1.2410151517598178,
        2.241015151759803,
        0.0
      ],
      [
        0.0,
        0.0,
        0.0,
        0.0,
        0.0,
        1.0
      ]
    ],
    "vwap": [
      [
        1.0,
        0.0,
        0.0,
        0.0,
        0.0,
        0.0
      ],
      [
        0.0,
        1.0,
        0.0,
        0.0,
        0.0,
        0.0
      ],
      [
        0.0,
        0.0,
        1.0,
        0.0,
        0.0,
        0.0
      ],
      [
        0.0,
        0.0,
        0.0,
        1.0,
        0.0,
        0.0
      ],
      [
        0.0,
        0.0,
        0.0,
        0.0,
        1.0,
        0.0
      ],
      [
        0.0,
        0.0,
        0.0,
        0.0,
        0.0,
        1.0
      ]
    ]
  },
  "b": {
    "trend": [
      [
        0.010652619783551443
      ],
      [
        0.006401763859722706
      ],
      [
        0.11652215980501951
      ],
      [
        0.024973494764450113
      ],
      [
        0.024973494764450113
      ],
      [
        0.0
      ]
    ],
    "breakout": [
      [
        0.0
      ],
      [
        0.0
      ],
      [
        0.0
      ],
      [
        0.0
      ],
      [
        0.0
      ],
      [
        0.0
      ]
    ],
    "reversion": [
      [
        -0.2515098048117204
      ],
      [
        -0.039131740551583576
      ],
      [
        -1.6320492991700608
      ],
      [
        -1.0016207472542933
      ],
      [
        -1.0016207472542933
      ],
      [
        0.0
      ]
    ],
    "vwap": [
      [
        0.0
      ],
      [
        0.0
      ],
      [
        0.0
      ],
      [
        0.0
      ],
      [
        0.0
      ],
      [
        0.0
      ]
    ]
  },
  "counts": {
    "trend": 1,
    "breakout": 0,
    "reversion": 9,
    "vwap": 0
  },
  "reward_sum": {
    "trend": 0.024973494764450113,
    "breakout": 0.0,
    "reversion": -1.0016207472542933,
    "vwap": 0.0
  },
  "disabled_until": {
    "trend": 0.0,
    "breakout": 0.0,
    "reversion": 0.0,
    "vwap": 0.0
  },
  "_snapshot_time": "2025-09-25T22:47:00.819012"
}