{
  "arms": [
    "trend",
    "breakout",
    "reversion",
    "vwap"
  ],
  "d": 6,
  "alpha": 0.6,
  "alpha_base": 0.6,
  "alpha_boost_until": 0.0,
  "A": {
    "trend": [
      [
        1.0047095571747438,
        0.0028302402159436635,
        0.051514818408666826,
        0.011040861669344183,
        0.011040861669344183,
        0.0
      ],
      [
        0.0028302402159436635,
        1.0017008519872945,
        0.03095817831009024,
        0.006635080445107292,
        0.006635080445107292,
        0.0
      ],
      [
        0.051514818408666826,
        0.03095817831009024,
        1.5634874824134544,
        0.12076888821348061,
        0.12076888821348061,
        0.0
      ],
      [
        0.011040861669344183,
        0.006635080445107292,
        0.12076888821348061,
        1.0258836705615004,
        0.025883670561501974,
        0.0
      ],
      [
        0.011040861669344183,
        0.006635080445107292,
        0.12076888821348061,
        0.025883670561501974,
        1.0258836705615004,
        0.0
      ],
      [
        0.0,
        0.0,
        0.0,
        0.0,
        0.0,
        1.0
      ]
    ],
    "breakout": [
      [
        1.0,
        0.0,
        0.0,
        0.0,
        0.0,
        0.0
      ],
      [
        0.0,
        1.0,
        0.0,
        0.0,
        0.0,
        0.0
      ],
      [
        0.0,
        0.0,
        1.0,
        0.0,
        0.0,
        0.0
      ],
      [
        0.0,
        0.0,
        0.0,
        1.0,
        0.0,
        0.0
      ],
      [
        0.0,
        0.0,
        0.0,
        0.0,
        1.0,
        0.0
      ],
      [
        0.0,
        0.0,
        0.0,
        0.0,
        0.0,
        1.0
      ]
    ],
    "reversion": [
      [
        1.1257444759533528,
        0.011679626406001183,
        0.4737675303513859,
        0.4040790623447435,
        0.4040790623447435,
        0.0
      ],
      [
        0.011679626406001183,
        1.0012107006111144,
        0.050800790663649585,
        0.038443798369108564,
        0.038443798369108564,
        0.0
      ],
      [
        0.4737675303513859,
        0.050800790663649585,
        3.2436440911751965,
        1.5556721515708813,
        1.5556721515708813,
        0.0
      ],
      [
        0.4040790623447435,
        0.038443798369108564,
        1.5556721515708813,
        2.311363814612118,
        1.3113638146121316,
        0.0
      ],
      [
        0.4040790623447435,
        0.038443798369108564,
        1.5556721515708813,
        1.3113638146121316,
        2.311363814612118,
        0.0
      ],
      [
        0.0,
        0.0,
        0.0,
        0.0,
        0.0,
        1.0
      ]
    ],
    "vwap": [
      [
        1.0,
        0.0,
        0.0,
        0.0,
        0.0,
        0.0
      ],
      [
        0.0,
        1.0,
        0.0,
        0.0,
        0.0,
        0.0
      ],
      [
        0.0,
        0.0,
        1.0,
        0.0,
        0.0,
        0.0
      ],
      [
        0.0,
        0.0,
        0.0,
        1.0,
        0.0,
        0.0
      ],
      [
        0.0,
        0.0,
        0.0,
        0.0,
        1.0,
        0.0
      ],
      [
        0.0,
        0.0,
        0.0,
        0.0,
        0.0,
        1.0
      ]
    ]
  },
  "b": {
    "trend": [
      [
        0.011256478291309603
      ],
      [
        0.0067646567114249085
      ],
      [
        0.12312737983260966
      ],
      [
        0.026389151906860524
      ],
      [
        0.026389151906860524
      ],
      [
        0.0
      ]
    ],
    "breakout": [
      [
        0.0
      ],
      [
        0.0
      ],
      [
        0.0
      ],
      [
        0.0
      ],
      [
        0.0
      ],
      [
        0.0
      ]
    ],
    "reversion": [
      [
        -0.265766986472767
      ],
      [
        -0.04134997746753412
      ],
      [
        -1.7245642743038134
      ],
      [
        -1.058399006693395
      ],
      [
        -1.058399006693395
      ],
      [
        0.0
      ]
    ],
    "vwap": [
      [
        0.0
      ],
      [
        0.0
      ],
      [
        0.0
      ],
      [
        0.0
      ],
      [
        0.0
      ],
      [
        0.0
      ]
    ]
  },
  "counts": {
    "trend": 1,
    "breakout": 0,
    "reversion": 9,
    "vwap": 0
  },
  "reward_sum": {
    "trend": 0.026389151906860524,
    "breakout": 0.0,
    "reversion": -1.058399006693395,
    "vwap": 0.0
  },
  "disabled_until": {
    "trend": 0.0,
    "breakout": 0.0,
    "reversion": 0.0,
    "vwap": 0.0
  },
  "_snapshot_time": "2025-09-25T19:41:00.183307"
}