{
  "arms": [
    "trend",
    "breakout",
    "reversion",
    "vwap"
  ],
  "d": 6,
  "alpha": 0.6,
  "alpha_base": 0.6,
  "alpha_boost_until": 0.0,
  "A": {
    "trend": [
      [
        1.0358618237377066,
        0.021551405364367802,
        0.3922694361922932,
        0.08407275257680222,
        0.08407275257680222,
        0.0
      ],
      [
        0.021551405364367802,
        1.0129514627191396,
        0.23573696901931665,
        0.05052408890671476,
        0.05052408890671476,
        0.0
      ],
      [
        0.3922694361922932,
        0.23573696901931665,
        5.290783193182278,
        0.9196177945005046,
        0.9196177945005046,
        0.0
      ],
      [
        0.08407275257680222,
        0.05052408890671476,
        0.9196177945005046,
        1.1970961593458576,
        0.19709615934585656,
        0.0
      ],
      [
        0.08407275257680222,
        0.05052408890671476,
        0.9196177945005046,
        0.19709615934585656,
        1.1970961593458576,
        0.0
      ],
      [
        0.0,
        0.0,
        0.0,
        0.0,
        0.0,
        1.0
      ]
    ],
    "breakout": [
      [
        1.0,
        0.0,
        0.0,
        0.0,
        0.0,
        0.0
      ],
      [
        0.0,
        1.0,
        0.0,
        0.0,
        0.0,
        0.0
      ],
      [
        0.0,
        0.0,
        1.0,
        0.0,
        0.0,
        0.0
      ],
      [
        0.0,
        0.0,
        0.0,
        1.0,
        0.0,
        0.0
      ],
      [
        0.0,
        0.0,
        0.0,
        0.0,
        1.0,
        0.0
      ],
      [
        0.0,
        0.0,
        0.0,
        0.0,
        0.0,
        1.0
      ]
    ],
    "reversion": [
      [
        1.4135776397978068,
        0.026950230347176595,
        0.6946192941903184,
        1.299395074175938,
        1.299395074175938,
        0.0
      ],
      [
        0.026950230347176595,
        1.0021550689271992,
        0.054867038065028156,
        0.09016725808758912,
        0.09016725808758912,
        0.0
      ],
      [
        0.6946192941903184,
        0.054867038065028156,
        2.484388434892947,
        2.3264361719876803,
        2.3264361719876803,
        0.0
      ],
      [
        1.299395074175938,
        0.09016725808758912,
        2.3264361719876803,
        5.176666902701097,
        4.176666902701111,
        0.0
      ],
      [
        1.299395074175938,
        0.09016725808758912,
        2.3264361719876803,
        4.176666902701111,
        5.176666902701097,
        0.0
      ],
      [
        0.0,
        0.0,
        0.0,
        0.0,
        0.0,
        1.0
      ]
    ],
    "vwap": [
      [
        1.0,
        0.0,
        0.0,
        0.0,
        0.0,
        0.0
      ],
      [
        0.0,
        1.0,
        0.0,
        0.0,
        0.0,
        0.0
      ],
      [
        0.0,
        0.0,
        1.0,
        0.0,
        0.0,
        0.0
      ],
      [
        0.0,
        0.0,
        0.0,
        1.0,
        0.0,
        0.0
      ],
      [
        0.0,
        0.0,
        0.0,
        0.0,
        1.0,
        0.0
      ],
      [
        0.0,
        0.0,
        0.0,
        0.0,
        0.0,
        1.0
      ]
    ]
  },
  "b": {
    "trend": [
      [
        0.08571460657813232
      ],
      [
        0.05151077216606528
      ],
      [
        0.9375769799597382
      ],
      [
        0.20094524371564915
      ],
      [
        0.20094524371564915
      ],
      [
        0.0
      ]
    ],
    "breakout": [
      [
        0.0
      ],
      [
        0.0
      ],
      [
        0.0
      ],
      [
        0.0
      ],
      [
        0.0
      ],
      [
        0.0
      ]
    ],
    "reversion": [
      [
        -0.011821877043270763
      ],
      [
        -0.08558795043695175
      ],
      [
        -2.3573452163591075
      ],
      [
        -1.4845044951045268
      ],
      [
        -1.4845044951045268
      ],
      [
        0.0
      ]
    ],
    "vwap": [
      [
        0.0
      ],
      [
        0.0
      ],
      [
        0.0
      ],
      [
        0.0
      ],
      [
        0.0
      ],
      [
        0.0
      ]
    ]
  },
  "counts": {
    "trend": 1,
    "breakout": 0,
    "reversion": 8,
    "vwap": 0
  },
  "reward_sum": {
    "trend": 0.20094524371564915,
    "breakout": 0.0,
    "reversion": -1.4845044951045268,
    "vwap": 0.0
  },
  "disabled_until": {
    "trend": 0.0,
    "breakout": 0.0,
    "reversion": 0.0,
    "vwap": 0.0
  },
  "_snapshot_time": "2025-09-22T07:52:00.322761"
}