{
  "arms": [
    "trend",
    "breakout",
    "reversion",
    "vwap"
  ],
  "d": 6,
  "alpha": 0.6,
  "alpha_base": 0.6,
  "alpha_boost_until": 0.0,
  "A": {
    "trend": [
      [
        1.009172977631768,
        0.005512562907742135,
        0.10033730549051785,
        0.021504692133577603,
        0.021504692133577603,
        0.0
      ],
      [
        0.005512562907742135,
        1.0033128119386867,
        0.060298381911928774,
        0.012923390087363424,
        0.012923390087363424,
        0.0
      ],
      [
        0.10033730549051785,
        0.060298381911928774,
        2.0975252832006417,
        0.23522600301717356,
        0.23522600301717356,
        0.0
      ],
      [
        0.021504692133577603,
        0.012923390087363424,
        0.23522600301717356,
        1.0504145766319621,
        0.05041457663196215,
        0.0
      ],
      [
        0.021504692133577603,
        0.012923390087363424,
        0.23522600301717356,
        0.05041457663196215,
        1.0504145766319621,
        0.0
      ],
      [
        0.0,
        0.0,
        0.0,
        0.0,
        0.0,
        1.0
      ]
    ],
    "breakout": [
      [
        1.0,
        0.0,
        0.0,
        0.0,
        0.0,
        0.0
      ],
      [
        0.0,
        1.0,
        0.0,
        0.0,
        0.0,
        0.0
      ],
      [
        0.0,
        0.0,
        1.0,
        0.0,
        0.0,
        0.0
      ],
      [
        0.0,
        0.0,
        0.0,
        1.0,
        0.0,
        0.0
      ],
      [
        0.0,
        0.0,
        0.0,
        0.0,
        1.0,
        0.0
      ],
      [
        0.0,
        0.0,
        0.0,
        0.0,
        0.0,
        1.0
      ]
    ],
    "reversion": [
      [
        1.1057876606223749,
        0.0068935105463044785,
        0.17767437860393534,
        0.33236798098782555,
        0.33236798098782555,
        0.0
      ],
      [
        0.0068935105463044785,
        1.0005512379740837,
        0.014034258730756442,
        0.02306358560023484,
        0.02306358560023484,
        0.0
      ],
      [
        0.17767437860393534,
        0.014034258730756442,
        1.3796868226701018,
        0.5950714365074585,
        0.5950714365074585,
        0.0
      ],
      [
        0.33236798098782555,
        0.02306358560023484,
        0.5950714365074585,
        2.068335853581554,
        1.0683358535815732,
        0.0
      ],
      [
        0.33236798098782555,
        0.02306358560023484,
        0.5950714365074585,
        1.0683358535815732,
        2.068335853581554,
        0.0
      ],
      [
        0.0,
        0.0,
        0.0,
        0.0,
        0.0,
        1.0
      ]
    ],
    "vwap": [
      [
        1.0,
        0.0,
        0.0,
        0.0,
        0.0,
        0.0
      ],
      [
        0.0,
        1.0,
        0.0,
        0.0,
        0.0,
        0.0
      ],
      [
        0.0,
        0.0,
        1.0,
        0.0,
        0.0,
        0.0
      ],
      [
        0.0,
        0.0,
        0.0,
        1.0,
        0.0,
        0.0
      ],
      [
        0.0,
        0.0,
        0.0,
        0.0,
        1.0,
        0.0
      ],
      [
        0.0,
        0.0,
        0.0,
        0.0,
        0.0,
        1.0
      ]
    ]
  },
  "b": {
    "trend": [
      [
        0.021924656554209984
      ],
      [
        0.013175770544471742
      ],
      [
        0.23981972384150158
      ],
      [
        0.051399121229725224
      ],
      [
        0.051399121229725224
      ],
      [
        0.0
      ]
    ],
    "breakout": [
      [
        0.0
      ],
      [
        0.0
      ],
      [
        0.0
      ],
      [
        0.0
      ],
      [
        0.0
      ],
      [
        0.0
      ]
    ],
    "reversion": [
      [
        -0.003023878943707783
      ],
      [
        -0.02189225959753334
      ],
      [
        -0.6029775590379821
      ],
      [
        -0.3797165093288911
      ],
      [
        -0.3797165093288911
      ],
      [
        0.0
      ]
    ],
    "vwap": [
      [
        0.0
      ],
      [
        0.0
      ],
      [
        0.0
      ],
      [
        0.0
      ],
      [
        0.0
      ],
      [
        0.0
      ]
    ]
  },
  "counts": {
    "trend": 1,
    "breakout": 0,
    "reversion": 8,
    "vwap": 0
  },
  "reward_sum": {
    "trend": 0.051399121229725224,
    "breakout": 0.0,
    "reversion": -0.3797165093288911,
    "vwap": 0.0
  },
  "disabled_until": {
    "trend": 0.0,
    "breakout": 0.0,
    "reversion": 0.0,
    "vwap": 0.0
  },
  "_snapshot_time": "2025-09-24T12:58:00.533937"
}