{
  "arms": [
    "trend",
    "breakout",
    "reversion",
    "vwap"
  ],
  "d": 6,
  "alpha": 0.6,
  "alpha_base": 0.6,
  "alpha_boost_until": 0.0,
  "A": {
    "trend": [
      [
        1.0654429219987454,
        0.039328366302261115,
        0.7158380539423576,
        0.15342127130356795,
        0.15342127130356795,
        0.0
      ],
      [
        0.039328366302261115,
        1.023634647548814,
        0.4301877168486188,
        0.0921995499605124,
        0.0921995499605124,
        0.0
      ],
      [
        0.7158380539423576,
        0.4301877168486188,
        8.830092297556682,
        1.6781766603485844,
        1.6781766603485844,
        0.0
      ],
      [
        0.15342127130356795,
        0.0921995499605124,
        1.6781766603485844,
        1.3596735257153396,
        0.3596735257153405,
        0.0
      ],
      [
        0.15342127130356795,
        0.0921995499605124,
        1.6781766603485844,
        0.3596735257153405,
        1.3596735257153396,
        0.0
      ],
      [
        0.0,
        0.0,
        0.0,
        0.0,
        0.0,
        1.0
      ]
    ],
    "breakout": [
      [
        1.0,
        0.0,
        0.0,
        0.0,
        0.0,
        0.0
      ],
      [
        0.0,
        1.0,
        0.0,
        0.0,
        0.0,
        0.0
      ],
      [
        0.0,
        0.0,
        1.0,
        0.0,
        0.0,
        0.0
      ],
      [
        0.0,
        0.0,
        0.0,
        1.0,
        0.0,
        0.0
      ],
      [
        0.0,
        0.0,
        0.0,
        0.0,
        1.0,
        0.0
      ],
      [
        0.0,
        0.0,
        0.0,
        0.0,
        0.0,
        1.0
      ]
    ],
    "reversion": [
      [
        1.176044084084543,
        0.012194994631166719,
        0.3207337425023411,
        0.5290602908107187,
        0.5290602908107187,
        0.0
      ],
      [
        0.012194994631166719,
        1.0009620319298658,
        0.025064579620456932,
        0.03752237208964284,
        0.03752237208964284,
        0.0
      ],
      [
        0.3207337425023411,
        0.025064579620456932,
        1.6686682590717923,
        0.9965607946153605,
        0.9965607946153605,
        0.0
      ],
      [
        0.5290602908107187,
        0.03752237208964284,
        0.9965607946153605,
        2.605119547402595,
        1.605119547402603,
        0.0
      ],
      [
        0.5290602908107187,
        0.03752237208964284,
        0.9965607946153605,
        1.605119547402603,
        2.605119547402595,
        0.0
      ],
      [
        0.0,
        0.0,
        0.0,
        0.0,
        0.0,
        1.0
      ]
    ],
    "vwap": [
      [
        1.0,
        0.0,
        0.0,
        0.0,
        0.0,
        0.0
      ],
      [
        0.0,
        1.0,
        0.0,
        0.0,
        0.0,
        0.0
      ],
      [
        0.0,
        0.0,
        1.0,
        0.0,
        0.0,
        0.0
      ],
      [
        0.0,
        0.0,
        0.0,
        1.0,
        0.0,
        0.0
      ],
      [
        0.0,
        0.0,
        0.0,
        0.0,
        1.0,
        0.0
      ],
      [
        0.0,
        0.0,
        0.0,
        0.0,
        0.0,
        1.0
      ]
    ]
  },
  "b": {
    "trend": [
      [
        0.15641743023090657
      ],
      [
        0.09400011191886178
      ],
      [
        1.7109497167822378
      ],
      [
        0.36669757808984554
      ],
      [
        0.36669757808984554
      ],
      [
        0.0
      ]
    ],
    "breakout": [
      [
        0.0
      ],
      [
        0.0
      ],
      [
        0.0
      ],
      [
        0.0
      ],
      [
        0.0
      ],
      [
        0.0
      ]
    ],
    "reversion": [
      [
        -0.15101164825391503
      ],
      [
        -0.004460616427328531
      ],
      [
        -0.09470088291622455
      ],
      [
        -0.3829503375622319
      ],
      [
        -0.3829503375622319
      ],
      [
        0.0
      ]
    ],
    "vwap": [
      [
        0.0
      ],
      [
        0.0
      ],
      [
        0.0
      ],
      [
        0.0
      ],
      [
        0.0
      ],
      [
        0.0
      ]
    ]
  },
  "counts": {
    "trend": 1,
    "breakout": 0,
    "reversion": 3,
    "vwap": 0
  },
  "reward_sum": {
    "trend": 0.36669757808984554,
    "breakout": 0.0,
    "reversion": -0.3829503375622319,
    "vwap": 0.0
  },
  "disabled_until": {
    "trend": 0.0,
    "breakout": 0.0,
    "reversion": 0.0,
    "vwap": 0.0
  },
  "_snapshot_time": "2025-09-19T05:16:00.967044"
}