{
  "arms": [
    "trend",
    "breakout",
    "reversion",
    "vwap"
  ],
  "d": 6,
  "alpha": 0.6,
  "alpha_base": 0.6,
  "alpha_boost_until": 0.0,
  "A": {
    "trend": [
      [
        1.0943577959126802,
        0.05670495521576723,
        1.0321192718399184,
        0.221207925382721,
        0.221207925382721,
        0.0
      ],
      [
        0.05670495521576723,
        1.0340772261043267,
        0.6202590524812008,
        0.13293639789772213,
        0.13293639789772213,
        0.0
      ],
      [
        1.0321192718399184,
        0.6202590524812008,
        12.289689219629384,
        2.419651292856809,
        2.419651292856809,
        0.0
      ],
      [
        0.221207925382721,
        0.13293639789772213,
        2.419651292856809,
        1.5185893309484575,
        0.5185893309484582,
        0.0
      ],
      [
        0.221207925382721,
        0.13293639789772213,
        2.419651292856809,
        0.5185893309484582,
        1.5185893309484575,
        0.0
      ],
      [
        0.0,
        0.0,
        0.0,
        0.0,
        0.0,
        1.0
      ]
    ],
    "breakout": [
      [
        1.0,
        0.0,
        0.0,
        0.0,
        0.0,
        0.0
      ],
      [
        0.0,
        1.0,
        0.0,
        0.0,
        0.0,
        0.0
      ],
      [
        0.0,
        0.0,
        1.0,
        0.0,
        0.0,
        0.0
      ],
      [
        0.0,
        0.0,
        0.0,
        1.0,
        0.0,
        0.0
      ],
      [
        0.0,
        0.0,
        0.0,
        0.0,
        1.0,
        0.0
      ],
      [
        0.0,
        0.0,
        0.0,
        0.0,
        0.0,
        1.0
      ]
    ],
    "reversion": [
      [
        1.0767465687918136,
        0.007780563458151399,
        0.21931229466280047,
        0.2638178969132407,
        0.2638178969132407,
        0.0
      ],
      [
        0.007780563458151399,
        1.0008444486442567,
        0.022679888933019473,
        0.02647796182314346,
        0.02647796182314346,
        0.0
      ],
      [
        0.21931229466280047,
        0.022679888933019473,
        1.630284890898885,
        0.7517436881050139,
        0.7517436881050139,
        0.0
      ],
      [
        0.2638178969132407,
        0.02647796182314346,
        0.7517436881050139,
        1.9081687987470386,
        0.908168798747049,
        0.0
      ],
      [
        0.2638178969132407,
        0.02647796182314346,
        0.7517436881050139,
        0.908168798747049,
        1.9081687987470386,
        0.0
      ],
      [
        0.0,
        0.0,
        0.0,
        0.0,
        0.0,
        1.0
      ]
    ],
    "vwap": [
      [
        1.0,
        0.0,
        0.0,
        0.0,
        0.0,
        0.0
      ],
      [
        0.0,
        1.0,
        0.0,
        0.0,
        0.0,
        0.0
      ],
      [
        0.0,
        0.0,
        1.0,
        0.0,
        0.0,
        0.0
      ],
      [
        0.0,
        0.0,
        0.0,
        1.0,
        0.0,
        0.0
      ],
      [
        0.0,
        0.0,
        0.0,
        0.0,
        1.0,
        0.0
      ],
      [
        0.0,
        0.0,
        0.0,
        0.0,
        0.0,
        1.0
      ]
    ]
  },
  "b": {
    "trend": [
      [
        0.22552788763307996
      ],
      [
        0.135532508410595
      ],
      [
        2.466904582837667
      ],
      [
        0.528716844821482
      ],
      [
        0.528716844821482
      ],
      [
        0.0
      ]
    ],
    "breakout": [
      [
        0.0
      ],
      [
        0.0
      ],
      [
        0.0
      ],
      [
        0.0
      ],
      [
        0.0
      ],
      [
        0.0
      ]
    ],
    "reversion": [
      [
        0.105178982827199
      ],
      [
        0.011443986516881848
      ],
      [
        0.3068196885362001
      ],
      [
        0.35779600963756014
      ],
      [
        0.35779600963756014
      ],
      [
        0.0
      ]
    ],
    "vwap": [
      [
        0.0
      ],
      [
        0.0
      ],
      [
        0.0
      ],
      [
        0.0
      ],
      [
        0.0
      ],
      [
        0.0
      ]
    ]
  },
  "counts": {
    "trend": 1,
    "breakout": 0,
    "reversion": 2,
    "vwap": 0
  },
  "reward_sum": {
    "trend": 0.528716844821482,
    "breakout": 0.0,
    "reversion": 0.35779600963756014,
    "vwap": 0.0
  },
  "disabled_until": {
    "trend": 0.0,
    "breakout": 0.0,
    "reversion": 0.0,
    "vwap": 0.0
  },
  "_snapshot_time": "2025-09-18T16:32:00.492570"
}