{
  "arms": [
    "trend",
    "breakout",
    "reversion",
    "vwap"
  ],
  "d": 6,
  "alpha": 0.6,
  "alpha_base": 0.6,
  "alpha_boost_until": 0.0,
  "A": {
    "trend": [
      [
        1.0592003530998584,
        0.0355768523291045,
        0.6475546057756438,
        0.13878648991826306,
        0.13878648991826306,
        0.0
      ],
      [
        0.0355768523291045,
        1.0213801498702533,
        0.3891523171466702,
        0.08340467917088272,
        0.08340467917088272,
        0.0
      ],
      [
        0.6475546057756438,
        0.3891523171466702,
        8.083183553887354,
        1.5180961947035867,
        1.5180961947035867,
        0.0
      ],
      [
        0.13878648991826306,
        0.08340467917088272,
        1.5180961947035867,
        1.3253644408394183,
        0.3253644408394192,
        0.0
      ],
      [
        0.13878648991826306,
        0.08340467917088272,
        1.5180961947035867,
        0.3253644408394192,
        1.3253644408394183,
        0.0
      ],
      [
        0.0,
        0.0,
        0.0,
        0.0,
        0.0,
        1.0
      ]
    ],
    "breakout": [
      [
        1.0,
        0.0,
        0.0,
        0.0,
        0.0,
        0.0
      ],
      [
        0.0,
        1.0,
        0.0,
        0.0,
        0.0,
        0.0
      ],
      [
        0.0,
        0.0,
        1.0,
        0.0,
        0.0,
        0.0
      ],
      [
        0.0,
        0.0,
        0.0,
        1.0,
        0.0,
        0.0
      ],
      [
        0.0,
        0.0,
        0.0,
        0.0,
        1.0,
        0.0
      ],
      [
        0.0,
        0.0,
        0.0,
        0.0,
        0.0,
        1.0
      ]
    ],
    "reversion": [
      [
        1.3752614461160788,
        0.02165598417037814,
        0.4890456408410508,
        1.1303616584654288,
        1.1303616584654288,
        0.0
      ],
      [
        0.02165598417037814,
        1.0013928169253297,
        0.03245198035683918,
        0.06599440019950117,
        0.06599440019950117,
        0.0
      ],
      [
        0.4890456408410508,
        0.03245198035683918,
        1.790904951520976,
        1.504900814035016,
        1.504900814035016,
        0.0
      ],
      [
        1.1303616584654288,
        0.06599440019950117,
        1.504900814035016,
        4.422256717795912,
        3.4222567177959204,
        0.0
      ],
      [
        1.1303616584654288,
        0.06599440019950117,
        1.504900814035016,
        3.4222567177959204,
        4.422256717795912,
        0.0
      ],
      [
        0.0,
        0.0,
        0.0,
        0.0,
        0.0,
        1.0
      ]
    ],
    "vwap": [
      [
        1.0,
        0.0,
        0.0,
        0.0,
        0.0,
        0.0
      ],
      [
        0.0,
        1.0,
        0.0,
        0.0,
        0.0,
        0.0
      ],
      [
        0.0,
        0.0,
        1.0,
        0.0,
        0.0,
        0.0
      ],
      [
        0.0,
        0.0,
        0.0,
        1.0,
        0.0,
        0.0
      ],
      [
        0.0,
        0.0,
        0.0,
        0.0,
        1.0,
        0.0
      ],
      [
        0.0,
        0.0,
        0.0,
        0.0,
        0.0,
        1.0
      ]
    ]
  },
  "b": {
    "trend": [
      [
        0.14149684668450194
      ],
      [
        0.08503348638878934
      ],
      [
        1.547743045024101
      ],
      [
        0.3317184722313943
      ],
      [
        0.3317184722313943
      ],
      [
        0.0
      ]
    ],
    "breakout": [
      [
        0.0
      ],
      [
        0.0
      ],
      [
        0.0
      ],
      [
        0.0
      ],
      [
        0.0
      ],
      [
        0.0
      ]
    ],
    "reversion": [
      [
        1.0616747847684807
      ],
      [
        0.05531164316146935
      ],
      [
        0.7698714583723828
      ],
      [
        2.988697447304353
      ],
      [
        2.988697447304353
      ],
      [
        0.0
      ]
    ],
    "vwap": [
      [
        0.0
      ],
      [
        0.0
      ],
      [
        0.0
      ],
      [
        0.0
      ],
      [
        0.0
      ],
      [
        0.0
      ]
    ]
  },
  "counts": {
    "trend": 1,
    "breakout": 0,
    "reversion": 5,
    "vwap": 0
  },
  "reward_sum": {
    "trend": 0.3317184722313943,
    "breakout": 0.0,
    "reversion": 2.988697447304353,
    "vwap": 0.0
  },
  "disabled_until": {
    "trend": 0.0,
    "breakout": 0.0,
    "reversion": 0.0,
    "vwap": 0.0
  },
  "_snapshot_time": "2025-09-19T08:36:00.885333"
}