{
  "arms": [
    "trend",
    "breakout",
    "reversion",
    "vwap"
  ],
  "d": 6,
  "alpha": 0.6,
  "alpha_base": 0.6,
  "alpha_boost_until": 0.0,
  "A": {
    "trend": [
      [
        1.0205586377609541,
        0.012354852317777321,
        0.2248777224034977,
        0.048196691792210325,
        0.048196691792210325,
        0.0
      ],
      [
        0.012354852317777321,
        1.0074247320065135,
        0.13514178722142647,
        0.028964127692793884,
        0.028964127692793884,
        0.0
      ],
      [
        0.2248777224034977,
        0.13514178722142647,
        3.459792843348194,
        0.5271926284045889,
        0.5271926284045889,
        0.0
      ],
      [
        0.048196691792210325,
        0.028964127692793884,
        0.5271926284045889,
        1.1129900301140112,
        0.11299003011401039,
        0.0
      ],
      [
        0.048196691792210325,
        0.028964127692793884,
        0.5271926284045889,
        0.11299003011401039,
        1.1129900301140112,
        0.0
      ],
      [
        0.0,
        0.0,
        0.0,
        0.0,
        0.0,
        1.0
      ]
    ],
    "breakout": [
      [
        1.0,
        0.0,
        0.0,
        0.0,
        0.0,
        0.0
      ],
      [
        0.0,
        1.0,
        0.0,
        0.0,
        0.0,
        0.0
      ],
      [
        0.0,
        0.0,
        1.0,
        0.0,
        0.0,
        0.0
      ],
      [
        0.0,
        0.0,
        0.0,
        1.0,
        0.0,
        0.0
      ],
      [
        0.0,
        0.0,
        0.0,
        0.0,
        1.0,
        0.0
      ],
      [
        0.0,
        0.0,
        0.0,
        0.0,
        0.0,
        1.0
      ]
    ],
    "reversion": [
      [
        1.2370931535669114,
        0.015449856296608843,
        0.3982069220872752,
        0.744908926934007,
        0.744908926934007,
        0.0
      ],
      [
        0.015449856296608843,
        1.0012354441800895,
        0.03145382590817295,
        0.05169051107047168,
        0.05169051107047168,
        0.0
      ],
      [
        0.3982069220872752,
        0.03145382590817295,
        1.8509607417825502,
        1.3336845020401815,
        1.3336845020401815,
        0.0
      ],
      [
        0.744908926934007,
        0.05169051107047168,
        1.3336845020401815,
        3.3943729836169783,
        2.394372983616994,
        0.0
      ],
      [
        0.744908926934007,
        0.05169051107047168,
        1.3336845020401815,
        2.394372983616994,
        3.3943729836169783,
        0.0
      ],
      [
        0.0,
        0.0,
        0.0,
        0.0,
        0.0,
        1.0
      ]
    ],
    "vwap": [
      [
        1.0,
        0.0,
        0.0,
        0.0,
        0.0,
        0.0
      ],
      [
        0.0,
        1.0,
        0.0,
        0.0,
        0.0,
        0.0
      ],
      [
        0.0,
        0.0,
        1.0,
        0.0,
        0.0,
        0.0
      ],
      [
        0.0,
        0.0,
        0.0,
        1.0,
        0.0,
        0.0
      ],
      [
        0.0,
        0.0,
        0.0,
        0.0,
        1.0,
        0.0
      ],
      [
        0.0,
        0.0,
        0.0,
        0.0,
        0.0,
        1.0
      ]
    ]
  },
  "b": {
    "trend": [
      [
        0.04913792339037442
      ],
      [
        0.029529767183472014
      ],
      [
        0.5374881557887686
      ],
      [
        0.11519660867088154
      ],
      [
        0.11519660867088154
      ],
      [
        0.0
      ]
    ],
    "breakout": [
      [
        0.0
      ],
      [
        0.0
      ],
      [
        0.0
      ],
      [
        0.0
      ],
      [
        0.0
      ],
      [
        0.0
      ]
    ],
    "reversion": [
      [
        -0.0067771703292267785
      ],
      [
        -0.04906531476495212
      ],
      [
        -1.351403842010649
      ],
      [
        -0.851027276040985
      ],
      [
        -0.851027276040985
      ],
      [
        0.0
      ]
    ],
    "vwap": [
      [
        0.0
      ],
      [
        0.0
      ],
      [
        0.0
      ],
      [
        0.0
      ],
      [
        0.0
      ],
      [
        0.0
      ]
    ]
  },
  "counts": {
    "trend": 1,
    "breakout": 0,
    "reversion": 8,
    "vwap": 0
  },
  "reward_sum": {
    "trend": 0.11519660867088154,
    "breakout": 0.0,
    "reversion": -0.851027276040985,
    "vwap": 0.0
  },
  "disabled_until": {
    "trend": 0.0,
    "breakout": 0.0,
    "reversion": 0.0,
    "vwap": 0.0
  },
  "_snapshot_time": "2025-09-23T06:28:00.177568"
}