{
  "arms": [
    "trend",
    "breakout",
    "reversion",
    "vwap"
  ],
  "d": 6,
  "alpha": 0.6,
  "alpha_base": 0.6,
  "alpha_boost_until": 0.0,
  "A": {
    "trend": [
      [
        1.1645946917614212,
        0.0989142925055358,
        1.8003955239345124,
        0.3858679607909314,
        0.3858679607909314,
        0.0
      ],
      [
        0.0989142925055358,
        1.0594432126404945,
        1.0819598589379087,
        0.231889959109452,
        0.231889959109452,
        0.0
      ],
      [
        1.8003955239345124,
        1.0819598589379087,
        20.693369257022265,
        4.220761568937569,
        4.220761568937569,
        0.0
      ],
      [
        0.3858679607909314,
        0.231889959109452,
        4.220761568937569,
        1.9046104802746173,
        0.9046104802746175,
        0.0
      ],
      [
        0.3858679607909314,
        0.231889959109452,
        4.220761568937569,
        0.9046104802746175,
        1.9046104802746173,
        0.0
      ],
      [
        0.0,
        0.0,
        0.0,
        0.0,
        0.0,
        1.0
      ]
    ],
    "breakout": [
      [
        1.0,
        0.0,
        0.0,
        0.0,
        0.0,
        0.0
      ],
      [
        0.0,
        1.0,
        0.0,
        0.0,
        0.0,
        0.0
      ],
      [
        0.0,
        0.0,
        1.0,
        0.0,
        0.0,
        0.0
      ],
      [
        0.0,
        0.0,
        0.0,
        1.0,
        0.0,
        0.0
      ],
      [
        0.0,
        0.0,
        0.0,
        0.0,
        1.0,
        0.0
      ],
      [
        0.0,
        0.0,
        0.0,
        0.0,
        0.0,
        1.0
      ]
    ],
    "reversion": [
      [
        1.1338742359531704,
        0.013572163611258346,
        0.38256128378538173,
        0.4601954189748757,
        0.4601954189748757,
        0.0
      ],
      [
        0.013572163611258346,
        1.0014730289422875,
        0.039562065773221286,
        0.04618730145820792,
        0.04618730145820792,
        0.0
      ],
      [
        0.38256128378538173,
        0.039562065773221286,
        2.099448607674005,
        1.3113174108236267,
        1.3113174108236267,
        0.0
      ],
      [
        0.4601954189748757,
        0.04618730145820792,
        1.3113174108236267,
        2.5841803218405177,
        1.5841803218405235,
        0.0
      ],
      [
        0.4601954189748757,
        0.04618730145820792,
        1.3113174108236267,
        1.5841803218405235,
        2.5841803218405177,
        0.0
      ],
      [
        0.0,
        0.0,
        0.0,
        0.0,
        0.0,
        1.0
      ]
    ],
    "vwap": [
      [
        1.0,
        0.0,
        0.0,
        0.0,
        0.0,
        0.0
      ],
      [
        0.0,
        1.0,
        0.0,
        0.0,
        0.0,
        0.0
      ],
      [
        0.0,
        0.0,
        1.0,
        0.0,
        0.0,
        0.0
      ],
      [
        0.0,
        0.0,
        0.0,
        1.0,
        0.0,
        0.0
      ],
      [
        0.0,
        0.0,
        0.0,
        0.0,
        1.0,
        0.0
      ],
      [
        0.0,
        0.0,
        0.0,
        0.0,
        0.0,
        1.0
      ]
    ]
  },
  "b": {
    "trend": [
      [
        0.39340356342070065
      ],
      [
        0.2364185304427663
      ],
      [
        4.303188681863243
      ],
      [
        0.9222765883912424
      ],
      [
        0.9222765883912424
      ],
      [
        0.0
      ]
    ],
    "breakout": [
      [
        0.0
      ],
      [
        0.0
      ],
      [
        0.0
      ],
      [
        0.0
      ],
      [
        0.0
      ],
      [
        0.0
      ]
    ],
    "reversion": [
      [
        0.18347082072840526
      ],
      [
        0.019962520479083354
      ],
      [
        0.5352063554736455
      ],
      [
        0.624127803644968
      ],
      [
        0.624127803644968
      ],
      [
        0.0
      ]
    ],
    "vwap": [
      [
        0.0
      ],
      [
        0.0
      ],
      [
        0.0
      ],
      [
        0.0
      ],
      [
        0.0
      ],
      [
        0.0
      ]
    ]
  },
  "counts": {
    "trend": 1,
    "breakout": 0,
    "reversion": 2,
    "vwap": 0
  },
  "reward_sum": {
    "trend": 0.9222765883912424,
    "breakout": 0.0,
    "reversion": 0.624127803644968,
    "vwap": 0.0
  },
  "disabled_until": {
    "trend": 0.0,
    "breakout": 0.0,
    "reversion": 0.0,
    "vwap": 0.0
  },
  "_snapshot_time": "2025-09-17T19:04:00.333954"
}