{
  "arms": [
    "trend",
    "breakout",
    "reversion",
    "vwap"
  ],
  "d": 6,
  "alpha": 0.6,
  "alpha_base": 0.6,
  "alpha_boost_until": 0.0,
  "A": {
    "trend": [
      [
        1.034108543853911,
        0.020497759967824596,
        0.37309143463458677,
        0.0799624466719389,
        0.0799624466719389,
        0.0
      ],
      [
        0.020497759967824596,
        1.0123182673965232,
        0.22421181935956785,
        0.04805397279172973,
        0.04805397279172973,
        0.0
      ],
      [
        0.37309143463458677,
        0.22421181935956785,
        5.081007362667936,
        0.8746578005060203,
        0.8746578005060203,
        0.0
      ],
      [
        0.0799624466719389,
        0.04805397279172973,
        0.8746578005060203,
        1.1874601538297416,
        0.18746015382974018,
        0.0
      ],
      [
        0.0799624466719389,
        0.04805397279172973,
        0.8746578005060203,
        0.18746015382974018,
        1.1874601538297416,
        0.0
      ],
      [
        0.0,
        0.0,
        0.0,
        0.0,
        0.0,
        1.0
      ]
    ],
    "breakout": [
      [
        1.0,
        0.0,
        0.0,
        0.0,
        0.0,
        0.0
      ],
      [
        0.0,
        1.0,
        0.0,
        0.0,
        0.0,
        0.0
      ],
      [
        0.0,
        0.0,
        1.0,
        0.0,
        0.0,
        0.0
      ],
      [
        0.0,
        0.0,
        0.0,
        1.0,
        0.0,
        0.0
      ],
      [
        0.0,
        0.0,
        0.0,
        0.0,
        1.0,
        0.0
      ],
      [
        0.0,
        0.0,
        0.0,
        0.0,
        0.0,
        1.0
      ]
    ],
    "reversion": [
      [
        1.3933578829458182,
        0.025632637101585736,
        0.6606594475213963,
        1.2358678185260576,
        1.2358678185260576,
        0.0
      ],
      [
        0.025632637101585736,
        1.0020497078885113,
        0.052184595732299395,
        0.08575899260342779,
        0.08575899260342779,
        0.0
      ],
      [
        0.6606594475213963,
        0.052184595732299395,
        2.4118168779729134,
        2.212697011059493,
        2.212697011059493,
        0.0
      ],
      [
        1.2358678185260576,
        0.08575899260342779,
        2.212697011059493,
        4.9724702027401095,
        3.9724702027401246,
        0.0
      ],
      [
        1.2358678185260576,
        0.08575899260342779,
        2.212697011059493,
        3.9724702027401246,
        4.9724702027401095,
        0.0
      ],
      [
        0.0,
        0.0,
        0.0,
        0.0,
        0.0,
        1.0
      ]
    ],
    "vwap": [
      [
        1.0,
        0.0,
        0.0,
        0.0,
        0.0,
        0.0
      ],
      [
        0.0,
        1.0,
        0.0,
        0.0,
        0.0,
        0.0
      ],
      [
        0.0,
        0.0,
        1.0,
        0.0,
        0.0,
        0.0
      ],
      [
        0.0,
        0.0,
        0.0,
        1.0,
        0.0,
        0.0
      ],
      [
        0.0,
        0.0,
        0.0,
        0.0,
        1.0,
        0.0
      ],
      [
        0.0,
        0.0,
        0.0,
        0.0,
        0.0,
        1.0
      ]
    ]
  },
  "b": {
    "trend": [
      [
        0.08152403064534974
      ],
      [
        0.04899241723525901
      ],
      [
        0.891738963731211
      ],
      [
        0.19112105696686738
      ],
      [
        0.19112105696686738
      ],
      [
        0.0
      ]
    ],
    "breakout": [
      [
        0.0
      ],
      [
        0.0
      ],
      [
        0.0
      ],
      [
        0.0
      ],
      [
        0.0
      ],
      [
        0.0
      ]
    ],
    "reversion": [
      [
        -0.01124390701697557
      ],
      [
        -0.0814035667063872
      ],
      [
        -2.2420949162841732
      ],
      [
        -1.4119272640158913
      ],
      [
        -1.4119272640158913
      ],
      [
        0.0
      ]
    ],
    "vwap": [
      [
        0.0
      ],
      [
        0.0
      ],
      [
        0.0
      ],
      [
        0.0
      ],
      [
        0.0
      ],
      [
        0.0
      ]
    ]
  },
  "counts": {
    "trend": 1,
    "breakout": 0,
    "reversion": 8,
    "vwap": 0
  },
  "reward_sum": {
    "trend": 0.19112105696686738,
    "breakout": 0.0,
    "reversion": -1.4119272640158913,
    "vwap": 0.0
  },
  "disabled_until": {
    "trend": 0.0,
    "breakout": 0.0,
    "reversion": 0.0,
    "vwap": 0.0
  },
  "_snapshot_time": "2025-09-22T09:34:00.153478"
}