{
  "arms": [
    "trend",
    "breakout",
    "reversion",
    "vwap"
  ],
  "d": 6,
  "alpha": 0.6,
  "alpha_base": 0.6,
  "alpha_boost_until": 0.0,
  "A": {
    "trend": [
      [
        1.049425970305927,
        0.02970287092427666,
        0.5406389158278566,
        0.11587189214890714,
        0.11587189214890714,
        0.0
      ],
      [
        0.02970287092427666,
        1.0178501410429246,
        0.32490061063200504,
        0.06963399676218048,
        0.06963399676218048,
        0.0
      ],
      [
        0.5406389158278566,
        0.32490061063200504,
        6.913701552004923,
        1.2674481402905833,
        1.2674481402905833,
        0.0
      ],
      [
        0.11587189214890714,
        0.06963399676218048,
        1.2674481402905833,
        1.271644548545308,
        0.27164454854530906,
        0.0
      ],
      [
        0.11587189214890714,
        0.06963399676218048,
        1.2674481402905833,
        0.27164454854530906,
        1.271644548545308,
        0.0
      ],
      [
        0.0,
        0.0,
        0.0,
        0.0,
        0.0,
        1.0
      ]
    ],
    "breakout": [
      [
        1.0,
        0.0,
        0.0,
        0.0,
        0.0,
        0.0
      ],
      [
        0.0,
        1.0,
        0.0,
        0.0,
        0.0,
        0.0
      ],
      [
        0.0,
        0.0,
        1.0,
        0.0,
        0.0,
        0.0
      ],
      [
        0.0,
        0.0,
        0.0,
        1.0,
        0.0,
        0.0
      ],
      [
        0.0,
        0.0,
        0.0,
        0.0,
        1.0,
        0.0
      ],
      [
        0.0,
        0.0,
        0.0,
        0.0,
        0.0,
        1.0
      ]
    ],
    "reversion": [
      [
        1.423634683052462,
        0.029937697969075482,
        0.7574669165995351,
        1.376336492129833,
        1.376336492129833,
        0.0
      ],
      [
        0.029937697969075482,
        1.0026154301018813,
        0.06577929533316548,
        0.10386370685764929,
        0.10386370685764929,
        0.0
      ],
      [
        0.7574669165995351,
        0.06577929533316548,
        2.772883378365264,
        2.640299075167313,
        2.640299075167313,
        0.0
      ],
      [
        1.376336492129833,
        0.10386370685764929,
        2.640299075167313,
        5.582440706124149,
        4.582440706124158,
        0.0
      ],
      [
        1.376336492129833,
        0.10386370685764929,
        2.640299075167313,
        4.582440706124158,
        5.582440706124149,
        0.0
      ],
      [
        0.0,
        0.0,
        0.0,
        0.0,
        0.0,
        1.0
      ]
    ],
    "vwap": [
      [
        1.0,
        0.0,
        0.0,
        0.0,
        0.0,
        0.0
      ],
      [
        0.0,
        1.0,
        0.0,
        0.0,
        0.0,
        0.0
      ],
      [
        0.0,
        0.0,
        1.0,
        0.0,
        0.0,
        0.0
      ],
      [
        0.0,
        0.0,
        0.0,
        1.0,
        0.0,
        0.0
      ],
      [
        0.0,
        0.0,
        0.0,
        0.0,
        1.0,
        0.0
      ],
      [
        0.0,
        0.0,
        0.0,
        0.0,
        0.0,
        1.0
      ]
    ]
  },
  "b": {
    "trend": [
      [
        0.11813475049403602
      ],
      [
        0.07099387677929013
      ],
      [
        1.2922000930557025
      ],
      [
        0.2769494859393978
      ],
      [
        0.2769494859393978
      ],
      [
        0.0
      ]
    ],
    "breakout": [
      [
        0.0
      ],
      [
        0.0
      ],
      [
        0.0
      ],
      [
        0.0
      ],
      [
        0.0
      ],
      [
        0.0
      ]
    ],
    "reversion": [
      [
        -0.4374234301740634
      ],
      [
        -0.138692785903314
      ],
      [
        -3.824053988093201
      ],
      [
        -3.2386580422820783
      ],
      [
        -3.2386580422820783
      ],
      [
        0.0
      ]
    ],
    "vwap": [
      [
        0.0
      ],
      [
        0.0
      ],
      [
        0.0
      ],
      [
        0.0
      ],
      [
        0.0
      ],
      [
        0.0
      ]
    ]
  },
  "counts": {
    "trend": 1,
    "breakout": 0,
    "reversion": 7,
    "vwap": 0
  },
  "reward_sum": {
    "trend": 0.2769494859393978,
    "breakout": 0.0,
    "reversion": -3.2386580422820783,
    "vwap": 0.0
  },
  "disabled_until": {
    "trend": 0.0,
    "breakout": 0.0,
    "reversion": 0.0,
    "vwap": 0.0
  },
  "_snapshot_time": "2025-09-19T15:08:00.345389"
}