{
  "arms": [
    "trend",
    "breakout",
    "reversion",
    "vwap"
  ],
  "d": 6,
  "alpha": 0.6,
  "alpha_base": 0.6,
  "alpha_boost_until": 0.0,
  "A": {
    "trend": [
      [
        1.0061735321390337,
        0.003710025865704922,
        0.06752829943076831,
        0.014472934891598732,
        0.014472934891598732,
        0.0
      ],
      [
        0.003710025865704922,
        1.0022295651199693,
        0.04058158796505003,
        0.008697608045320417,
        0.008697608045320417,
        0.0
      ],
      [
        0.06752829943076831,
        0.04058158796505003,
        1.7386486570921074,
        0.1583101308929172,
        0.1583101308929172,
        0.0
      ],
      [
        0.014472934891598732,
        0.008697608045320417,
        0.1583101308929172,
        1.033929659659837,
        0.03392965965983891,
        0.0
      ],
      [
        0.014472934891598732,
        0.008697608045320417,
        0.1583101308929172,
        0.03392965965983891,
        1.033929659659837,
        0.0
      ],
      [
        0.0,
        0.0,
        0.0,
        0.0,
        0.0,
        1.0
      ]
    ],
    "breakout": [
      [
        1.0,
        0.0,
        0.0,
        0.0,
        0.0,
        0.0
      ],
      [
        0.0,
        1.0,
        0.0,
        0.0,
        0.0,
        0.0
      ],
      [
        0.0,
        0.0,
        1.0,
        0.0,
        0.0,
        0.0
      ],
      [
        0.0,
        0.0,
        0.0,
        1.0,
        0.0,
        0.0
      ],
      [
        0.0,
        0.0,
        0.0,
        0.0,
        1.0,
        0.0
      ],
      [
        0.0,
        0.0,
        0.0,
        0.0,
        0.0,
        1.0
      ]
    ],
    "reversion": [
      [
        1.1648323897132191,
        0.015310260883133867,
        0.621039084256222,
        0.5296878210703199,
        0.5296878210703199,
        0.0
      ],
      [
        0.015310260883133867,
        1.001587049239693,
        0.06659231477903385,
        0.05039412750969707,
        0.05039412750969707,
        0.0
      ],
      [
        0.621039084256222,
        0.06659231477903385,
        3.9410852000492196,
        2.0392558512777783,
        2.0392558512777783,
        0.0
      ],
      [
        0.5296878210703199,
        0.05039412750969707,
        2.0392558512777783,
        2.7190037948557264,
        1.7190037948557388,
        0.0
      ],
      [
        0.5296878210703199,
        0.05039412750969707,
        2.0392558512777783,
        1.7190037948557388,
        2.7190037948557264,
        0.0
      ],
      [
        0.0,
        0.0,
        0.0,
        0.0,
        0.0,
        1.0
      ]
    ],
    "vwap": [
      [
        1.0,
        0.0,
        0.0,
        0.0,
        0.0,
        0.0
      ],
      [
        0.0,
        1.0,
        0.0,
        0.0,
        0.0,
        0.0
      ],
      [
        0.0,
        0.0,
        1.0,
        0.0,
        0.0,
        0.0
      ],
      [
        0.0,
        0.0,
        0.0,
        1.0,
        0.0,
        0.0
      ],
      [
        0.0,
        0.0,
        0.0,
        0.0,
        1.0,
        0.0
      ],
      [
        0.0,
        0.0,
        0.0,
        0.0,
        0.0,
        1.0
      ]
    ]
  },
  "b": {
    "trend": [
      [
        0.01475557635788179
      ],
      [
        0.00886746334485001
      ],
      [
        0.16140176419730068
      ],
      [
        0.03459227085988723
      ],
      [
        0.03459227085988723
      ],
      [
        0.0
      ]
    ],
    "breakout": [
      [
        0.0
      ],
      [
        0.0
      ],
      [
        0.0
      ],
      [
        0.0
      ],
      [
        0.0
      ],
      [
        0.0
      ]
    ],
    "reversion": [
      [
        -0.3483811686760524
      ],
      [
        -0.054203698006502016
      ],
      [
        -2.260648417295032
      ],
      [
        -1.3874043867190446
      ],
      [
        -1.3874043867190446
      ],
      [
        0.0
      ]
    ],
    "vwap": [
      [
        0.0
      ],
      [
        0.0
      ],
      [
        0.0
      ],
      [
        0.0
      ],
      [
        0.0
      ],
      [
        0.0
      ]
    ]
  },
  "counts": {
    "trend": 1,
    "breakout": 0,
    "reversion": 9,
    "vwap": 0
  },
  "reward_sum": {
    "trend": 0.03459227085988723,
    "breakout": 0.0,
    "reversion": -1.3874043867190446,
    "vwap": 0.0
  },
  "disabled_until": {
    "trend": 0.0,
    "breakout": 0.0,
    "reversion": 0.0,
    "vwap": 0.0
  },
  "_snapshot_time": "2025-09-25T08:44:00.138163"
}