{
  "arms": [
    "trend",
    "breakout",
    "reversion",
    "vwap"
  ],
  "d": 6,
  "alpha": 0.6,
  "alpha_base": 0.6,
  "alpha_boost_until": 0.0,
  "A": {
    "trend": [
      [
        1.0105023661277204,
        0.00631146790968948,
        0.1148786316540184,
        0.02462124724566967,
        0.02462124724566967,
        0.0
      ],
      [
        0.00631146790968948,
        1.0037929192993864,
        0.06903709015435355,
        0.014796304946695192,
        0.014796304946695192,
        0.0
      ],
      [
        0.1148786316540184,
        0.06903709015435355,
        2.256583502251755,
        0.26931599591948985,
        0.26931599591948985,
        0.0
      ],
      [
        0.02462124724566967,
        0.014796304946695192,
        0.26931599591948985,
        1.0577208800912419,
        0.05772088009124167,
        0.0
      ],
      [
        0.02462124724566967,
        0.014796304946695192,
        0.26931599591948985,
        0.05772088009124167,
        1.0577208800912419,
        0.0
      ],
      [
        0.0,
        0.0,
        0.0,
        0.0,
        0.0,
        1.0
      ]
    ],
    "breakout": [
      [
        1.0,
        0.0,
        0.0,
        0.0,
        0.0,
        0.0
      ],
      [
        0.0,
        1.0,
        0.0,
        0.0,
        0.0,
        0.0
      ],
      [
        0.0,
        0.0,
        1.0,
        0.0,
        0.0,
        0.0
      ],
      [
        0.0,
        0.0,
        0.0,
        1.0,
        0.0,
        0.0
      ],
      [
        0.0,
        0.0,
        0.0,
        0.0,
        1.0,
        0.0
      ],
      [
        0.0,
        0.0,
        0.0,
        0.0,
        0.0,
        1.0
      ]
    ],
    "reversion": [
      [
        1.1211188763617588,
        0.007892548588788266,
        0.2034237355110857,
        0.380536219054622,
        0.380536219054622,
        0.0
      ],
      [
        0.007892548588788266,
        1.0006311258197427,
        0.01606816558792405,
        0.02640606244943151,
        0.02640606244943151,
        0.0
      ],
      [
        0.2034237355110857,
        0.01606816558792405,
        1.4347127165929856,
        0.6813118214424072,
        0.6813118214424072,
        0.0
      ],
      [
        0.380536219054622,
        0.02640606244943151,
        0.6813118214424072,
        2.2231638113699934,
        1.2231638113700105,
        0.0
      ],
      [
        0.380536219054622,
        0.02640606244943151,
        0.6813118214424072,
        1.2231638113700105,
        2.2231638113699934,
        0.0
      ],
      [
        0.0,
        0.0,
        0.0,
        0.0,
        0.0,
        1.0
      ]
    ],
    "vwap": [
      [
        1.0,
        0.0,
        0.0,
        0.0,
        0.0,
        0.0
      ],
      [
        0.0,
        1.0,
        0.0,
        0.0,
        0.0,
        0.0
      ],
      [
        0.0,
        0.0,
        1.0,
        0.0,
        0.0,
        0.0
      ],
      [
        0.0,
        0.0,
        0.0,
        1.0,
        0.0,
        0.0
      ],
      [
        0.0,
        0.0,
        0.0,
        0.0,
        1.0,
        0.0
      ],
      [
        0.0,
        0.0,
        0.0,
        0.0,
        0.0,
        1.0
      ]
    ]
  },
  "b": {
    "trend": [
      [
        0.025102074767893508
      ],
      [
        0.015085261496077107
      ],
      [
        0.27457545908644976
      ],
      [
        0.058848109247341227
      ],
      [
        0.058848109247341227
      ],
      [
        0.0
      ]
    ],
    "breakout": [
      [
        0.0
      ],
      [
        0.0
      ],
      [
        0.0
      ],
      [
        0.0
      ],
      [
        0.0
      ],
      [
        0.0
      ]
    ],
    "reversion": [
      [
        -0.003462112856652077
      ],
      [
        -0.025064982700944205
      ],
      [
        -0.6903637342235549
      ],
      [
        -0.43474670557368783
      ],
      [
        -0.43474670557368783
      ],
      [
        0.0
      ]
    ],
    "vwap": [
      [
        0.0
      ],
      [
        0.0
      ],
      [
        0.0
      ],
      [
        0.0
      ],
      [
        0.0
      ],
      [
        0.0
      ]
    ]
  },
  "counts": {
    "trend": 1,
    "breakout": 0,
    "reversion": 8,
    "vwap": 0
  },
  "reward_sum": {
    "trend": 0.058848109247341227,
    "breakout": 0.0,
    "reversion": -0.43474670557368783,
    "vwap": 0.0
  },
  "disabled_until": {
    "trend": 0.0,
    "breakout": 0.0,
    "reversion": 0.0,
    "vwap": 0.0
  },
  "_snapshot_time": "2025-09-24T08:27:00.299280"
}