{
  "arms": [
    "trend",
    "breakout",
    "reversion",
    "vwap"
  ],
  "d": 6,
  "alpha": 0.6,
  "alpha_base": 0.6,
  "alpha_boost_until": 0.0,
  "A": {
    "trend": [
      [
        1.0807780362072479,
        0.048544106835522544,
        0.8835790101332651,
        0.18937218311491105,
        0.18937218311491105,
        0.0
      ],
      [
        0.048544106835522544,
        1.0291729091112427,
        0.530992778228579,
        0.11380449340487572,
        0.11380449340487572,
        0.0
      ],
      [
        0.8835790101332651,
        0.530992778228579,
        10.664902785517912,
        2.071420573708356,
        2.071420573708356,
        0.0
      ],
      [
        0.18937218311491105,
        0.11380449340487572,
        2.071420573708356,
        1.4439551321314528,
        0.4439551321314536,
        0.0
      ],
      [
        0.18937218311491105,
        0.11380449340487572,
        2.071420573708356,
        0.4439551321314536,
        1.4439551321314528,
        0.0
      ],
      [
        0.0,
        0.0,
        0.0,
        0.0,
        0.0,
        1.0
      ]
    ],
    "breakout": [
      [
        1.0,
        0.0,
        0.0,
        0.0,
        0.0,
        0.0
      ],
      [
        0.0,
        1.0,
        0.0,
        0.0,
        0.0,
        0.0
      ],
      [
        0.0,
        0.0,
        1.0,
        0.0,
        0.0,
        0.0
      ],
      [
        0.0,
        0.0,
        0.0,
        1.0,
        0.0,
        0.0
      ],
      [
        0.0,
        0.0,
        0.0,
        0.0,
        1.0,
        0.0
      ],
      [
        0.0,
        0.0,
        0.0,
        0.0,
        0.0,
        1.0
      ]
    ],
    "reversion": [
      [
        1.0657013768993084,
        0.006660802434564691,
        0.18774936726330926,
        0.22584982430809156,
        0.22584982430809156,
        0.0
      ],
      [
        0.006660802434564691,
        1.0007229175130807,
        0.019415850822789262,
        0.022667313687819688,
        0.022667313687819688,
        0.0
      ],
      [
        0.18774936726330926,
        0.019415850822789262,
        1.5395757207494194,
        0.6435544436891196,
        0.6435544436891196,
        0.0
      ],
      [
        0.22584982430809156,
        0.022667313687819688,
        0.6435544436891196,
        1.77746720764195,
        0.7774672076419595,
        0.0
      ],
      [
        0.22584982430809156,
        0.022667313687819688,
        0.6435544436891196,
        0.7774672076419595,
        1.77746720764195,
        0.0
      ],
      [
        0.0,
        0.0,
        0.0,
        0.0,
        0.0,
        1.0
      ]
    ],
    "vwap": [
      [
        1.0,
        0.0,
        0.0,
        0.0,
        0.0,
        0.0
      ],
      [
        0.0,
        1.0,
        0.0,
        0.0,
        0.0,
        0.0
      ],
      [
        0.0,
        0.0,
        1.0,
        0.0,
        0.0,
        0.0
      ],
      [
        0.0,
        0.0,
        0.0,
        1.0,
        0.0,
        0.0
      ],
      [
        0.0,
        0.0,
        0.0,
        0.0,
        1.0,
        0.0
      ],
      [
        0.0,
        0.0,
        0.0,
        0.0,
        0.0,
        1.0
      ]
    ]
  },
  "b": {
    "trend": [
      [
        0.19307042620863876
      ],
      [
        0.11602697758838638
      ],
      [
        2.1118732775052695
      ],
      [
        0.45262511720700144
      ],
      [
        0.45262511720700144
      ],
      [
        0.0
      ]
    ],
    "breakout": [
      [
        0.0
      ],
      [
        0.0
      ],
      [
        0.0
      ],
      [
        0.0
      ],
      [
        0.0
      ],
      [
        0.0
      ]
    ],
    "reversion": [
      [
        0.09004186247545837
      ],
      [
        0.009796993966152015
      ],
      [
        0.26266289573581364
      ],
      [
        0.3063028204692033
      ],
      [
        0.3063028204692033
      ],
      [
        0.0
      ]
    ],
    "vwap": [
      [
        0.0
      ],
      [
        0.0
      ],
      [
        0.0
      ],
      [
        0.0
      ],
      [
        0.0
      ],
      [
        0.0
      ]
    ]
  },
  "counts": {
    "trend": 1,
    "breakout": 0,
    "reversion": 2,
    "vwap": 0
  },
  "reward_sum": {
    "trend": 0.45262511720700144,
    "breakout": 0.0,
    "reversion": 0.3063028204692033,
    "vwap": 0.0
  },
  "disabled_until": {
    "trend": 0.0,
    "breakout": 0.0,
    "reversion": 0.0,
    "vwap": 0.0
  },
  "_snapshot_time": "2025-09-18T22:16:00.685429"
}