{
  "arms": [
    "trend",
    "breakout",
    "reversion",
    "vwap"
  ],
  "d": 6,
  "alpha": 0.6,
  "alpha_base": 0.6,
  "alpha_boost_until": 0.0,
  "A": {
    "trend": [
      [
        1.1444827251090746,
        0.08682787020951585,
        1.5804036496467924,
        0.33871842348455833,
        0.33871842348455833,
        0.0
      ],
      [
        0.08682787020951585,
        1.0521797954698684,
        0.9497542551649875,
        0.20355512598261372,
        0.20355512598261372,
        0.0
      ],
      [
        1.5804036496467924,
        0.9497542551649875,
        18.28701956535856,
        3.70502309029318,
        3.70502309029318,
        0.0
      ],
      [
        0.33871842348455833,
        0.20355512598261372,
        3.70502309029318,
        1.7940753492934949,
        0.7940753492934954,
        0.0
      ],
      [
        0.33871842348455833,
        0.20355512598261372,
        3.70502309029318,
        0.7940753492934954,
        1.7940753492934949,
        0.0
      ],
      [
        0.0,
        0.0,
        0.0,
        0.0,
        0.0,
        1.0
      ]
    ],
    "breakout": [
      [
        1.0,
        0.0,
        0.0,
        0.0,
        0.0,
        0.0
      ],
      [
        0.0,
        1.0,
        0.0,
        0.0,
        0.0,
        0.0
      ],
      [
        0.0,
        0.0,
        1.0,
        0.0,
        0.0,
        0.0
      ],
      [
        0.0,
        0.0,
        0.0,
        1.0,
        0.0,
        0.0
      ],
      [
        0.0,
        0.0,
        0.0,
        0.0,
        1.0,
        0.0
      ],
      [
        0.0,
        0.0,
        0.0,
        0.0,
        0.0,
        1.0
      ]
    ],
    "reversion": [
      [
        1.1175160281623548,
        0.011913769291072887,
        0.3358157921803251,
        0.40396374576028055,
        0.40396374576028055,
        0.0
      ],
      [
        0.011913769291072887,
        1.001293038271579,
        0.0347279430016177,
        0.04054363545204167,
        0.04054363545204167,
        0.0
      ],
      [
        0.3358157921803251,
        0.0347279430016177,
        1.9651060386830217,
        1.1510864109360137,
        1.1510864109360137,
        0.0
      ],
      [
        0.40396374576028055,
        0.04054363545204167,
        1.1510864109360137,
        2.3906079686668043,
        1.3906079686668122,
        0.0
      ],
      [
        0.40396374576028055,
        0.04054363545204167,
        1.1510864109360137,
        1.3906079686668122,
        2.3906079686668043,
        0.0
      ],
      [
        0.0,
        0.0,
        0.0,
        0.0,
        0.0,
        1.0
      ]
    ],
    "vwap": [
      [
        1.0,
        0.0,
        0.0,
        0.0,
        0.0,
        0.0
      ],
      [
        0.0,
        1.0,
        0.0,
        0.0,
        0.0,
        0.0
      ],
      [
        0.0,
        0.0,
        1.0,
        0.0,
        0.0,
        0.0
      ],
      [
        0.0,
        0.0,
        0.0,
        1.0,
        0.0,
        0.0
      ],
      [
        0.0,
        0.0,
        0.0,
        0.0,
        1.0,
        0.0
      ],
      [
        0.0,
        0.0,
        0.0,
        0.0,
        0.0,
        1.0
      ]
    ]
  },
  "b": {
    "trend": [
      [
        0.3453332443614449
      ],
      [
        0.20753034729799183
      ],
      [
        3.7773783635460836
      ],
      [
        0.8095828204971307
      ],
      [
        0.8095828204971307
      ],
      [
        0.0
      ]
    ],
    "breakout": [
      [
        0.0
      ],
      [
        0.0
      ],
      [
        0.0
      ],
      [
        0.0
      ],
      [
        0.0
      ],
      [
        0.0
      ]
    ],
    "reversion": [
      [
        0.16105236367684447
      ],
      [
        0.017523282968592693
      ],
      [
        0.4698090315489336
      ],
      [
        0.5478650916499517
      ],
      [
        0.5478650916499517
      ],
      [
        0.0
      ]
    ],
    "vwap": [
      [
        0.0
      ],
      [
        0.0
      ],
      [
        0.0
      ],
      [
        0.0
      ],
      [
        0.0
      ],
      [
        0.0
      ]
    ]
  },
  "counts": {
    "trend": 1,
    "breakout": 0,
    "reversion": 2,
    "vwap": 0
  },
  "reward_sum": {
    "trend": 0.8095828204971307,
    "breakout": 0.0,
    "reversion": 0.5478650916499517,
    "vwap": 0.0
  },
  "disabled_until": {
    "trend": 0.0,
    "breakout": 0.0,
    "reversion": 0.0,
    "vwap": 0.0
  },
  "_snapshot_time": "2025-09-18T00:54:00.561971"
}