{
  "arms": [
    "trend",
    "breakout",
    "reversion",
    "vwap"
  ],
  "d": 6,
  "alpha": 0.6,
  "alpha_base": 0.6,
  "alpha_boost_until": 0.0,
  "A": {
    "trend": [
      [
        1.0031695926607522,
        0.001904788132678205,
        0.03467013655206096,
        0.007430642163812389,
        0.007430642163812389,
        0.0
      ],
      [
        0.001904788132678205,
        1.0011446953027474,
        0.02083525289556886,
        0.0044654946318723205,
        0.0044654946318723205,
        0.0
      ],
      [
        0.03467013655206096,
        0.02083525289556886,
        1.3792343361413208,
        0.08127901786212116,
        0.08127901786212116,
        0.0
      ],
      [
        0.007430642163812389,
        0.0044654946318723205,
        0.08127901786212116,
        1.0174200437962684,
        0.017420043796269234,
        0.0
      ],
      [
        0.007430642163812389,
        0.0044654946318723205,
        0.08127901786212116,
        0.017420043796269234,
        1.0174200437962684,
        0.0
      ],
      [
        0.0,
        0.0,
        0.0,
        0.0,
        0.0,
        1.0
      ]
    ],
    "breakout": [
      [
        1.0,
        0.0,
        0.0,
        0.0,
        0.0,
        0.0
      ],
      [
        0.0,
        1.0,
        0.0,
        0.0,
        0.0,
        0.0
      ],
      [
        0.0,
        0.0,
        1.0,
        0.0,
        0.0,
        0.0
      ],
      [
        0.0,
        0.0,
        0.0,
        1.0,
        0.0,
        0.0
      ],
      [
        0.0,
        0.0,
        0.0,
        0.0,
        1.0,
        0.0
      ],
      [
        0.0,
        0.0,
        0.0,
        0.0,
        0.0,
        1.0
      ]
    ],
    "reversion": [
      [
        1.1698767731287636,
        0.013827378931808878,
        0.49701209841808724,
        0.5566982025128839,
        0.5566982025128839,
        0.0
      ],
      [
        0.013827378931808878,
        1.0012324540060278,
        0.04665956695747611,
        0.04580351739607476,
        0.04580351739607476,
        0.0
      ],
      [
        0.49701209841808724,
        0.04665956695747611,
        2.8823353644521448,
        1.6420761541871491,
        1.6420761541871491,
        0.0
      ],
      [
        0.5566982025128839,
        0.04580351739607476,
        1.6420761541871491,
        2.8336748744848306,
        1.8336748744848457,
        0.0
      ],
      [
        0.5566982025128839,
        0.04580351739607476,
        1.6420761541871491,
        1.8336748744848457,
        2.8336748744848306,
        0.0
      ],
      [
        0.0,
        0.0,
        0.0,
        0.0,
        0.0,
        1.0
      ]
    ],
    "vwap": [
      [
        1.0,
        0.0,
        0.0,
        0.0,
        0.0,
        0.0
      ],
      [
        0.0,
        1.0,
        0.0,
        0.0,
        0.0,
        0.0
      ],
      [
        0.0,
        0.0,
        1.0,
        0.0,
        0.0,
        0.0
      ],
      [
        0.0,
        0.0,
        0.0,
        1.0,
        0.0,
        0.0
      ],
      [
        0.0,
        0.0,
        0.0,
        0.0,
        1.0,
        0.0
      ],
      [
        0.0,
        0.0,
        0.0,
        0.0,
        0.0,
        1.0
      ]
    ]
  },
  "b": {
    "trend": [
      [
        0.007575754928592657
      ],
      [
        0.004552701128680667
      ],
      [
        0.08286631311071195
      ],
      [
        0.017760239254769637
      ],
      [
        0.017760239254769637
      ],
      [
        0.0
      ]
    ],
    "breakout": [
      [
        0.0
      ],
      [
        0.0
      ],
      [
        0.0
      ],
      [
        0.0
      ],
      [
        0.0
      ],
      [
        0.0
      ]
    ],
    "reversion": [
      [
        -0.583347171878891
      ],
      [
        -0.05614000716245939
      ],
      [
        -2.0059740674519952
      ],
      [
        -2.063362544827255
      ],
      [
        -2.063362544827255
      ],
      [
        0.0
      ]
    ],
    "vwap": [
      [
        0.0
      ],
      [
        0.0
      ],
      [
        0.0
      ],
      [
        0.0
      ],
      [
        0.0
      ],
      [
        0.0
      ]
    ]
  },
  "counts": {
    "trend": 1,
    "breakout": 0,
    "reversion": 10,
    "vwap": 0
  },
  "reward_sum": {
    "trend": 0.017760239254769637,
    "breakout": 0.0,
    "reversion": -2.063362544827255,
    "vwap": 0.0
  },
  "disabled_until": {
    "trend": 0.0,
    "breakout": 0.0,
    "reversion": 0.0,
    "vwap": 0.0
  },
  "_snapshot_time": "2025-09-26T10:08:00.518167"
}