{
  "arms": [
    "trend",
    "breakout",
    "reversion",
    "vwap"
  ],
  "d": 6,
  "alpha": 0.6,
  "alpha_base": 0.6,
  "alpha_boost_until": 0.0,
  "A": {
    "trend": [
      [
        1.170472472344653,
        0.10244658447480459,
        1.864688787219446,
        0.39964754981264583,
        0.39964754981264583,
        0.0
      ],
      [
        0.10244658447480459,
        1.0615659673741016,
        1.1205973300655891,
        0.24017089626795765,
        0.24017089626795765,
        0.0
      ],
      [
        1.864688787219446,
        1.1205973300655891,
        21.396631933349166,
        4.371487635075302,
        4.371487635075302,
        0.0
      ],
      [
        0.39964754981264583,
        0.24017089626795765,
        4.371487635075302,
        1.9369146928798044,
        0.9369146928798039,
        0.0
      ],
      [
        0.39964754981264583,
        0.24017089626795765,
        4.371487635075302,
        0.9369146928798039,
        1.9369146928798044,
        0.0
      ],
      [
        0.0,
        0.0,
        0.0,
        0.0,
        0.0,
        1.0
      ]
    ],
    "breakout": [
      [
        1.0,
        0.0,
        0.0,
        0.0,
        0.0,
        0.0
      ],
      [
        0.0,
        1.0,
        0.0,
        0.0,
        0.0,
        0.0
      ],
      [
        0.0,
        0.0,
        1.0,
        0.0,
        0.0,
        0.0
      ],
      [
        0.0,
        0.0,
        0.0,
        1.0,
        0.0,
        0.0
      ],
      [
        0.0,
        0.0,
        0.0,
        0.0,
        1.0,
        0.0
      ],
      [
        0.0,
        0.0,
        0.0,
        0.0,
        0.0,
        1.0
      ]
    ],
    "reversion": [
      [
        1.1386549696224018,
        0.014056834161037255,
        0.39622278927906596,
        0.47662928855594017,
        0.47662928855594017,
        0.0
      ],
      [
        0.014056834161037255,
        1.0015256317378143,
        0.0409748521732313,
        0.04783667921637056,
        0.04783667921637056,
        0.0
      ],
      [
        0.39622278927906596,
        0.0409748521732313,
        2.1387106130843287,
        1.358145385245578,
        1.358145385245578,
        0.0
      ],
      [
        0.47662928855594017,
        0.04783667921637056,
        1.358145385245578,
        2.640752403457518,
        1.6407524034575227,
        0.0
      ],
      [
        0.47662928855594017,
        0.04783667921637056,
        1.358145385245578,
        1.6407524034575227,
        2.640752403457518,
        0.0
      ],
      [
        0.0,
        0.0,
        0.0,
        0.0,
        0.0,
        1.0
      ]
    ],
    "vwap": [
      [
        1.0,
        0.0,
        0.0,
        0.0,
        0.0,
        0.0
      ],
      [
        0.0,
        1.0,
        0.0,
        0.0,
        0.0,
        0.0
      ],
      [
        0.0,
        0.0,
        1.0,
        0.0,
        0.0,
        0.0
      ],
      [
        0.0,
        0.0,
        0.0,
        1.0,
        0.0,
        0.0
      ],
      [
        0.0,
        0.0,
        0.0,
        0.0,
        1.0,
        0.0
      ],
      [
        0.0,
        0.0,
        0.0,
        0.0,
        0.0,
        1.0
      ]
    ]
  },
  "b": {
    "trend": [
      [
        0.4074522535801627
      ],
      [
        0.24486118574884935
      ],
      [
        4.456858272355873
      ],
      [
        0.9552116688947672
      ],
      [
        0.9552116688947672
      ],
      [
        0.0
      ]
    ],
    "breakout": [
      [
        0.0
      ],
      [
        0.0
      ],
      [
        0.0
      ],
      [
        0.0
      ],
      [
        0.0
      ],
      [
        0.0
      ]
    ],
    "reversion": [
      [
        0.1900226798201319
      ],
      [
        0.020675394715844272
      ],
      [
        0.5543189130571248
      ],
      [
        0.6464158024039857
      ],
      [
        0.6464158024039857
      ],
      [
        0.0
      ]
    ],
    "vwap": [
      [
        0.0
      ],
      [
        0.0
      ],
      [
        0.0
      ],
      [
        0.0
      ],
      [
        0.0
      ],
      [
        0.0
      ]
    ]
  },
  "counts": {
    "trend": 1,
    "breakout": 0,
    "reversion": 2,
    "vwap": 0
  },
  "reward_sum": {
    "trend": 0.9552116688947672,
    "breakout": 0.0,
    "reversion": 0.6464158024039857,
    "vwap": 0.0
  },
  "disabled_until": {
    "trend": 0.0,
    "breakout": 0.0,
    "reversion": 0.0,
    "vwap": 0.0
  },
  "_snapshot_time": "2025-09-17T17:49:00.997819"
}