{
  "arms": [
    "trend",
    "breakout",
    "reversion",
    "vwap"
  ],
  "d": 6,
  "alpha": 0.6,
  "alpha_base": 0.6,
  "alpha_boost_until": 0.0,
  "A": {
    "trend": [
      [
        1.0033158564885682,
        0.0019926863685982153,
        0.03627002253924799,
        0.007773536119705332,
        0.007773536119705332,
        0.0
      ],
      [
        0.0019926863685982153,
        1.0011975183417254,
        0.021796715193159302,
        0.004671559072278075,
        0.004671559072278075,
        0.0
      ],
      [
        0.03627002253924799,
        0.021796715193159302,
        1.396734460472865,
        0.08502971441720014,
        0.08502971441720014,
        0.0
      ],
      [
        0.007773536119705332,
        0.004671559072278075,
        0.08502971441720014,
        1.0182239080649884,
        0.018223908064988973,
        0.0
      ],
      [
        0.007773536119705332,
        0.004671559072278075,
        0.08502971441720014,
        0.018223908064988973,
        1.0182239080649884,
        0.0
      ],
      [
        0.0,
        0.0,
        0.0,
        0.0,
        0.0,
        1.0
      ]
    ],
    "breakout": [
      [
        1.0,
        0.0,
        0.0,
        0.0,
        0.0,
        0.0
      ],
      [
        0.0,
        1.0,
        0.0,
        0.0,
        0.0,
        0.0
      ],
      [
        0.0,
        0.0,
        1.0,
        0.0,
        0.0,
        0.0
      ],
      [
        0.0,
        0.0,
        0.0,
        1.0,
        0.0,
        0.0
      ],
      [
        0.0,
        0.0,
        0.0,
        0.0,
        1.0,
        0.0
      ],
      [
        0.0,
        0.0,
        0.0,
        0.0,
        0.0,
        1.0
      ]
    ],
    "reversion": [
      [
        1.1777158962446808,
        0.014465456308842203,
        0.5199471881177631,
        0.5823875634980984,
        0.5823875634980984,
        0.0
      ],
      [
        0.014465456308842203,
        1.0012893267527252,
        0.04881271646213372,
        0.04791716369036666,
        0.04791716369036666,
        0.0
      ],
      [
        0.5199471881177631,
        0.04881271646213372,
        2.9691974963116925,
        1.71785129931913,
        1.71785129931913,
        0.0
      ],
      [
        0.5823875634980984,
        0.04791716369036666,
        1.71785129931913,
        2.9182915223696764,
        1.9182915223696917,
        0.0
      ],
      [
        0.5823875634980984,
        0.04791716369036666,
        1.71785129931913,
        1.9182915223696917,
        2.9182915223696764,
        0.0
      ],
      [
        0.0,
        0.0,
        0.0,
        0.0,
        0.0,
        1.0
      ]
    ],
    "vwap": [
      [
        1.0,
        0.0,
        0.0,
        0.0,
        0.0,
        0.0
      ],
      [
        0.0,
        1.0,
        0.0,
        0.0,
        0.0,
        0.0
      ],
      [
        0.0,
        0.0,
        1.0,
        0.0,
        0.0,
        0.0
      ],
      [
        0.0,
        0.0,
        0.0,
        1.0,
        0.0,
        0.0
      ],
      [
        0.0,
        0.0,
        0.0,
        0.0,
        1.0,
        0.0
      ],
      [
        0.0,
        0.0,
        0.0,
        0.0,
        0.0,
        1.0
      ]
    ]
  },
  "b": {
    "trend": [
      [
        0.007925345249196632
      ],
      [
        0.004762789794720081
      ],
      [
        0.08669025689462534
      ],
      [
        0.018579802162176366
      ],
      [
        0.018579802162176366
      ],
      [
        0.0
      ]
    ],
    "breakout": [
      [
        0.0
      ],
      [
        0.0
      ],
      [
        0.0
      ],
      [
        0.0
      ],
      [
        0.0
      ],
      [
        0.0
      ]
    ],
    "reversion": [
      [
        -0.6102662745640735
      ],
      [
        -0.05873064047724107
      ],
      [
        -2.098541623289506
      ],
      [
        -2.158578345809137
      ],
      [
        -2.158578345809137
      ],
      [
        0.0
      ]
    ],
    "vwap": [
      [
        0.0
      ],
      [
        0.0
      ],
      [
        0.0
      ],
      [
        0.0
      ],
      [
        0.0
      ],
      [
        0.0
      ]
    ]
  },
  "counts": {
    "trend": 1,
    "breakout": 0,
    "reversion": 10,
    "vwap": 0
  },
  "reward_sum": {
    "trend": 0.018579802162176366,
    "breakout": 0.0,
    "reversion": -2.158578345809137,
    "vwap": 0.0
  },
  "disabled_until": {
    "trend": 0.0,
    "breakout": 0.0,
    "reversion": 0.0,
    "vwap": 0.0
  },
  "_snapshot_time": "2025-09-26T08:31:00.434566"
}