{
  "arms": [
    "trend",
    "breakout",
    "reversion",
    "vwap"
  ],
  "d": 6,
  "alpha": 0.6,
  "alpha_base": 0.6,
  "alpha_boost_until": 0.0,
  "A": {
    "trend": [
      [
        1.005102826259086,
        0.003066577930275401,
        0.05581653611034237,
        0.011962822991385425,
        0.011962822991385425,
        0.0
      ],
      [
        0.003066577930275401,
        1.0018428807341229,
        0.033543324638117246,
        0.0071891393331020795,
        0.0071891393331020795,
        0.0
      ],
      [
        0.05581653611034237,
        0.033543324638117246,
        1.6105412070047218,
        0.1308536304349965,
        0.1308536304349965,
        0.0
      ],
      [
        0.011962822991385425,
        0.0071891393331020795,
        0.1308536304349965,
        1.0280450728002792,
        0.0280450728002803,
        0.0
      ],
      [
        0.011962822991385425,
        0.0071891393331020795,
        0.1308536304349965,
        0.0280450728002803,
        1.0280450728002792,
        0.0
      ],
      [
        0.0,
        0.0,
        0.0,
        0.0,
        0.0,
        1.0
      ]
    ],
    "breakout": [
      [
        1.0,
        0.0,
        0.0,
        0.0,
        0.0,
        0.0
      ],
      [
        0.0,
        1.0,
        0.0,
        0.0,
        0.0,
        0.0
      ],
      [
        0.0,
        0.0,
        1.0,
        0.0,
        0.0,
        0.0
      ],
      [
        0.0,
        0.0,
        0.0,
        1.0,
        0.0,
        0.0
      ],
      [
        0.0,
        0.0,
        0.0,
        0.0,
        1.0,
        0.0
      ],
      [
        0.0,
        0.0,
        0.0,
        0.0,
        0.0,
        1.0
      ]
    ],
    "reversion": [
      [
        1.1362447020010378,
        0.012654927439988709,
        0.5133292377347666,
        0.4378214710158843,
        0.4378214710158843,
        0.0
      ],
      [
        0.012654927439988709,
        1.0013117995261673,
        0.05504288385561878,
        0.041654027446344666,
        0.041654027446344666,
        0.0
      ],
      [
        0.5133292377347666,
        0.05504288385561878,
        3.4309984059415357,
        1.6855777328995012,
        1.6855777328995012,
        0.0
      ],
      [
        0.4378214710158843,
        0.041654027446344666,
        1.6855777328995012,
        2.4208685573038777,
        1.4208685573038908,
        0.0
      ],
      [
        0.4378214710158843,
        0.041654027446344666,
        1.6855777328995012,
        1.4208685573038908,
        2.4208685573038777,
        0.0
      ],
      [
        0.0,
        0.0,
        0.0,
        0.0,
        0.0,
        1.0
      ]
    ],
    "vwap": [
      [
        1.0,
        0.0,
        0.0,
        0.0,
        0.0,
        0.0
      ],
      [
        0.0,
        1.0,
        0.0,
        0.0,
        0.0,
        0.0
      ],
      [
        0.0,
        0.0,
        1.0,
        0.0,
        0.0,
        0.0
      ],
      [
        0.0,
        0.0,
        0.0,
        1.0,
        0.0,
        0.0
      ],
      [
        0.0,
        0.0,
        0.0,
        0.0,
        1.0,
        0.0
      ],
      [
        0.0,
        0.0,
        0.0,
        0.0,
        0.0,
        1.0
      ]
    ]
  },
  "b": {
    "trend": [
      [
        0.01219644456548182
      ],
      [
        0.007329535797097839
      ],
      [
        0.13340906665105248
      ],
      [
        0.028592764098393526
      ],
      [
        0.028592764098393526
      ],
      [
        0.0
      ]
    ],
    "breakout": [
      [
        0.0
      ],
      [
        0.0
      ],
      [
        0.0
      ],
      [
        0.0
      ],
      [
        0.0
      ],
      [
        0.0
      ]
    ],
    "reversion": [
      [
        -0.28795971830308104
      ],
      [
        -0.04480288549537356
      ],
      [
        -1.8685731031343518
      ],
      [
        -1.1467800567130304
      ],
      [
        -1.1467800567130304
      ],
      [
        0.0
      ]
    ],
    "vwap": [
      [
        0.0
      ],
      [
        0.0
      ],
      [
        0.0
      ],
      [
        0.0
      ],
      [
        0.0
      ],
      [
        0.0
      ]
    ]
  },
  "counts": {
    "trend": 1,
    "breakout": 0,
    "reversion": 9,
    "vwap": 0
  },
  "reward_sum": {
    "trend": 0.028592764098393526,
    "breakout": 0.0,
    "reversion": -1.1467800567130304,
    "vwap": 0.0
  },
  "disabled_until": {
    "trend": 0.0,
    "breakout": 0.0,
    "reversion": 0.0,
    "vwap": 0.0
  },
  "_snapshot_time": "2025-09-25T16:58:00.275974"
}