{
  "arms": [
    "trend",
    "breakout",
    "reversion",
    "vwap"
  ],
  "d": 6,
  "alpha": 0.6,
  "alpha_base": 0.6,
  "alpha_boost_until": 0.0,
  "A": {
    "trend": [
      [
        1.08578598098314,
        0.05155366509717175,
        0.9383576986932636,
        0.20111257047338194,
        0.20111257047338194,
        0.0
      ],
      [
        0.05155366509717175,
        1.0309815234901119,
        0.563912401366531,
        0.12085995854094077,
        0.12085995854094077,
        0.0
      ],
      [
        0.9383576986932636,
        0.563912401366531,
        11.26409164534686,
        2.199841123747033,
        2.199841123747033,
        0.0
      ],
      [
        0.20111257047338194,
        0.12085995854094077,
        2.199841123747033,
        1.4714787374216844,
        0.47147873742168567,
        0.0
      ],
      [
        0.20111257047338194,
        0.12085995854094077,
        2.199841123747033,
        0.47147873742168567,
        1.4714787374216844,
        0.0
      ],
      [
        0.0,
        0.0,
        0.0,
        0.0,
        0.0,
        1.0
      ]
    ],
    "breakout": [
      [
        1.0,
        0.0,
        0.0,
        0.0,
        0.0,
        0.0
      ],
      [
        0.0,
        1.0,
        0.0,
        0.0,
        0.0,
        0.0
      ],
      [
        0.0,
        0.0,
        1.0,
        0.0,
        0.0,
        0.0
      ],
      [
        0.0,
        0.0,
        0.0,
        1.0,
        0.0,
        0.0
      ],
      [
        0.0,
        0.0,
        0.0,
        0.0,
        1.0,
        0.0
      ],
      [
        0.0,
        0.0,
        0.0,
        0.0,
        0.0,
        1.0
      ]
    ],
    "reversion": [
      [
        1.0697746235720516,
        0.00707374798661857,
        0.19938914593471802,
        0.23985169289620728,
        0.23985169289620728,
        0.0
      ],
      [
        0.00707374798661857,
        1.0007677357725113,
        0.02061956303545098,
        0.024072604785454064,
        0.024072604785454064,
        0.0
      ],
      [
        0.19938914593471802,
        0.02061956303545098,
        1.5730274551415837,
        0.683452481145818,
        0.683452481145818,
        0.0
      ],
      [
        0.23985169289620728,
        0.024072604785454064,
        0.683452481145818,
        1.825667349954755,
        0.8256673499547644,
        0.0
      ],
      [
        0.23985169289620728,
        0.024072604785454064,
        0.683452481145818,
        0.8256673499547644,
        1.825667349954755,
        0.0
      ],
      [
        0.0,
        0.0,
        0.0,
        0.0,
        0.0,
        1.0
      ]
    ],
    "vwap": [
      [
        1.0,
        0.0,
        0.0,
        0.0,
        0.0,
        0.0
      ],
      [
        0.0,
        1.0,
        0.0,
        0.0,
        0.0,
        0.0
      ],
      [
        0.0,
        0.0,
        1.0,
        0.0,
        0.0,
        0.0
      ],
      [
        0.0,
        0.0,
        0.0,
        1.0,
        0.0,
        0.0
      ],
      [
        0.0,
        0.0,
        0.0,
        0.0,
        1.0,
        0.0
      ],
      [
        0.0,
        0.0,
        0.0,
        0.0,
        0.0,
        1.0
      ]
    ]
  },
  "b": {
    "trend": [
      [
        0.20504009120309588
      ],
      [
        0.12322022866947936
      ],
      [
        2.242801748213505
      ],
      [
        0.4806862300736094
      ],
      [
        0.4806862300736094
      ],
      [
        0.0
      ]
    ],
    "breakout": [
      [
        0.0
      ],
      [
        0.0
      ],
      [
        0.0
      ],
      [
        0.0
      ],
      [
        0.0
      ],
      [
        0.0
      ]
    ],
    "reversion": [
      [
        0.0956241308242294
      ],
      [
        0.010404371999289183
      ],
      [
        0.27894704100948803
      ],
      [
        0.3252924825312311
      ],
      [
        0.3252924825312311
      ],
      [
        0.0
      ]
    ],
    "vwap": [
      [
        0.0
      ],
      [
        0.0
      ],
      [
        0.0
      ],
      [
        0.0
      ],
      [
        0.0
      ],
      [
        0.0
      ]
    ]
  },
  "counts": {
    "trend": 1,
    "breakout": 0,
    "reversion": 2,
    "vwap": 0
  },
  "reward_sum": {
    "trend": 0.4806862300736094,
    "breakout": 0.0,
    "reversion": 0.3252924825312311,
    "vwap": 0.0
  },
  "disabled_until": {
    "trend": 0.0,
    "breakout": 0.0,
    "reversion": 0.0,
    "vwap": 0.0
  },
  "_snapshot_time": "2025-09-18T19:45:00.018996"
}