{
  "arms": [
    "trend",
    "breakout",
    "reversion",
    "vwap"
  ],
  "d": 6,
  "alpha": 0.6,
  "alpha_base": 0.6,
  "alpha_boost_until": 0.0,
  "A": {
    "trend": [
      [
        1.0427390186143368,
        0.025684302108271655,
        0.4674946499619978,
        0.10019532089664751,
        0.10019532089664751,
        0.0
      ],
      [
        0.025684302108271655,
        1.0154351549515361,
        0.280944069679607,
        0.060213055310572104,
        0.060213055310572104,
        0.0
      ],
      [
        0.4674946499619978,
        0.280944069679607,
        6.113623448287877,
        1.0959722050027112,
        1.0959722050027112,
        0.0
      ],
      [
        0.10019532089664751,
        0.060213055310572104,
        1.0959722050027112,
        1.2348931410936563,
        0.23489314109365644,
        0.0
      ],
      [
        0.10019532089664751,
        0.060213055310572104,
        1.0959722050027112,
        0.23489314109365644,
        1.2348931410936563,
        0.0
      ],
      [
        0.0,
        0.0,
        0.0,
        0.0,
        0.0,
        1.0
      ]
    ],
    "breakout": [
      [
        1.0,
        0.0,
        0.0,
        0.0,
        0.0,
        0.0
      ],
      [
        0.0,
        1.0,
        0.0,
        0.0,
        0.0,
        0.0
      ],
      [
        0.0,
        0.0,
        1.0,
        0.0,
        0.0,
        0.0
      ],
      [
        0.0,
        0.0,
        0.0,
        1.0,
        0.0,
        0.0
      ],
      [
        0.0,
        0.0,
        0.0,
        0.0,
        1.0,
        0.0
      ],
      [
        0.0,
        0.0,
        0.0,
        0.0,
        0.0,
        1.0
      ]
    ],
    "reversion": [
      [
        1.3663201853719906,
        0.025887358869255528,
        0.6549874984327714,
        1.1901288046068683,
        1.1901288046068683,
        0.0
      ],
      [
        0.025887358869255528,
        1.002261582627855,
        0.056879865185873076,
        0.0898117502452095,
        0.0898117502452095,
        0.0
      ],
      [
        0.6549874984327714,
        0.056879865185873076,
        2.5330259626671263,
        2.2830870213074856,
        2.2830870213074856,
        0.0
      ],
      [
        1.1901288046068683,
        0.0898117502452095,
        2.2830870213074856,
        4.962471903452896,
        3.9624719034529066,
        0.0
      ],
      [
        1.1901288046068683,
        0.0898117502452095,
        2.2830870213074856,
        3.9624719034529066,
        4.962471903452896,
        0.0
      ],
      [
        0.0,
        0.0,
        0.0,
        0.0,
        0.0,
        1.0
      ]
    ],
    "vwap": [
      [
        1.0,
        0.0,
        0.0,
        0.0,
        0.0,
        0.0
      ],
      [
        0.0,
        1.0,
        0.0,
        0.0,
        0.0,
        0.0
      ],
      [
        0.0,
        0.0,
        1.0,
        0.0,
        0.0,
        0.0
      ],
      [
        0.0,
        0.0,
        0.0,
        1.0,
        0.0,
        0.0
      ],
      [
        0.0,
        0.0,
        0.0,
        0.0,
        1.0,
        0.0
      ],
      [
        0.0,
        0.0,
        0.0,
        0.0,
        0.0,
        1.0
      ]
    ]
  },
  "b": {
    "trend": [
      [
        0.10215203200085973
      ],
      [
        0.06138895407401109
      ],
      [
        1.1173754099053523
      ],
      [
        0.23948036146850174
      ],
      [
        0.23948036146850174
      ],
      [
        0.0
      ]
    ],
    "breakout": [
      [
        0.0
      ],
      [
        0.0
      ],
      [
        0.0
      ],
      [
        0.0
      ],
      [
        0.0
      ],
      [
        0.0
      ]
    ],
    "reversion": [
      [
        -0.3782434216028804
      ],
      [
        -0.11992872414454339
      ],
      [
        -3.3066890456117983
      ],
      [
        -2.800492645826028
      ],
      [
        -2.800492645826028
      ],
      [
        0.0
      ]
    ],
    "vwap": [
      [
        0.0
      ],
      [
        0.0
      ],
      [
        0.0
      ],
      [
        0.0
      ],
      [
        0.0
      ],
      [
        0.0
      ]
    ]
  },
  "counts": {
    "trend": 1,
    "breakout": 0,
    "reversion": 7,
    "vwap": 0
  },
  "reward_sum": {
    "trend": 0.23948036146850174,
    "breakout": 0.0,
    "reversion": -2.800492645826028,
    "vwap": 0.0
  },
  "disabled_until": {
    "trend": 0.0,
    "breakout": 0.0,
    "reversion": 0.0,
    "vwap": 0.0
  },
  "_snapshot_time": "2025-09-22T02:07:00.024669"
}