{
  "arms": [
    "trend",
    "breakout",
    "reversion",
    "vwap"
  ],
  "d": 6,
  "alpha": 0.6,
  "alpha_base": 0.6,
  "alpha_boost_until": 0.0,
  "A": {
    "trend": [
      [
        1.0635040124395285,
        0.03816316549760751,
        0.6946295686967514,
        0.14887578402347165,
        0.14887578402347165,
        0.0
      ],
      [
        0.03816316549760751,
        1.0229344122496937,
        0.41744233429263694,
        0.0894679086567008,
        0.0894679086567008,
        0.0
      ],
      [
        0.6946295686967514,
        0.41744233429263694,
        8.59810631127125,
        1.6284564970455733,
        1.6284564970455733,
        0.0
      ],
      [
        0.14887578402347165,
        0.0894679086567008,
        1.6284564970455733,
        1.3490173016974092,
        0.34901730169741024,
        0.0
      ],
      [
        0.14887578402347165,
        0.0894679086567008,
        1.6284564970455733,
        0.34901730169741024,
        1.3490173016974092,
        0.0
      ],
      [
        0.0,
        0.0,
        0.0,
        0.0,
        0.0,
        1.0
      ]
    ],
    "breakout": [
      [
        1.0,
        0.0,
        0.0,
        0.0,
        0.0,
        0.0
      ],
      [
        0.0,
        1.0,
        0.0,
        0.0,
        0.0,
        0.0
      ],
      [
        0.0,
        0.0,
        1.0,
        0.0,
        0.0,
        0.0
      ],
      [
        0.0,
        0.0,
        0.0,
        1.0,
        0.0,
        0.0
      ],
      [
        0.0,
        0.0,
        0.0,
        0.0,
        1.0,
        0.0
      ],
      [
        0.0,
        0.0,
        0.0,
        0.0,
        0.0,
        1.0
      ]
    ],
    "reversion": [
      [
        1.1708283396304435,
        0.011833687541831436,
        0.311231206547223,
        0.5133855619947527,
        0.5133855619947527,
        0.0
      ],
      [
        0.011833687541831436,
        1.000933529337865,
        0.024321979022262706,
        0.036410678361626224,
        0.036410678361626224,
        0.0
      ],
      [
        0.311231206547223,
        0.024321979022262706,
        1.64885729648238,
        0.9670351989969812,
        0.9670351989969812,
        0.0
      ],
      [
        0.5133855619947527,
        0.036410678361626224,
        0.9670351989969812,
        2.557563883029849,
        1.5575638830298575,
        0.0
      ],
      [
        0.5133855619947527,
        0.036410678361626224,
        0.9670351989969812,
        1.5575638830298575,
        2.557563883029849,
        0.0
      ],
      [
        0.0,
        0.0,
        0.0,
        0.0,
        0.0,
        1.0
      ]
    ],
    "vwap": [
      [
        1.0,
        0.0,
        0.0,
        0.0,
        0.0,
        0.0
      ],
      [
        0.0,
        1.0,
        0.0,
        0.0,
        0.0,
        0.0
      ],
      [
        0.0,
        0.0,
        1.0,
        0.0,
        0.0,
        0.0
      ],
      [
        0.0,
        0.0,
        0.0,
        1.0,
        0.0,
        0.0
      ],
      [
        0.0,
        0.0,
        0.0,
        0.0,
        1.0,
        0.0
      ],
      [
        0.0,
        0.0,
        0.0,
        0.0,
        0.0,
        1.0
      ]
    ]
  },
  "b": {
    "trend": [
      [
        0.15178317428022345
      ],
      [
        0.09121512448247572
      ],
      [
        1.6602585700563721
      ],
      [
        0.35583324902590857
      ],
      [
        0.35583324902590857
      ],
      [
        0.0
      ]
    ],
    "breakout": [
      [
        0.0
      ],
      [
        0.0
      ],
      [
        0.0
      ],
      [
        0.0
      ],
      [
        0.0
      ],
      [
        0.0
      ]
    ],
    "reversion": [
      [
        -0.14653755205817728
      ],
      [
        -0.0043284595558625676
      ],
      [
        -0.09189513339367072
      ],
      [
        -0.37160448001909197
      ],
      [
        -0.37160448001909197
      ],
      [
        0.0
      ]
    ],
    "vwap": [
      [
        0.0
      ],
      [
        0.0
      ],
      [
        0.0
      ],
      [
        0.0
      ],
      [
        0.0
      ],
      [
        0.0
      ]
    ]
  },
  "counts": {
    "trend": 1,
    "breakout": 0,
    "reversion": 3,
    "vwap": 0
  },
  "reward_sum": {
    "trend": 0.35583324902590857,
    "breakout": 0.0,
    "reversion": -0.37160448001909197,
    "vwap": 0.0
  },
  "disabled_until": {
    "trend": 0.0,
    "breakout": 0.0,
    "reversion": 0.0,
    "vwap": 0.0
  },
  "_snapshot_time": "2025-09-19T06:25:00.462075"
}