{
  "arms": [
    "trend",
    "breakout",
    "reversion",
    "vwap"
  ],
  "d": 6,
  "alpha": 0.6,
  "alpha_base": 0.6,
  "alpha_boost_until": 0.0,
  "A": {
    "trend": [
      [
        1.071622129374557,
        0.04304180273986659,
        0.7834284311399301,
        0.16790751095013237,
        0.16790751095013237,
        0.0
      ],
      [
        0.04304180273986659,
        1.0258662622750188,
        0.4708066108672121,
        0.10090515358825597,
        0.10090515358825597,
        0.0
      ],
      [
        0.7834284311399301,
        0.4708066108672121,
        9.56941998343334,
        1.836632323403147,
        1.836632323403147,
        0.0
      ],
      [
        0.16790751095013237,
        0.10090515358825597,
        1.836632323403147,
        1.3936343764094241,
        0.3936343764094253,
        0.0
      ],
      [
        0.16790751095013237,
        0.10090515358825597,
        1.836632323403147,
        0.3936343764094253,
        1.3936343764094241,
        0.0
      ],
      [
        0.0,
        0.0,
        0.0,
        0.0,
        0.0,
        1.0
      ]
    ],
    "breakout": [
      [
        1.0,
        0.0,
        0.0,
        0.0,
        0.0,
        0.0
      ],
      [
        0.0,
        1.0,
        0.0,
        0.0,
        0.0,
        0.0
      ],
      [
        0.0,
        0.0,
        1.0,
        0.0,
        0.0,
        0.0
      ],
      [
        0.0,
        0.0,
        0.0,
        1.0,
        0.0,
        0.0
      ],
      [
        0.0,
        0.0,
        0.0,
        0.0,
        1.0,
        0.0
      ],
      [
        0.0,
        0.0,
        0.0,
        0.0,
        0.0,
        1.0
      ]
    ],
    "reversion": [
      [
        1.0582543564725415,
        0.00590582386136244,
        0.16646863557841252,
        0.20025053956887298,
        0.20025053956887298,
        0.0
      ],
      [
        0.00590582386136244,
        1.0006409773507763,
        0.01721513229139581,
        0.02009805325493967,
        0.02009805325493967,
        0.0
      ],
      [
        0.16646863557841252,
        0.01721513229139581,
        1.4784167069837468,
        0.5706098066956741,
        0.5706098066956741,
        0.0
      ],
      [
        0.20025053956887298,
        0.02009805325493967,
        0.5706098066956741,
        1.6893440289553845,
        0.6893440289553925,
        0.0
      ],
      [
        0.20025053956887298,
        0.02009805325493967,
        0.5706098066956741,
        0.6893440289553925,
        1.6893440289553845,
        0.0
      ],
      [
        0.0,
        0.0,
        0.0,
        0.0,
        0.0,
        1.0
      ]
    ],
    "vwap": [
      [
        1.0,
        0.0,
        0.0,
        0.0,
        0.0,
        0.0
      ],
      [
        0.0,
        1.0,
        0.0,
        0.0,
        0.0,
        0.0
      ],
      [
        0.0,
        0.0,
        1.0,
        0.0,
        0.0,
        0.0
      ],
      [
        0.0,
        0.0,
        0.0,
        1.0,
        0.0,
        0.0
      ],
      [
        0.0,
        0.0,
        0.0,
        0.0,
        1.0,
        0.0
      ],
      [
        0.0,
        0.0,
        0.0,
        0.0,
        0.0,
        1.0
      ]
    ]
  },
  "b": {
    "trend": [
      [
        0.17118657117187322
      ],
      [
        0.10287572699159936
      ],
      [
        1.87249985523395
      ],
      [
        0.4013216491126537
      ],
      [
        0.4013216491126537
      ],
      [
        0.0
      ]
    ],
    "breakout": [
      [
        0.0
      ],
      [
        0.0
      ],
      [
        0.0
      ],
      [
        0.0
      ],
      [
        0.0
      ],
      [
        0.0
      ]
    ],
    "reversion": [
      [
        0.07983593345594112
      ],
      [
        0.00868653909244882
      ],
      [
        0.23289097858259827
      ],
      [
        0.2715844710454709
      ],
      [
        0.2715844710454709
      ],
      [
        0.0
      ]
    ],
    "vwap": [
      [
        0.0
      ],
      [
        0.0
      ],
      [
        0.0
      ],
      [
        0.0
      ],
      [
        0.0
      ],
      [
        0.0
      ]
    ]
  },
  "counts": {
    "trend": 1,
    "breakout": 0,
    "reversion": 2,
    "vwap": 0
  },
  "reward_sum": {
    "trend": 0.4013216491126537,
    "breakout": 0.0,
    "reversion": 0.2715844710454709,
    "vwap": 0.0
  },
  "disabled_until": {
    "trend": 0.0,
    "breakout": 0.0,
    "reversion": 0.0,
    "vwap": 0.0
  },
  "_snapshot_time": "2025-09-19T02:19:00.389086"
}