{
  "arms": [
    "trend",
    "breakout",
    "reversion",
    "vwap"
  ],
  "d": 6,
  "alpha": 0.6,
  "alpha_base": 0.6,
  "alpha_boost_until": 0.0,
  "A": {
    "trend": [
      [
        1.0093119597957139,
        0.00559608517854253,
        0.10185754203762212,
        0.021830515303293673,
        0.021830515303293673,
        0.0
      ],
      [
        0.00559608517854253,
        1.003363005211849,
        0.06121197834015285,
        0.01311919572343516,
        0.01311919572343516,
        0.0
      ],
      [
        0.10185754203762212,
        0.06121197834015285,
        2.1141541735095433,
        0.23878997321617154,
        0.23878997321617154,
        0.0
      ],
      [
        0.021830515303293673,
        0.01311919572343516,
        0.23878997321617154,
        1.0511784209621244,
        0.051178420962124486,
        0.0
      ],
      [
        0.021830515303293673,
        0.01311919572343516,
        0.23878997321617154,
        0.051178420962124486,
        1.0511784209621244,
        0.0
      ],
      [
        0.0,
        0.0,
        0.0,
        0.0,
        0.0,
        1.0
      ]
    ],
    "breakout": [
      [
        1.0,
        0.0,
        0.0,
        0.0,
        0.0,
        0.0
      ],
      [
        0.0,
        1.0,
        0.0,
        0.0,
        0.0,
        0.0
      ],
      [
        0.0,
        0.0,
        1.0,
        0.0,
        0.0,
        0.0
      ],
      [
        0.0,
        0.0,
        0.0,
        1.0,
        0.0,
        0.0
      ],
      [
        0.0,
        0.0,
        0.0,
        0.0,
        1.0,
        0.0
      ],
      [
        0.0,
        0.0,
        0.0,
        0.0,
        0.0,
        1.0
      ]
    ],
    "reversion": [
      [
        1.1073904769141278,
        0.006997955913051257,
        0.18036636921019364,
        0.33740377449767517,
        0.33740377449767517,
        0.0
      ],
      [
        0.006997955913051257,
        1.0005595899236428,
        0.01424689542584917,
        0.023413027969305215,
        0.023413027969305215,
        0.0
      ],
      [
        0.18036636921019364,
        0.01424689542584917,
        1.3854395562267303,
        0.6040875182279505,
        0.6040875182279505,
        0.0
      ],
      [
        0.33740377449767517,
        0.023413027969305215,
        0.6040875182279505,
        2.0845224872693606,
        1.0845224872693797,
        0.0
      ],
      [
        0.33740377449767517,
        0.023413027969305215,
        0.6040875182279505,
        1.0845224872693797,
        2.0845224872693606,
        0.0
      ],
      [
        0.0,
        0.0,
        0.0,
        0.0,
        0.0,
        1.0
      ]
    ],
    "vwap": [
      [
        1.0,
        0.0,
        0.0,
        0.0,
        0.0,
        0.0
      ],
      [
        0.0,
        1.0,
        0.0,
        0.0,
        0.0,
        0.0
      ],
      [
        0.0,
        0.0,
        1.0,
        0.0,
        0.0,
        0.0
      ],
      [
        0.0,
        0.0,
        0.0,
        1.0,
        0.0,
        0.0
      ],
      [
        0.0,
        0.0,
        0.0,
        0.0,
        1.0,
        0.0
      ],
      [
        0.0,
        0.0,
        0.0,
        0.0,
        0.0,
        1.0
      ]
    ]
  },
  "b": {
    "trend": [
      [
        0.022256842713819076
      ],
      [
        0.01337540006232698
      ],
      [
        0.2434532946965088
      ],
      [
        0.05217788265051956
      ],
      [
        0.05217788265051956
      ],
      [
        0.0
      ]
    ],
    "breakout": [
      [
        0.0
      ],
      [
        0.0
      ],
      [
        0.0
      ],
      [
        0.0
      ],
      [
        0.0
      ],
      [
        0.0
      ]
    ],
    "reversion": [
      [
        -0.0030696945181022746
      ],
      [
        -0.022223954902446722
      ],
      [
        -0.6121134284721069
      ],
      [
        -0.38546969267578884
      ],
      [
        -0.38546969267578884
      ],
      [
        0.0
      ]
    ],
    "vwap": [
      [
        0.0
      ],
      [
        0.0
      ],
      [
        0.0
      ],
      [
        0.0
      ],
      [
        0.0
      ],
      [
        0.0
      ]
    ]
  },
  "counts": {
    "trend": 1,
    "breakout": 0,
    "reversion": 8,
    "vwap": 0
  },
  "reward_sum": {
    "trend": 0.05217788265051956,
    "breakout": 0.0,
    "reversion": -0.38546969267578884,
    "vwap": 0.0
  },
  "disabled_until": {
    "trend": 0.0,
    "breakout": 0.0,
    "reversion": 0.0,
    "vwap": 0.0
  },
  "_snapshot_time": "2025-09-24T12:22:00.265447"
}