{
  "arms": [
    "trend",
    "breakout",
    "reversion",
    "vwap"
  ],
  "d": 6,
  "alpha": 0.6,
  "alpha_base": 0.6,
  "alpha_boost_until": 0.0,
  "A": {
    "trend": [
      [
        1.015295233043081,
        0.009191773677345914,
        0.16730472175986624,
        0.035857416305441744,
        0.035857416305441744,
        0.0
      ],
      [
        0.009191773677345914,
        1.0055238585183757,
        0.10054290335012803,
        0.021548756688158022,
        0.021548756688158022,
        0.0
      ],
      [
        0.16730472175986624,
        0.10054290335012803,
        2.8300387999521877,
        0.3922212261240441,
        0.3922212261240441,
        0.0
      ],
      [
        0.035857416305441744,
        0.021548756688158022,
        0.3922212261240441,
        1.0840624200023883,
        0.08406242000238873,
        0.0
      ],
      [
        0.035857416305441744,
        0.021548756688158022,
        0.3922212261240441,
        0.08406242000238873,
        1.0840624200023883,
        0.0
      ],
      [
        0.0,
        0.0,
        0.0,
        0.0,
        0.0,
        1.0
      ]
    ],
    "breakout": [
      [
        1.0,
        0.0,
        0.0,
        0.0,
        0.0,
        0.0
      ],
      [
        0.0,
        1.0,
        0.0,
        0.0,
        0.0,
        0.0
      ],
      [
        0.0,
        0.0,
        1.0,
        0.0,
        0.0,
        0.0
      ],
      [
        0.0,
        0.0,
        0.0,
        1.0,
        0.0,
        0.0
      ],
      [
        0.0,
        0.0,
        0.0,
        0.0,
        1.0,
        0.0
      ],
      [
        0.0,
        0.0,
        0.0,
        0.0,
        0.0,
        1.0
      ]
    ],
    "reversion": [
      [
        1.1763927687666063,
        0.011494397405431279,
        0.296258329151541,
        0.5541979855768766,
        0.5541979855768766,
        0.0
      ],
      [
        0.011494397405431279,
        1.000919146826065,
        0.023401044512572383,
        0.03845675098377839,
        0.03845675098377839,
        0.0
      ],
      [
        0.296258329151541,
        0.023401044512572383,
        1.6330985062052745,
        0.9922357454728821,
        0.9922357454728821,
        0.0
      ],
      [
        0.5541979855768766,
        0.03845675098377839,
        0.9922357454728821,
        2.781367676316999,
        1.7813676763170163,
        0.0
      ],
      [
        0.5541979855768766,
        0.03845675098377839,
        0.9922357454728821,
        1.7813676763170163,
        2.781367676316999,
        0.0
      ],
      [
        0.0,
        0.0,
        0.0,
        0.0,
        0.0,
        1.0
      ]
    ],
    "vwap": [
      [
        1.0,
        0.0,
        0.0,
        0.0,
        0.0,
        0.0
      ],
      [
        0.0,
        1.0,
        0.0,
        0.0,
        0.0,
        0.0
      ],
      [
        0.0,
        0.0,
        1.0,
        0.0,
        0.0,
        0.0
      ],
      [
        0.0,
        0.0,
        0.0,
        1.0,
        0.0,
        0.0
      ],
      [
        0.0,
        0.0,
        0.0,
        0.0,
        1.0,
        0.0
      ],
      [
        0.0,
        0.0,
        0.0,
        0.0,
        0.0,
        1.0
      ]
    ]
  },
  "b": {
    "trend": [
      [
        0.03655767460119183
      ],
      [
        0.021969581644017796
      ],
      [
        0.39988090146214006
      ],
      [
        0.08570407221921536
      ],
      [
        0.08570407221921536
      ],
      [
        0.0
      ]
    ],
    "breakout": [
      [
        0.0
      ],
      [
        0.0
      ],
      [
        0.0
      ],
      [
        0.0
      ],
      [
        0.0
      ],
      [
        0.0
      ]
    ],
    "reversion": [
      [
        -0.005042085023504629
      ],
      [
        -0.036503655173461005
      ],
      [
        -1.0054185952983008
      ],
      [
        -0.6331480064202178
      ],
      [
        -0.6331480064202178
      ],
      [
        0.0
      ]
    ],
    "vwap": [
      [
        0.0
      ],
      [
        0.0
      ],
      [
        0.0
      ],
      [
        0.0
      ],
      [
        0.0
      ],
      [
        0.0
      ]
    ]
  },
  "counts": {
    "trend": 1,
    "breakout": 0,
    "reversion": 8,
    "vwap": 0
  },
  "reward_sum": {
    "trend": 0.08570407221921536,
    "breakout": 0.0,
    "reversion": -0.6331480064202178,
    "vwap": 0.0
  },
  "disabled_until": {
    "trend": 0.0,
    "breakout": 0.0,
    "reversion": 0.0,
    "vwap": 0.0
  },
  "_snapshot_time": "2025-09-23T17:43:00.264587"
}