{
  "arms": [
    "trend",
    "breakout",
    "reversion",
    "vwap"
  ],
  "d": 6,
  "alpha": 0.6,
  "alpha_base": 0.6,
  "alpha_boost_until": 0.0,
  "A": {
    "trend": [
      [
        1.0133591639132185,
        0.008028279847911093,
        0.14612730614500302,
        0.03131858799272121,
        0.03131858799272121,
        0.0
      ],
      [
        0.008028279847911093,
        1.004824649037551,
        0.08781619229873998,
        0.018821117135798683,
        0.018821117135798683,
        0.0
      ],
      [
        0.14612730614500302,
        0.08781619229873998,
        2.5983926643844204,
        0.34257390098445767,
        0.34257390098445767,
        0.0
      ],
      [
        0.03131858799272121,
        0.018821117135798683,
        0.34257390098445767,
        1.0734218069506123,
        0.07342180695061275,
        0.0
      ],
      [
        0.03131858799272121,
        0.018821117135798683,
        0.34257390098445767,
        0.07342180695061275,
        1.0734218069506123,
        0.0
      ],
      [
        0.0,
        0.0,
        0.0,
        0.0,
        0.0,
        1.0
      ]
    ],
    "breakout": [
      [
        1.0,
        0.0,
        0.0,
        0.0,
        0.0,
        0.0
      ],
      [
        0.0,
        1.0,
        0.0,
        0.0,
        0.0,
        0.0
      ],
      [
        0.0,
        0.0,
        1.0,
        0.0,
        0.0,
        0.0
      ],
      [
        0.0,
        0.0,
        0.0,
        1.0,
        0.0,
        0.0
      ],
      [
        0.0,
        0.0,
        0.0,
        0.0,
        1.0,
        0.0
      ],
      [
        0.0,
        0.0,
        0.0,
        0.0,
        0.0,
        1.0
      ]
    ],
    "reversion": [
      [
        1.1540649890343144,
        0.01003943768560575,
        0.2587579782958595,
        0.4840476577796317,
        0.4840476577796317,
        0.0
      ],
      [
        0.01003943768560575,
        1.0008028013090833,
        0.020438942545265328,
        0.03358889913707611,
        0.03358889913707611,
        0.0
      ],
      [
        0.2587579782958595,
        0.020438942545265328,
        1.5529609580833394,
        0.8666386400907462,
        0.8666386400907462,
        0.0
      ],
      [
        0.4840476577796317,
        0.03358889913707611,
        0.8666386400907462,
        2.5558823269053117,
        1.5558823269053286,
        0.0
      ],
      [
        0.4840476577796317,
        0.03358889913707611,
        0.8666386400907462,
        1.5558823269053286,
        2.5558823269053117,
        0.0
      ],
      [
        0.0,
        0.0,
        0.0,
        0.0,
        0.0,
        1.0
      ]
    ],
    "vwap": [
      [
        1.0,
        0.0,
        0.0,
        0.0,
        0.0,
        0.0
      ],
      [
        0.0,
        1.0,
        0.0,
        0.0,
        0.0,
        0.0
      ],
      [
        0.0,
        0.0,
        1.0,
        0.0,
        0.0,
        0.0
      ],
      [
        0.0,
        0.0,
        0.0,
        1.0,
        0.0,
        0.0
      ],
      [
        0.0,
        0.0,
        0.0,
        0.0,
        1.0,
        0.0
      ],
      [
        0.0,
        0.0,
        0.0,
        0.0,
        0.0,
        1.0
      ]
    ]
  },
  "b": {
    "trend": [
      [
        0.031930207660637824
      ],
      [
        0.0191886741091556
      ],
      [
        0.34926401535378065
      ],
      [
        0.07485565898747379
      ],
      [
        0.07485565898747379
      ],
      [
        0.0
      ]
    ],
    "breakout": [
      [
        0.0
      ],
      [
        0.0
      ],
      [
        0.0
      ],
      [
        0.0
      ],
      [
        0.0
      ],
      [
        0.0
      ]
    ],
    "reversion": [
      [
        -0.004403858385397581
      ],
      [
        -0.03188302600688193
      ],
      [
        -0.8781528060511518
      ],
      [
        -0.5530041925658291
      ],
      [
        -0.5530041925658291
      ],
      [
        0.0
      ]
    ],
    "vwap": [
      [
        0.0
      ],
      [
        0.0
      ],
      [
        0.0
      ],
      [
        0.0
      ],
      [
        0.0
      ],
      [
        0.0
      ]
    ]
  },
  "counts": {
    "trend": 1,
    "breakout": 0,
    "reversion": 8,
    "vwap": 0
  },
  "reward_sum": {
    "trend": 0.07485565898747379,
    "breakout": 0.0,
    "reversion": -0.5530041925658291,
    "vwap": 0.0
  },
  "disabled_until": {
    "trend": 0.0,
    "breakout": 0.0,
    "reversion": 0.0,
    "vwap": 0.0
  },
  "_snapshot_time": "2025-09-24T00:25:00.934723"
}