{
  "arms": [
    "trend",
    "breakout",
    "reversion",
    "vwap"
  ],
  "d": 6,
  "alpha": 0.6,
  "alpha_base": 0.6,
  "alpha_boost_until": 0.0,
  "A": {
    "trend": [
      [
        1.0057840729680265,
        0.003475977744543056,
        0.06326825592187374,
        0.013559905349031625,
        0.013559905349031625,
        0.0
      ],
      [
        0.003475977744543056,
        1.0020889123196306,
        0.0380214860248496,
        0.008148916770570287,
        0.008148916770570287,
        0.0
      ],
      [
        0.06326825592187374,
        0.0380214860248496,
        1.6920507797055313,
        0.14832308766529906,
        0.14832308766529906,
        0.0
      ],
      [
        0.013559905349031625,
        0.008148916770570287,
        0.14832308766529906,
        1.0317891966597128,
        0.03178919665971424,
        0.0
      ],
      [
        0.013559905349031625,
        0.008148916770570287,
        0.14832308766529906,
        0.03178919665971424,
        1.0317891966597128,
        0.0
      ],
      [
        0.0,
        0.0,
        0.0,
        0.0,
        0.0,
        1.0
      ]
    ],
    "breakout": [
      [
        1.0,
        0.0,
        0.0,
        0.0,
        0.0,
        0.0
      ],
      [
        0.0,
        1.0,
        0.0,
        0.0,
        0.0,
        0.0
      ],
      [
        0.0,
        0.0,
        1.0,
        0.0,
        0.0,
        0.0
      ],
      [
        0.0,
        0.0,
        0.0,
        1.0,
        0.0,
        0.0
      ],
      [
        0.0,
        0.0,
        0.0,
        0.0,
        1.0,
        0.0
      ],
      [
        0.0,
        0.0,
        0.0,
        0.0,
        0.0,
        1.0
      ]
    ],
    "reversion": [
      [
        1.1544338877848053,
        0.014344408373231043,
        0.5818606428922728,
        0.49627230220027124,
        0.49627230220027124,
        0.0
      ],
      [
        0.014344408373231043,
        1.001486929750992,
        0.062391318149353704,
        0.047214998498693504,
        0.047214998498693504,
        0.0
      ],
      [
        0.5818606428922728,
        0.062391318149353704,
        3.7555459369374495,
        1.9106087696032628,
        1.9106087696032628,
        0.0
      ],
      [
        0.49627230220027124,
        0.047214998498693504,
        1.9106087696032628,
        2.610559912516469,
        1.610559912516482,
        0.0
      ],
      [
        0.49627230220027124,
        0.047214998498693504,
        1.9106087696032628,
        1.610559912516482,
        2.610559912516469,
        0.0
      ],
      [
        0.0,
        0.0,
        0.0,
        0.0,
        0.0,
        1.0
      ]
    ],
    "vwap": [
      [
        1.0,
        0.0,
        0.0,
        0.0,
        0.0,
        0.0
      ],
      [
        0.0,
        1.0,
        0.0,
        0.0,
        0.0,
        0.0
      ],
      [
        0.0,
        0.0,
        1.0,
        0.0,
        0.0,
        0.0
      ],
      [
        0.0,
        0.0,
        0.0,
        1.0,
        0.0,
        0.0
      ],
      [
        0.0,
        0.0,
        0.0,
        0.0,
        1.0,
        0.0
      ],
      [
        0.0,
        0.0,
        0.0,
        0.0,
        0.0,
        1.0
      ]
    ]
  },
  "b": {
    "trend": [
      [
        0.013824716291609312
      ],
      [
        0.008308056696363066
      ],
      [
        0.1512196843331725
      ],
      [
        0.03241000682870625
      ],
      [
        0.03241000682870625
      ],
      [
        0.0
      ]
    ],
    "breakout": [
      [
        0.0
      ],
      [
        0.0
      ],
      [
        0.0
      ],
      [
        0.0
      ],
      [
        0.0
      ],
      [
        0.0
      ]
    ],
    "reversion": [
      [
        -0.3264034356552308
      ],
      [
        -0.050784241070711465
      ],
      [
        -2.1180347175991896
      ],
      [
        -1.2998795548829665
      ],
      [
        -1.2998795548829665
      ],
      [
        0.0
      ]
    ],
    "vwap": [
      [
        0.0
      ],
      [
        0.0
      ],
      [
        0.0
      ],
      [
        0.0
      ],
      [
        0.0
      ],
      [
        0.0
      ]
    ]
  },
  "counts": {
    "trend": 1,
    "breakout": 0,
    "reversion": 9,
    "vwap": 0
  },
  "reward_sum": {
    "trend": 0.03241000682870625,
    "breakout": 0.0,
    "reversion": -1.2998795548829665,
    "vwap": 0.0
  },
  "disabled_until": {
    "trend": 0.0,
    "breakout": 0.0,
    "reversion": 0.0,
    "vwap": 0.0
  },
  "_snapshot_time": "2025-09-25T10:59:00.806991"
}