{
  "arms": [
    "trend",
    "breakout",
    "reversion",
    "vwap"
  ],
  "d": 6,
  "alpha": 0.6,
  "alpha_base": 0.6,
  "alpha_boost_until": 0.0,
  "A": {
    "trend": [
      [
        1.0052586261563312,
        0.0031602069315728397,
        0.05752073103077748,
        0.012328072854538543,
        0.012328072854538543,
        0.0
      ],
      [
        0.0031602069315728397,
        1.0018991477152888,
        0.034567472094164664,
        0.007408638707078867,
        0.007408638707078867,
        0.0
      ],
      [
        0.05752073103077748,
        0.034567472094164664,
        1.6291822997023568,
        0.1348488638881612,
        0.1348488638881612,
        0.0
      ],
      [
        0.012328072854538543,
        0.007408638707078867,
        0.1348488638881612,
        1.0289013471938566,
        0.028901347193857643,
        0.0
      ],
      [
        0.012328072854538543,
        0.007408638707078867,
        0.1348488638881612,
        0.028901347193857643,
        1.0289013471938566,
        0.0
      ],
      [
        0.0,
        0.0,
        0.0,
        0.0,
        0.0,
        1.0
      ]
    ],
    "breakout": [
      [
        1.0,
        0.0,
        0.0,
        0.0,
        0.0,
        0.0
      ],
      [
        0.0,
        1.0,
        0.0,
        0.0,
        0.0,
        0.0
      ],
      [
        0.0,
        0.0,
        1.0,
        0.0,
        0.0,
        0.0
      ],
      [
        0.0,
        0.0,
        0.0,
        1.0,
        0.0,
        0.0
      ],
      [
        0.0,
        0.0,
        0.0,
        0.0,
        1.0,
        0.0
      ],
      [
        0.0,
        0.0,
        0.0,
        0.0,
        0.0,
        1.0
      ]
    ],
    "reversion": [
      [
        1.1404045360800885,
        0.013041308691219878,
        0.5290022468539463,
        0.4511890709953544,
        0.4511890709953544,
        0.0
      ],
      [
        0.013041308691219878,
        1.0013518514936472,
        0.05672345756387268,
        0.04292581152569696,
        0.04292581152569696,
        0.0
      ],
      [
        0.5290022468539463,
        0.05672345756387268,
        3.5052218426449793,
        1.7370419263193004,
        1.7370419263193004,
        0.0
      ],
      [
        0.4511890709953544,
        0.04292581152569696,
        1.7370419263193004,
        2.4642506291181583,
        1.4642506291181718,
        0.0
      ],
      [
        0.4511890709953544,
        0.04292581152569696,
        1.7370419263193004,
        1.4642506291181718,
        2.4642506291181583,
        0.0
      ],
      [
        0.0,
        0.0,
        0.0,
        0.0,
        0.0,
        1.0
      ]
    ],
    "vwap": [
      [
        1.0,
        0.0,
        0.0,
        0.0,
        0.0,
        0.0
      ],
      [
        0.0,
        1.0,
        0.0,
        0.0,
        0.0,
        0.0
      ],
      [
        0.0,
        0.0,
        1.0,
        0.0,
        0.0,
        0.0
      ],
      [
        0.0,
        0.0,
        0.0,
        1.0,
        0.0,
        0.0
      ],
      [
        0.0,
        0.0,
        0.0,
        0.0,
        1.0,
        0.0
      ],
      [
        0.0,
        0.0,
        0.0,
        0.0,
        0.0,
        1.0
      ]
    ]
  },
  "b": {
    "trend": [
      [
        0.012568827381118624
      ],
      [
        0.00755332176708115
      ],
      [
        0.13748232288603746
      ],
      [
        0.02946576064625084
      ],
      [
        0.02946576064625084
      ],
      [
        0.0
      ]
    ],
    "breakout": [
      [
        0.0
      ],
      [
        0.0
      ],
      [
        0.0
      ],
      [
        0.0
      ],
      [
        0.0
      ],
      [
        0.0
      ]
    ],
    "reversion": [
      [
        -0.2967517273280035
      ],
      [
        -0.046170810759154024
      ],
      [
        -1.9256245257544884
      ],
      [
        -1.1817936366249615
      ],
      [
        -1.1817936366249615
      ],
      [
        0.0
      ]
    ],
    "vwap": [
      [
        0.0
      ],
      [
        0.0
      ],
      [
        0.0
      ],
      [
        0.0
      ],
      [
        0.0
      ],
      [
        0.0
      ]
    ]
  },
  "counts": {
    "trend": 1,
    "breakout": 0,
    "reversion": 9,
    "vwap": 0
  },
  "reward_sum": {
    "trend": 0.02946576064625084,
    "breakout": 0.0,
    "reversion": -1.1817936366249615,
    "vwap": 0.0
  },
  "disabled_until": {
    "trend": 0.0,
    "breakout": 0.0,
    "reversion": 0.0,
    "vwap": 0.0
  },
  "_snapshot_time": "2025-09-25T15:50:00.466917"
}