{
  "arms": [
    "trend",
    "breakout",
    "reversion",
    "vwap"
  ],
  "d": 6,
  "alpha": 0.6,
  "alpha_base": 0.6,
  "alpha_boost_until": 0.0,
  "A": {
    "trend": [
      [
        1.0120848396836037,
        0.007262466088997887,
        0.13218829259306727,
        0.02833112292561841,
        0.02833112292561841,
        0.0
      ],
      [
        0.007262466088997887,
        1.004364428083015,
        0.07943944789125135,
        0.01702577981151968,
        0.01702577981151968,
        0.0
      ],
      [
        0.13218829259306727,
        0.07943944789125135,
        2.445922755796214,
        0.30989594109909946,
        0.30989594109909946,
        0.0
      ],
      [
        0.02833112292561841,
        0.01702577981151968,
        0.30989594109909946,
        1.0664181360482239,
        0.06641813604822402,
        0.0
      ],
      [
        0.02833112292561841,
        0.01702577981151968,
        0.30989594109909946,
        0.06641813604822402,
        1.0664181360482239,
        0.0
      ],
      [
        0.0,
        0.0,
        0.0,
        0.0,
        0.0,
        1.0
      ]
    ],
    "breakout": [
      [
        1.0,
        0.0,
        0.0,
        0.0,
        0.0,
        0.0
      ],
      [
        0.0,
        1.0,
        0.0,
        0.0,
        0.0,
        0.0
      ],
      [
        0.0,
        0.0,
        1.0,
        0.0,
        0.0,
        0.0
      ],
      [
        0.0,
        0.0,
        0.0,
        1.0,
        0.0,
        0.0
      ],
      [
        0.0,
        0.0,
        0.0,
        0.0,
        1.0,
        0.0
      ],
      [
        0.0,
        0.0,
        0.0,
        0.0,
        0.0,
        1.0
      ]
    ],
    "reversion": [
      [
        1.139368803723836,
        0.00908178054646291,
        0.23407517902110656,
        0.43787458417983643,
        0.43787458417983643,
        0.0
      ],
      [
        0.00908178054646291,
        1.0007262224777749,
        0.018489281632177782,
        0.030384870180286128,
        0.030384870180286128,
        0.0
      ],
      [
        0.23407517902110656,
        0.018489281632177782,
        1.5002142778648824,
        0.7839703964370315,
        0.7839703964370315,
        0.0
      ],
      [
        0.43787458417983643,
        0.030384870180286128,
        0.7839703964370315,
        2.4074674589926013,
        1.4074674589926186,
        0.0
      ],
      [
        0.43787458417983643,
        0.030384870180286128,
        0.7839703964370315,
        1.4074674589926186,
        2.4074674589926013,
        0.0
      ],
      [
        0.0,
        0.0,
        0.0,
        0.0,
        0.0,
        1.0
      ]
    ],
    "vwap": [
      [
        1.0,
        0.0,
        0.0,
        0.0,
        0.0,
        0.0
      ],
      [
        0.0,
        1.0,
        0.0,
        0.0,
        0.0,
        0.0
      ],
      [
        0.0,
        0.0,
        1.0,
        0.0,
        0.0,
        0.0
      ],
      [
        0.0,
        0.0,
        0.0,
        1.0,
        0.0,
        0.0
      ],
      [
        0.0,
        0.0,
        0.0,
        0.0,
        1.0,
        0.0
      ],
      [
        0.0,
        0.0,
        0.0,
        0.0,
        0.0,
        1.0
      ]
    ]
  },
  "b": {
    "trend": [
      [
        0.028884400487157857
      ],
      [
        0.017358275701716365
      ],
      [
        0.31594788867182494
      ],
      [
        0.06771521362793165
      ],
      [
        0.06771521362793165
      ],
      [
        0.0
      ]
    ],
    "breakout": [
      [
        0.0
      ],
      [
        0.0
      ],
      [
        0.0
      ],
      [
        0.0
      ],
      [
        0.0
      ],
      [
        0.0
      ]
    ],
    "reversion": [
      [
        -0.003983776449075908
      ],
      [
        -0.02884171946869358
      ],
      [
        -0.7943862316364354
      ],
      [
        -0.5002533882308517
      ],
      [
        -0.5002533882308517
      ],
      [
        0.0
      ]
    ],
    "vwap": [
      [
        0.0
      ],
      [
        0.0
      ],
      [
        0.0
      ],
      [
        0.0
      ],
      [
        0.0
      ],
      [
        0.0
      ]
    ]
  },
  "counts": {
    "trend": 1,
    "breakout": 0,
    "reversion": 8,
    "vwap": 0
  },
  "reward_sum": {
    "trend": 0.06771521362793165,
    "breakout": 0.0,
    "reversion": -0.5002533882308517,
    "vwap": 0.0
  },
  "disabled_until": {
    "trend": 0.0,
    "breakout": 0.0,
    "reversion": 0.0,
    "vwap": 0.0
  },
  "_snapshot_time": "2025-09-24T03:44:00.721909"
}