{
  "arms": [
    "trend",
    "breakout",
    "reversion",
    "vwap"
  ],
  "d": 6,
  "alpha": 0.6,
  "alpha_base": 0.6,
  "alpha_boost_until": 0.0,
  "A": {
    "trend": [
      [
        1.145208768953844,
        0.08726419116534256,
        1.5883453765294395,
        0.340420526115134,
        0.340420526115134,
        0.0
      ],
      [
        0.08726419116534256,
        1.0524420054973551,
        0.9545268896130528,
        0.20457801606292836,
        0.20457801606292836,
        0.0
      ],
      [
        1.5883453765294395,
        0.9545268896130528,
        18.373889010410615,
        3.7236412967770653,
        3.7236412967770653,
        0.0
      ],
      [
        0.340420526115134,
        0.20457801606292836,
        3.7236412967770653,
        1.7980656776819046,
        0.798065677681905,
        0.0
      ],
      [
        0.340420526115134,
        0.20457801606292836,
        3.7236412967770653,
        0.798065677681905,
        1.7980656776819046,
        0.0
      ],
      [
        0.0,
        0.0,
        0.0,
        0.0,
        0.0,
        1.0
      ]
    ],
    "breakout": [
      [
        1.0,
        0.0,
        0.0,
        0.0,
        0.0,
        0.0
      ],
      [
        0.0,
        1.0,
        0.0,
        0.0,
        0.0,
        0.0
      ],
      [
        0.0,
        0.0,
        1.0,
        0.0,
        0.0,
        0.0
      ],
      [
        0.0,
        0.0,
        0.0,
        1.0,
        0.0,
        0.0
      ],
      [
        0.0,
        0.0,
        0.0,
        0.0,
        1.0,
        0.0
      ],
      [
        0.0,
        0.0,
        0.0,
        0.0,
        0.0,
        1.0
      ]
    ],
    "reversion": [
      [
        1.118106560967191,
        0.011973637478465214,
        0.3375033087239448,
        0.40599371433194026,
        0.40599371433194026,
        0.0
      ],
      [
        0.011973637478465214,
        1.0012995359513357,
        0.03490245527800774,
        0.04074737231360972,
        0.04074737231360972,
        0.0
      ],
      [
        0.3375033087239448,
        0.03490245527800774,
        1.969955817771881,
        1.1568707647598129,
        1.1568707647598129,
        0.0
      ],
      [
        0.40599371433194026,
        0.04074737231360972,
        1.1568707647598129,
        2.3975959484088487,
        1.3975959484088565,
        0.0
      ],
      [
        0.40599371433194026,
        0.04074737231360972,
        1.1568707647598129,
        1.3975959484088565,
        2.3975959484088487,
        0.0
      ],
      [
        0.0,
        0.0,
        0.0,
        0.0,
        0.0,
        1.0
      ]
    ],
    "vwap": [
      [
        1.0,
        0.0,
        0.0,
        0.0,
        0.0,
        0.0
      ],
      [
        0.0,
        1.0,
        0.0,
        0.0,
        0.0,
        0.0
      ],
      [
        0.0,
        0.0,
        1.0,
        0.0,
        0.0,
        0.0
      ],
      [
        0.0,
        0.0,
        0.0,
        1.0,
        0.0,
        0.0
      ],
      [
        0.0,
        0.0,
        0.0,
        0.0,
        1.0,
        0.0
      ],
      [
        0.0,
        0.0,
        0.0,
        0.0,
        0.0,
        1.0
      ]
    ]
  },
  "b": {
    "trend": [
      [
        0.3470685872979346
      ],
      [
        0.2085732133648159
      ],
      [
        3.7963601643679232
      ],
      [
        0.8136510758765133
      ],
      [
        0.8136510758765133
      ],
      [
        0.0
      ]
    ],
    "breakout": [
      [
        0.0
      ],
      [
        0.0
      ],
      [
        0.0
      ],
      [
        0.0
      ],
      [
        0.0
      ],
      [
        0.0
      ]
    ],
    "reversion": [
      [
        0.1618616720370296
      ],
      [
        0.01761133966692733
      ],
      [
        0.4721698809537021
      ],
      [
        0.5506181825627655
      ],
      [
        0.5506181825627655
      ],
      [
        0.0
      ]
    ],
    "vwap": [
      [
        0.0
      ],
      [
        0.0
      ],
      [
        0.0
      ],
      [
        0.0
      ],
      [
        0.0
      ],
      [
        0.0
      ]
    ]
  },
  "counts": {
    "trend": 1,
    "breakout": 0,
    "reversion": 2,
    "vwap": 0
  },
  "reward_sum": {
    "trend": 0.8136510758765133,
    "breakout": 0.0,
    "reversion": 0.5506181825627655,
    "vwap": 0.0
  },
  "disabled_until": {
    "trend": 0.0,
    "breakout": 0.0,
    "reversion": 0.0,
    "vwap": 0.0
  },
  "_snapshot_time": "2025-09-18T00:39:00.793040"
}