{
  "arms": [
    "trend",
    "breakout",
    "reversion",
    "vwap"
  ],
  "d": 6,
  "alpha": 0.6,
  "alpha_base": 0.6,
  "alpha_boost_until": 0.0,
  "A": {
    "trend": [
      [
        1.0613144351656114,
        0.036847324235547395,
        0.6706791904610805,
        0.14374264328461148,
        0.14374264328461148,
        0.0
      ],
      [
        0.036847324235547395,
        1.0221436485495197,
        0.40304919261188776,
        0.08638311303490961,
        0.08638311303490961,
        0.0
      ],
      [
        0.6706791904610805,
        0.40304919261188776,
        8.33612852018585,
        1.572308370328549,
        1.572308370328549,
        0.0
      ],
      [
        0.14374264328461148,
        0.08638311303490961,
        1.572308370328549,
        1.3369834108825835,
        0.33698341088258443,
        0.0
      ],
      [
        0.14374264328461148,
        0.08638311303490961,
        1.572308370328549,
        0.33698341088258443,
        1.3369834108825835,
        0.0
      ],
      [
        0.0,
        0.0,
        0.0,
        0.0,
        0.0,
        1.0
      ]
    ],
    "breakout": [
      [
        1.0,
        0.0,
        0.0,
        0.0,
        0.0,
        0.0
      ],
      [
        0.0,
        1.0,
        0.0,
        0.0,
        0.0,
        0.0
      ],
      [
        0.0,
        0.0,
        1.0,
        0.0,
        0.0,
        0.0
      ],
      [
        0.0,
        0.0,
        0.0,
        1.0,
        0.0,
        0.0
      ],
      [
        0.0,
        0.0,
        0.0,
        0.0,
        1.0,
        0.0
      ],
      [
        0.0,
        0.0,
        0.0,
        0.0,
        0.0,
        1.0
      ]
    ],
    "reversion": [
      [
        1.1649382889733766,
        0.011425669649530424,
        0.30050015585277096,
        0.4956843598798242,
        0.4956843598798242,
        0.0
      ],
      [
        0.011425669649530424,
        1.0009013418501111,
        0.023483372917261797,
        0.03515526172248944,
        0.03515526172248944,
        0.0
      ],
      [
        0.30050015585277096,
        0.023483372917261797,
        1.62648511658672,
        0.9336924508231036,
        0.9336924508231036,
        0.0
      ],
      [
        0.4956843598798242,
        0.03515526172248944,
        0.9336924508231036,
        2.5038600877900707,
        1.5038600877900798,
        0.0
      ],
      [
        0.4956843598798242,
        0.03515526172248944,
        0.9336924508231036,
        1.5038600877900798,
        2.5038600877900707,
        0.0
      ],
      [
        0.0,
        0.0,
        0.0,
        0.0,
        0.0,
        1.0
      ]
    ],
    "vwap": [
      [
        1.0,
        0.0,
        0.0,
        0.0,
        0.0,
        0.0
      ],
      [
        0.0,
        1.0,
        0.0,
        0.0,
        0.0,
        0.0
      ],
      [
        0.0,
        0.0,
        1.0,
        0.0,
        0.0,
        0.0
      ],
      [
        0.0,
        0.0,
        0.0,
        1.0,
        0.0,
        0.0
      ],
      [
        0.0,
        0.0,
        0.0,
        0.0,
        1.0,
        0.0
      ],
      [
        0.0,
        0.0,
        0.0,
        0.0,
        0.0,
        1.0
      ]
    ]
  },
  "b": {
    "trend": [
      [
        0.14654978860583803
      ],
      [
        0.08807008598912758
      ],
      [
        1.603013928431818
      ],
      [
        0.3435643487558156
      ],
      [
        0.3435643487558156
      ],
      [
        0.0
      ]
    ],
    "breakout": [
      [
        0.0
      ],
      [
        0.0
      ],
      [
        0.0
      ],
      [
        0.0
      ],
      [
        0.0
      ],
      [
        0.0
      ]
    ],
    "reversion": [
      [
        -0.14148503204508978
      ],
      [
        -0.004179217070065119
      ],
      [
        -0.08872664863290079
      ],
      [
        -0.3587917979053358
      ],
      [
        -0.3587917979053358
      ],
      [
        0.0
      ]
    ],
    "vwap": [
      [
        0.0
      ],
      [
        0.0
      ],
      [
        0.0
      ],
      [
        0.0
      ],
      [
        0.0
      ],
      [
        0.0
      ]
    ]
  },
  "counts": {
    "trend": 1,
    "breakout": 0,
    "reversion": 3,
    "vwap": 0
  },
  "reward_sum": {
    "trend": 0.3435643487558156,
    "breakout": 0.0,
    "reversion": -0.3587917979053358,
    "vwap": 0.0
  },
  "disabled_until": {
    "trend": 0.0,
    "breakout": 0.0,
    "reversion": 0.0,
    "vwap": 0.0
  },
  "_snapshot_time": "2025-09-19T07:27:00.010430"
}