{
  "arms": [
    "trend",
    "breakout",
    "reversion",
    "vwap"
  ],
  "d": 6,
  "alpha": 0.6,
  "alpha_base": 0.6,
  "alpha_boost_until": 0.0,
  "A": {
    "trend": [
      [
        1.028192932233468,
        0.01694273318104487,
        0.30838436195318114,
        0.06609416836731416,
        0.06609416836731416,
        0.0
      ],
      [
        0.01694273318104487,
        1.0101818500206687,
        0.18532566667815006,
        0.039719737209210446,
        0.039719737209210446,
        0.0
      ],
      [
        0.30838436195318114,
        0.18532566667815006,
        4.3732182913692546,
        0.7229616193161913,
        0.7229616193161913,
        0.0
      ],
      [
        0.06609416836731416,
        0.039719737209210446,
        0.7229616193161913,
        1.1549480222912387,
        0.1549480222912372,
        0.0
      ],
      [
        0.06609416836731416,
        0.039719737209210446,
        0.7229616193161913,
        0.1549480222912372,
        1.1549480222912387,
        0.0
      ],
      [
        0.0,
        0.0,
        0.0,
        0.0,
        0.0,
        1.0
      ]
    ],
    "breakout": [
      [
        1.0,
        0.0,
        0.0,
        0.0,
        0.0,
        0.0
      ],
      [
        0.0,
        1.0,
        0.0,
        0.0,
        0.0,
        0.0
      ],
      [
        0.0,
        0.0,
        1.0,
        0.0,
        0.0,
        0.0
      ],
      [
        0.0,
        0.0,
        0.0,
        1.0,
        0.0,
        0.0
      ],
      [
        0.0,
        0.0,
        0.0,
        0.0,
        1.0,
        0.0
      ],
      [
        0.0,
        0.0,
        0.0,
        0.0,
        0.0,
        1.0
      ]
    ],
    "reversion": [
      [
        1.3251359009898178,
        0.021187043453549076,
        0.546078047575043,
        1.0215252168624753,
        1.0215252168624753,
        0.0
      ],
      [
        0.021187043453549076,
        1.0016942170221839,
        0.04313396600608526,
        0.07088539098105573,
        0.07088539098105573,
        0.0
      ],
      [
        0.546078047575043,
        0.04313396600608526,
        2.166958570182212,
        1.8289381438617345,
        1.8289381438617345,
        0.0
      ],
      [
        1.0215252168624753,
        0.07088539098105573,
        1.8289381438617345,
        4.283505262054241,
        3.283505262054257,
        0.0
      ],
      [
        1.0215252168624753,
        0.07088539098105573,
        1.8289381438617345,
        3.283505262054257,
        4.283505262054241,
        0.0
      ],
      [
        0.0,
        0.0,
        0.0,
        0.0,
        0.0,
        1.0
      ]
    ],
    "vwap": [
      [
        1.0,
        0.0,
        0.0,
        0.0,
        0.0,
        0.0
      ],
      [
        0.0,
        1.0,
        0.0,
        0.0,
        0.0,
        0.0
      ],
      [
        0.0,
        0.0,
        1.0,
        0.0,
        0.0,
        0.0
      ],
      [
        0.0,
        0.0,
        0.0,
        1.0,
        0.0,
        0.0
      ],
      [
        0.0,
        0.0,
        0.0,
        0.0,
        1.0,
        0.0
      ],
      [
        0.0,
        0.0,
        0.0,
        0.0,
        0.0,
        1.0
      ]
    ]
  },
  "b": {
    "trend": [
      [
        0.06738491919290812
      ],
      [
        0.040495422642004494
      ],
      [
        0.7370803128417549
      ],
      [
        0.15797399708806167
      ],
      [
        0.15797399708806167
      ],
      [
        0.0
      ]
    ],
    "breakout": [
      [
        0.0
      ],
      [
        0.0
      ],
      [
        0.0
      ],
      [
        0.0
      ],
      [
        0.0
      ],
      [
        0.0
      ]
    ],
    "reversion": [
      [
        -0.00929382121754415
      ],
      [
        -0.06728534790419247
      ],
      [
        -1.853237426568002
      ],
      [
        -1.1670498114337482
      ],
      [
        -1.1670498114337482
      ],
      [
        0.0
      ]
    ],
    "vwap": [
      [
        0.0
      ],
      [
        0.0
      ],
      [
        0.0
      ],
      [
        0.0
      ],
      [
        0.0
      ],
      [
        0.0
      ]
    ]
  },
  "counts": {
    "trend": 1,
    "breakout": 0,
    "reversion": 8,
    "vwap": 0
  },
  "reward_sum": {
    "trend": 0.15797399708806167,
    "breakout": 0.0,
    "reversion": -1.1670498114337482,
    "vwap": 0.0
  },
  "disabled_until": {
    "trend": 0.0,
    "breakout": 0.0,
    "reversion": 0.0,
    "vwap": 0.0
  },
  "_snapshot_time": "2025-09-22T16:58:00.795434"
}