{
  "arms": [
    "trend",
    "breakout",
    "reversion",
    "vwap"
  ],
  "d": 6,
  "alpha": 0.6,
  "alpha_base": 0.6,
  "alpha_boost_until": 0.0,
  "A": {
    "trend": [
      [
        1.0364051755331865,
        0.021877936298362908,
        0.3982128121908431,
        0.08534656066301785,
        0.08534656066301785,
        0.0
      ],
      [
        0.021877936298362908,
        1.0131476936909385,
        0.2393086809967787,
        0.05128959248576385,
        0.05128959248576385,
        0.0
      ],
      [
        0.3982128121908431,
        0.2393086809967787,
        5.355793962547546,
        0.9335511622916021,
        0.9335511622916021,
        0.0
      ],
      [
        0.08534656066301785,
        0.05128959248576385,
        0.9335511622916021,
        1.2000824143909443,
        0.2000824143909432,
        0.0
      ],
      [
        0.08534656066301785,
        0.05128959248576385,
        0.9335511622916021,
        0.2000824143909432,
        1.2000824143909443,
        0.0
      ],
      [
        0.0,
        0.0,
        0.0,
        0.0,
        0.0,
        1.0
      ]
    ],
    "breakout": [
      [
        1.0,
        0.0,
        0.0,
        0.0,
        0.0,
        0.0
      ],
      [
        0.0,
        1.0,
        0.0,
        0.0,
        0.0,
        0.0
      ],
      [
        0.0,
        0.0,
        1.0,
        0.0,
        0.0,
        0.0
      ],
      [
        0.0,
        0.0,
        0.0,
        1.0,
        0.0,
        0.0
      ],
      [
        0.0,
        0.0,
        0.0,
        0.0,
        1.0,
        0.0
      ],
      [
        0.0,
        0.0,
        0.0,
        0.0,
        0.0,
        1.0
      ]
    ],
    "reversion": [
      [
        1.419843861917407,
        0.02735856027916314,
        0.7051436513293656,
        1.3190825460612197,
        1.3190825460612197,
        0.0
      ],
      [
        0.02735856027916314,
        1.0021877209356282,
        0.055698342793514204,
        0.09153340560796368,
        0.09153340560796368,
        0.0
      ],
      [
        0.7051436513293656,
        0.055698342793514204,
        2.5068787891813273,
        2.361684610002545,
        2.361684610002545,
        0.0
      ],
      [
        1.3190825460612197,
        0.09153340560796368,
        2.361684610002545,
        5.239948666542833,
        4.239948666542848,
        0.0
      ],
      [
        1.3190825460612197,
        0.09153340560796368,
        2.361684610002545,
        4.239948666542848,
        5.239948666542833,
        0.0
      ],
      [
        0.0,
        0.0,
        0.0,
        0.0,
        0.0,
        1.0
      ]
    ],
    "vwap": [
      [
        1.0,
        0.0,
        0.0,
        0.0,
        0.0,
        0.0
      ],
      [
        0.0,
        1.0,
        0.0,
        0.0,
        0.0,
        0.0
      ],
      [
        0.0,
        0.0,
        1.0,
        0.0,
        0.0,
        0.0
      ],
      [
        0.0,
        0.0,
        0.0,
        1.0,
        0.0,
        0.0
      ],
      [
        0.0,
        0.0,
        0.0,
        0.0,
        1.0,
        0.0
      ],
      [
        0.0,
        0.0,
        0.0,
        0.0,
        0.0,
        1.0
      ]
    ]
  },
  "b": {
    "trend": [
      [
        0.08701329082028644
      ],
      [
        0.05229122523916295
      ],
      [
        0.9517824520290787
      ],
      [
        0.20398981723663304
      ],
      [
        0.20398981723663304
      ],
      [
        0.0
      ]
    ],
    "breakout": [
      [
        0.0
      ],
      [
        0.0
      ],
      [
        0.0
      ],
      [
        0.0
      ],
      [
        0.0
      ],
      [
        0.0
      ]
    ],
    "reversion": [
      [
        -0.012000993369433735
      ],
      [
        -0.08688471567905105
      ],
      [
        -2.3930619653243186
      ],
      [
        -1.506996607851283
      ],
      [
        -1.506996607851283
      ],
      [
        0.0
      ]
    ],
    "vwap": [
      [
        0.0
      ],
      [
        0.0
      ],
      [
        0.0
      ],
      [
        0.0
      ],
      [
        0.0
      ],
      [
        0.0
      ]
    ]
  },
  "counts": {
    "trend": 1,
    "breakout": 0,
    "reversion": 8,
    "vwap": 0
  },
  "reward_sum": {
    "trend": 0.20398981723663304,
    "breakout": 0.0,
    "reversion": -1.506996607851283,
    "vwap": 0.0
  },
  "disabled_until": {
    "trend": 0.0,
    "breakout": 0.0,
    "reversion": 0.0,
    "vwap": 0.0
  },
  "_snapshot_time": "2025-09-22T07:26:00.047922"
}