{
  "arms": [
    "trend",
    "breakout",
    "reversion",
    "vwap"
  ],
  "d": 6,
  "alpha": 0.6,
  "alpha_base": 0.6,
  "alpha_boost_until": 0.0,
  "A": {
    "trend": [
      [
        1.0048049375852772,
        0.002887559718327601,
        0.052558123404458194,
        0.011264466963768172,
        0.011264466963768172,
        0.0
      ],
      [
        0.002887559718327601,
        1.001735298529673,
        0.0315851594989841,
        0.006769457558134123,
        0.006769457558134123,
        0.0
      ],
      [
        0.052558123404458194,
        0.0315851594989841,
        1.574899525076677,
        0.12321476278513775,
        0.12321476278513775,
        0.0
      ],
      [
        0.011264466963768172,
        0.006769457558134123,
        0.12321476278513775,
        1.026407880170317,
        0.026407880170317945,
        0.0
      ],
      [
        0.011264466963768172,
        0.006769457558134123,
        0.12321476278513775,
        0.026407880170317945,
        1.026407880170317,
        0.0
      ],
      [
        0.0,
        0.0,
        0.0,
        0.0,
        0.0,
        1.0
      ]
    ],
    "breakout": [
      [
        1.0,
        0.0,
        0.0,
        0.0,
        0.0,
        0.0
      ],
      [
        0.0,
        1.0,
        0.0,
        0.0,
        0.0,
        0.0
      ],
      [
        0.0,
        0.0,
        1.0,
        0.0,
        0.0,
        0.0
      ],
      [
        0.0,
        0.0,
        0.0,
        1.0,
        0.0,
        0.0
      ],
      [
        0.0,
        0.0,
        0.0,
        0.0,
        1.0,
        0.0
      ],
      [
        0.0,
        0.0,
        0.0,
        0.0,
        0.0,
        1.0
      ]
    ],
    "reversion": [
      [
        1.1282911187254299,
        0.011916168297339923,
        0.4833625177070277,
        0.41226268246535797,
        0.41226268246535797,
        0.0
      ],
      [
        0.011916168297339923,
        1.0012352203519386,
        0.05182963479678973,
        0.039222382243315514,
        0.039222382243315514,
        0.0
      ],
      [
        0.4833625177070277,
        0.05182963479678973,
        3.289083542607041,
        1.5871784361251982,
        1.5871784361251982,
        0.0
      ],
      [
        0.41226268246535797,
        0.039222382243315514,
        1.5871784361251982,
        2.3379222391848553,
        1.3379222391848693,
        0.0
      ],
      [
        0.41226268246535797,
        0.039222382243315514,
        1.5871784361251982,
        1.3379222391848693,
        2.3379222391848553,
        0.0
      ],
      [
        0.0,
        0.0,
        0.0,
        0.0,
        0.0,
        1.0
      ]
    ],
    "vwap": [
      [
        1.0,
        0.0,
        0.0,
        0.0,
        0.0,
        0.0
      ],
      [
        0.0,
        1.0,
        0.0,
        0.0,
        0.0,
        0.0
      ],
      [
        0.0,
        0.0,
        1.0,
        0.0,
        0.0,
        0.0
      ],
      [
        0.0,
        0.0,
        0.0,
        1.0,
        0.0,
        0.0
      ],
      [
        0.0,
        0.0,
        0.0,
        0.0,
        1.0,
        0.0
      ],
      [
        0.0,
        0.0,
        0.0,
        0.0,
        0.0,
        1.0
      ]
    ]
  },
  "b": {
    "trend": [
      [
        0.011484450366124577
      ],
      [
        0.006901658070642665
      ],
      [
        0.12562101980779108
      ],
      [
        0.0269235987877699
      ],
      [
        0.0269235987877699
      ],
      [
        0.0
      ]
    ],
    "breakout": [
      [
        0.0
      ],
      [
        0.0
      ],
      [
        0.0
      ],
      [
        0.0
      ],
      [
        0.0
      ],
      [
        0.0
      ]
    ],
    "reversion": [
      [
        -0.27114943822682014
      ],
      [
        -0.04218741879801702
      ],
      [
        -1.7594910502980736
      ],
      [
        -1.0798342559155505
      ],
      [
        -1.0798342559155505
      ],
      [
        0.0
      ]
    ],
    "vwap": [
      [
        0.0
      ],
      [
        0.0
      ],
      [
        0.0
      ],
      [
        0.0
      ],
      [
        0.0
      ],
      [
        0.0
      ]
    ]
  },
  "counts": {
    "trend": 1,
    "breakout": 0,
    "reversion": 9,
    "vwap": 0
  },
  "reward_sum": {
    "trend": 0.0269235987877699,
    "breakout": 0.0,
    "reversion": -1.0798342559155505,
    "vwap": 0.0
  },
  "disabled_until": {
    "trend": 0.0,
    "breakout": 0.0,
    "reversion": 0.0,
    "vwap": 0.0
  },
  "_snapshot_time": "2025-09-25T19:01:00.952837"
}