{
  "arms": [
    "trend",
    "breakout",
    "reversion",
    "vwap"
  ],
  "d": 6,
  "alpha": 0.6,
  "alpha_base": 0.6,
  "alpha_boost_until": 0.0,
  "A": {
    "trend": [
      [
        1.0346253312509983,
        0.02080832684705779,
        0.37874423975597465,
        0.0811739784470078,
        0.0811739784470078,
        0.0
      ],
      [
        0.02080832684705779,
        1.012504904661712,
        0.22760891080443796,
        0.04878205100067112,
        0.04878205100067112,
        0.0
      ],
      [
        0.37874423975597465,
        0.22760891080443796,
        5.142839764000616,
        0.8879099677636386,
        0.8879099677636386,
        0.0
      ],
      [
        0.0811739784470078,
        0.04878205100067112,
        0.8879099677636386,
        1.190300411255278,
        0.1903004112552766,
        0.0
      ],
      [
        0.0811739784470078,
        0.04878205100067112,
        0.8879099677636386,
        0.1903004112552766,
        1.190300411255278,
        0.0
      ],
      [
        0.0,
        0.0,
        0.0,
        0.0,
        0.0,
        1.0
      ]
    ],
    "breakout": [
      [
        1.0,
        0.0,
        0.0,
        0.0,
        0.0,
        0.0
      ],
      [
        0.0,
        1.0,
        0.0,
        0.0,
        0.0,
        0.0
      ],
      [
        0.0,
        0.0,
        1.0,
        0.0,
        0.0,
        0.0
      ],
      [
        0.0,
        0.0,
        0.0,
        1.0,
        0.0,
        0.0
      ],
      [
        0.0,
        0.0,
        0.0,
        0.0,
        1.0,
        0.0
      ],
      [
        0.0,
        0.0,
        0.0,
        0.0,
        0.0,
        1.0
      ]
    ],
    "reversion": [
      [
        1.3993177502835183,
        0.026021003836470536,
        0.6706692702129837,
        1.2545927724794095,
        1.2545927724794095,
        0.0
      ],
      [
        0.026021003836470536,
        1.0020807635445084,
        0.05297525808106658,
        0.08705834934976674,
        0.08705834934976674,
        0.0
      ],
      [
        0.6706692702129837,
        0.05297525808106658,
        2.433207681774356,
        2.2462221575385253,
        2.2462221575385253,
        0.0
      ],
      [
        1.2545927724794095,
        0.08705834934976674,
        2.2462221575385253,
        5.032658129403727,
        4.032658129403742,
        0.0
      ],
      [
        1.2545927724794095,
        0.08705834934976674,
        2.2462221575385253,
        4.032658129403742,
        5.032658129403727,
        0.0
      ],
      [
        0.0,
        0.0,
        0.0,
        0.0,
        0.0,
        1.0
      ]
    ],
    "vwap": [
      [
        1.0,
        0.0,
        0.0,
        0.0,
        0.0,
        0.0
      ],
      [
        0.0,
        1.0,
        0.0,
        0.0,
        0.0,
        0.0
      ],
      [
        0.0,
        0.0,
        1.0,
        0.0,
        0.0,
        0.0
      ],
      [
        0.0,
        0.0,
        0.0,
        1.0,
        0.0,
        0.0
      ],
      [
        0.0,
        0.0,
        0.0,
        0.0,
        1.0,
        0.0
      ],
      [
        0.0,
        0.0,
        0.0,
        0.0,
        0.0,
        1.0
      ]
    ]
  },
  "b": {
    "trend": [
      [
        0.08275922238433879
      ],
      [
        0.04973471405943534
      ],
      [
        0.9052499321244094
      ],
      [
        0.194016781685623
      ],
      [
        0.194016781685623
      ],
      [
        0.0
      ]
    ],
    "breakout": [
      [
        0.0
      ],
      [
        0.0
      ],
      [
        0.0
      ],
      [
        0.0
      ],
      [
        0.0
      ],
      [
        0.0
      ]
    ],
    "reversion": [
      [
        -0.011414266369320981
      ],
      [
        -0.08263693326498374
      ],
      [
        -2.276065478052289
      ],
      [
        -1.4333197403049096
      ],
      [
        -1.4333197403049096
      ],
      [
        0.0
      ]
    ],
    "vwap": [
      [
        0.0
      ],
      [
        0.0
      ],
      [
        0.0
      ],
      [
        0.0
      ],
      [
        0.0
      ],
      [
        0.0
      ]
    ]
  },
  "counts": {
    "trend": 1,
    "breakout": 0,
    "reversion": 8,
    "vwap": 0
  },
  "reward_sum": {
    "trend": 0.194016781685623,
    "breakout": 0.0,
    "reversion": -1.4333197403049096,
    "vwap": 0.0
  },
  "disabled_until": {
    "trend": 0.0,
    "breakout": 0.0,
    "reversion": 0.0,
    "vwap": 0.0
  },
  "_snapshot_time": "2025-09-22T09:11:00.423620"
}