{
  "arms": [
    "trend",
    "breakout",
    "reversion",
    "vwap"
  ],
  "d": 6,
  "alpha": 0.6,
  "alpha_base": 0.6,
  "alpha_boost_until": 0.0,
  "A": {
    "trend": [
      [
        1.0290537210830206,
        0.017460030058234537,
        0.31779997782270214,
        0.06811216077335115,
        0.06811216077335115,
        0.0
      ],
      [
        0.017460030058234537,
        1.010492723075413,
        0.19098404467485697,
        0.04093246338517986,
        0.04093246338517986,
        0.0
      ],
      [
        0.31779997782270214,
        0.19098404467485697,
        4.476209660563251,
        0.7450351409849771,
        0.7450351409849771,
        0.0
      ],
      [
        0.06811216077335115,
        0.04093246338517986,
        0.7450351409849771,
        1.159678907633141,
        0.15967890763313974,
        0.0
      ],
      [
        0.06811216077335115,
        0.04093246338517986,
        0.7450351409849771,
        0.15967890763313974,
        1.159678907633141,
        0.0
      ],
      [
        0.0,
        0.0,
        0.0,
        0.0,
        0.0,
        1.0
      ]
    ],
    "breakout": [
      [
        1.0,
        0.0,
        0.0,
        0.0,
        0.0,
        0.0
      ],
      [
        0.0,
        1.0,
        0.0,
        0.0,
        0.0,
        0.0
      ],
      [
        0.0,
        0.0,
        1.0,
        0.0,
        0.0,
        0.0
      ],
      [
        0.0,
        0.0,
        0.0,
        1.0,
        0.0,
        0.0
      ],
      [
        0.0,
        0.0,
        0.0,
        0.0,
        1.0,
        0.0
      ],
      [
        0.0,
        0.0,
        0.0,
        0.0,
        0.0,
        1.0
      ]
    ],
    "reversion": [
      [
        1.3350629761817028,
        0.02183392794959157,
        0.562750945961263,
        1.0527145060407201,
        1.0527145060407201,
        0.0
      ],
      [
        0.02183392794959157,
        1.001745944991071,
        0.04445093568726494,
        0.07304966937705222,
        0.07304966937705222,
        0.0
      ],
      [
        0.562750945961263,
        0.04445093568726494,
        2.2025882420724803,
        1.8847794287526052,
        1.8847794287526052,
        0.0
      ],
      [
        1.0527145060407201,
        0.07304966937705222,
        1.8847794287526052,
        4.38375750590099,
        3.3837575059010048,
        0.0
      ],
      [
        1.0527145060407201,
        0.07304966937705222,
        1.8847794287526052,
        3.3837575059010048,
        4.38375750590099,
        0.0
      ],
      [
        0.0,
        0.0,
        0.0,
        0.0,
        0.0,
        1.0
      ]
    ],
    "vwap": [
      [
        1.0,
        0.0,
        0.0,
        0.0,
        0.0,
        0.0
      ],
      [
        0.0,
        1.0,
        0.0,
        0.0,
        0.0,
        0.0
      ],
      [
        0.0,
        0.0,
        1.0,
        0.0,
        0.0,
        0.0
      ],
      [
        0.0,
        0.0,
        0.0,
        1.0,
        0.0,
        0.0
      ],
      [
        0.0,
        0.0,
        0.0,
        0.0,
        1.0,
        0.0
      ],
      [
        0.0,
        0.0,
        0.0,
        0.0,
        0.0,
        1.0
      ]
    ]
  },
  "b": {
    "trend": [
      [
        0.06944232090582464
      ],
      [
        0.041731832107309706
      ],
      [
        0.7595849075843316
      ],
      [
        0.1627972717331614
      ],
      [
        0.1627972717331614
      ],
      [
        0.0
      ]
    ],
    "breakout": [
      [
        0.0
      ],
      [
        0.0
      ],
      [
        0.0
      ],
      [
        0.0
      ],
      [
        0.0
      ],
      [
        0.0
      ]
    ],
    "reversion": [
      [
        -0.009577580906233184
      ],
      [
        -0.06933970949860152
      ],
      [
        -1.9098206190913418
      ],
      [
        -1.2026822691091654
      ],
      [
        -1.2026822691091654
      ],
      [
        0.0
      ]
    ],
    "vwap": [
      [
        0.0
      ],
      [
        0.0
      ],
      [
        0.0
      ],
      [
        0.0
      ],
      [
        0.0
      ],
      [
        0.0
      ]
    ]
  },
  "counts": {
    "trend": 1,
    "breakout": 0,
    "reversion": 8,
    "vwap": 0
  },
  "reward_sum": {
    "trend": 0.1627972717331614,
    "breakout": 0.0,
    "reversion": -1.2026822691091654,
    "vwap": 0.0
  },
  "disabled_until": {
    "trend": 0.0,
    "breakout": 0.0,
    "reversion": 0.0,
    "vwap": 0.0
  },
  "_snapshot_time": "2025-09-22T15:43:00.549847"
}