{
  "arms": [
    "trend",
    "breakout",
    "reversion",
    "vwap"
  ],
  "d": 6,
  "alpha": 0.6,
  "alpha_base": 0.6,
  "alpha_boost_until": 0.0,
  "A": {
    "trend": [
      [
        1.1230706539280368,
        0.07396014130960313,
        1.346190767688313,
        0.28852098300504464,
        0.28852098300504464,
        0.0
      ],
      [
        0.07396014130960313,
        1.0444468468148007,
        0.8090024407128787,
        0.17338863484317327,
        0.17338863484317327,
        0.0
      ],
      [
        1.346190767688313,
        0.8090024407128787,
        15.725115412719974,
        3.155945558173954,
        3.155945558173954,
        0.0
      ],
      [
        0.28852098300504464,
        0.17338863484317327,
        3.155945558173954,
        1.676394859190994,
        0.6763948591909945,
        0.0
      ],
      [
        0.28852098300504464,
        0.17338863484317327,
        3.155945558173954,
        0.6763948591909945,
        1.676394859190994,
        0.0
      ],
      [
        0.0,
        0.0,
        0.0,
        0.0,
        0.0,
        1.0
      ]
    ],
    "breakout": [
      [
        1.0,
        0.0,
        0.0,
        0.0,
        0.0,
        0.0
      ],
      [
        0.0,
        1.0,
        0.0,
        0.0,
        0.0,
        0.0
      ],
      [
        0.0,
        0.0,
        1.0,
        0.0,
        0.0,
        0.0
      ],
      [
        0.0,
        0.0,
        0.0,
        1.0,
        0.0,
        0.0
      ],
      [
        0.0,
        0.0,
        0.0,
        0.0,
        1.0,
        0.0
      ],
      [
        0.0,
        0.0,
        0.0,
        0.0,
        0.0,
        1.0
      ]
    ],
    "reversion": [
      [
        1.100100371321541,
        0.010148170836985392,
        0.2860485162623645,
        0.3440970698497287,
        0.3440970698497287,
        0.0
      ],
      [
        0.010148170836985392,
        1.0011014124042652,
        0.029581326428872814,
        0.03453514407300764,
        0.03453514407300764,
        0.0
      ],
      [
        0.2860485162623645,
        0.029581326428872814,
        1.8220791184617218,
        0.9804975453959858,
        0.9804975453959858,
        0.0
      ],
      [
        0.3440970698497287,
        0.03453514407300764,
        0.9804975453959858,
        2.184522453685441,
        1.184522453685452,
        0.0
      ],
      [
        0.3440970698497287,
        0.03453514407300764,
        0.9804975453959858,
        1.184522453685452,
        2.184522453685441,
        0.0
      ],
      [
        0.0,
        0.0,
        0.0,
        0.0,
        0.0,
        1.0
      ]
    ],
    "vwap": [
      [
        1.0,
        0.0,
        0.0,
        0.0,
        0.0,
        0.0
      ],
      [
        0.0,
        1.0,
        0.0,
        0.0,
        0.0,
        0.0
      ],
      [
        0.0,
        0.0,
        1.0,
        0.0,
        0.0,
        0.0
      ],
      [
        0.0,
        0.0,
        0.0,
        1.0,
        0.0,
        0.0
      ],
      [
        0.0,
        0.0,
        0.0,
        0.0,
        1.0,
        0.0
      ],
      [
        0.0,
        0.0,
        0.0,
        0.0,
        0.0,
        1.0
      ]
    ]
  },
  "b": {
    "trend": [
      [
        0.29415549972889976
      ],
      [
        0.17677473575193528
      ],
      [
        3.2175779144826695
      ],
      [
        0.68960415199995
      ],
      [
        0.68960415199995
      ],
      [
        0.0
      ]
    ],
    "breakout": [
      [
        0.0
      ],
      [
        0.0
      ],
      [
        0.0
      ],
      [
        0.0
      ],
      [
        0.0
      ],
      [
        0.0
      ]
    ],
    "reversion": [
      [
        0.13718470287296752
      ],
      [
        0.014926365018950349
      ],
      [
        0.40018420673041977
      ],
      [
        0.46667250387754355
      ],
      [
        0.46667250387754355
      ],
      [
        0.0
      ]
    ],
    "vwap": [
      [
        0.0
      ],
      [
        0.0
      ],
      [
        0.0
      ],
      [
        0.0
      ],
      [
        0.0
      ],
      [
        0.0
      ]
    ]
  },
  "counts": {
    "trend": 1,
    "breakout": 0,
    "reversion": 2,
    "vwap": 0
  },
  "reward_sum": {
    "trend": 0.68960415199995,
    "breakout": 0.0,
    "reversion": 0.46667250387754355,
    "vwap": 0.0
  },
  "disabled_until": {
    "trend": 0.0,
    "breakout": 0.0,
    "reversion": 0.0,
    "vwap": 0.0
  },
  "_snapshot_time": "2025-09-18T06:15:00.176169"
}