{
  "arms": [
    "trend",
    "breakout",
    "reversion",
    "vwap"
  ],
  "d": 6,
  "alpha": 0.6,
  "alpha_base": 0.6,
  "alpha_boost_until": 0.0,
  "A": {
    "trend": [
      [
        1.0030756855838512,
        0.001848354040098985,
        0.033642947405747775,
        0.0072104908826271,
        0.0072104908826271,
        0.0
      ],
      [
        0.001848354040098985,
        1.0011107808533752,
        0.020217956635345556,
        0.004333193231446878,
        0.004333193231446878,
        0.0
      ],
      [
        0.033642947405747775,
        0.020217956635345556,
        1.3679985743955116,
        0.07887092452087924,
        0.07887092452087924,
        0.0
      ],
      [
        0.0072104908826271,
        0.004333193231446878,
        0.07887092452087924,
        1.0169039316116808,
        0.016903931611681827,
        0.0
      ],
      [
        0.0072104908826271,
        0.004333193231446878,
        0.07887092452087924,
        0.016903931611681827,
        1.0169039316116808,
        0.0
      ],
      [
        0.0,
        0.0,
        0.0,
        0.0,
        0.0,
        1.0
      ]
    ],
    "breakout": [
      [
        1.0,
        0.0,
        0.0,
        0.0,
        0.0,
        0.0
      ],
      [
        0.0,
        1.0,
        0.0,
        0.0,
        0.0,
        0.0
      ],
      [
        0.0,
        0.0,
        1.0,
        0.0,
        0.0,
        0.0
      ],
      [
        0.0,
        0.0,
        0.0,
        1.0,
        0.0,
        0.0
      ],
      [
        0.0,
        0.0,
        0.0,
        0.0,
        1.0,
        0.0
      ],
      [
        0.0,
        0.0,
        0.0,
        0.0,
        0.0,
        1.0
      ]
    ],
    "reversion": [
      [
        1.1648437506223033,
        0.01341770839187934,
        0.48228687712238255,
        0.5402046317265496,
        0.5402046317265496,
        0.0
      ],
      [
        0.01341770839187934,
        1.0011959394864953,
        0.04527716107400279,
        0.04444647411297243,
        0.04444647411297243,
        0.0
      ],
      [
        0.48228687712238255,
        0.04527716107400279,
        2.826566491053468,
        1.5934255582926702,
        1.5934255582926702,
        0.0
      ],
      [
        0.5402046317265496,
        0.04444647411297243,
        1.5934255582926702,
        2.77934768929738,
        1.779347689297395,
        0.0
      ],
      [
        0.5402046317265496,
        0.04444647411297243,
        1.5934255582926702,
        1.779347689297395,
        2.77934768929738,
        0.0
      ],
      [
        0.0,
        0.0,
        0.0,
        0.0,
        0.0,
        1.0
      ]
    ],
    "vwap": [
      [
        1.0,
        0.0,
        0.0,
        0.0,
        0.0,
        0.0
      ],
      [
        0.0,
        1.0,
        0.0,
        0.0,
        0.0,
        0.0
      ],
      [
        0.0,
        0.0,
        1.0,
        0.0,
        0.0,
        0.0
      ],
      [
        0.0,
        0.0,
        0.0,
        1.0,
        0.0,
        0.0
      ],
      [
        0.0,
        0.0,
        0.0,
        0.0,
        1.0,
        0.0
      ],
      [
        0.0,
        0.0,
        0.0,
        0.0,
        0.0,
        1.0
      ]
    ]
  },
  "b": {
    "trend": [
      [
        0.007351304320326553
      ],
      [
        0.0044178160185869625
      ],
      [
        0.08041119219434355
      ],
      [
        0.017234047932418468
      ],
      [
        0.017234047932418468
      ],
      [
        0.0
      ]
    ],
    "breakout": [
      [
        0.0
      ],
      [
        0.0
      ],
      [
        0.0
      ],
      [
        0.0
      ],
      [
        0.0
      ],
      [
        0.0
      ]
    ],
    "reversion": [
      [
        -0.5660640590020002
      ],
      [
        -0.05447671962551444
      ],
      [
        -1.9465420895369874
      ],
      [
        -2.0022302903357527
      ],
      [
        -2.0022302903357527
      ],
      [
        0.0
      ]
    ],
    "vwap": [
      [
        0.0
      ],
      [
        0.0
      ],
      [
        0.0
      ],
      [
        0.0
      ],
      [
        0.0
      ],
      [
        0.0
      ]
    ]
  },
  "counts": {
    "trend": 1,
    "breakout": 0,
    "reversion": 10,
    "vwap": 0
  },
  "reward_sum": {
    "trend": 0.017234047932418468,
    "breakout": 0.0,
    "reversion": -2.0022302903357527,
    "vwap": 0.0
  },
  "disabled_until": {
    "trend": 0.0,
    "breakout": 0.0,
    "reversion": 0.0,
    "vwap": 0.0
  },
  "_snapshot_time": "2025-09-26T11:04:00.232873"
}