{
  "arms": [
    "trend",
    "breakout",
    "reversion",
    "vwap"
  ],
  "d": 6,
  "alpha": 0.6,
  "alpha_base": 0.6,
  "alpha_boost_until": 0.0,
  "A": {
    "trend": [
      [
        1.0161622645141057,
        0.00971282210010323,
        0.17678862165262346,
        0.03789004361611521,
        0.03789004361611521,
        0.0
      ],
      [
        0.00971282210010323,
        1.005836986089785,
        0.10624231709212871,
        0.0227702778089857,
        0.0227702778089857,
        0.0
      ],
      [
        0.17678862165262346,
        0.10624231709212871,
        2.933777084180169,
        0.41445482960664026,
        0.41445482960664026,
        0.0
      ],
      [
        0.03789004361611521,
        0.0227702778089857,
        0.41445482960664026,
        1.0888276147181113,
        0.0888276147181114,
        0.0
      ],
      [
        0.03789004361611521,
        0.0227702778089857,
        0.41445482960664026,
        0.0888276147181114,
        1.0888276147181113,
        0.0
      ],
      [
        0.0,
        0.0,
        0.0,
        0.0,
        0.0,
        1.0
      ]
    ],
    "breakout": [
      [
        1.0,
        0.0,
        0.0,
        0.0,
        0.0,
        0.0
      ],
      [
        0.0,
        1.0,
        0.0,
        0.0,
        0.0,
        0.0
      ],
      [
        0.0,
        0.0,
        1.0,
        0.0,
        0.0,
        0.0
      ],
      [
        0.0,
        0.0,
        0.0,
        1.0,
        0.0,
        0.0
      ],
      [
        0.0,
        0.0,
        0.0,
        0.0,
        1.0,
        0.0
      ],
      [
        0.0,
        0.0,
        0.0,
        0.0,
        0.0,
        1.0
      ]
    ],
    "reversion": [
      [
        1.1863918371921223,
        0.012145973243662216,
        0.313052142897584,
        0.5856134660289032,
        0.5856134660289032,
        0.0
      ],
      [
        0.012145973243662216,
        1.0009712499370438,
        0.024727565134397604,
        0.04063672518112551,
        0.04063672518112551,
        0.0
      ],
      [
        0.313052142897584,
        0.024727565134397604,
        1.6689865719570767,
        1.0484820030865005,
        1.0484820030865005,
        0.0
      ],
      [
        0.5856134660289032,
        0.04063672518112551,
        1.0484820030865005,
        2.882346970485593,
        1.8823469704856095,
        0.0
      ],
      [
        0.5856134660289032,
        0.04063672518112551,
        1.0484820030865005,
        1.8823469704856095,
        2.882346970485593,
        0.0
      ],
      [
        0.0,
        0.0,
        0.0,
        0.0,
        0.0,
        1.0
      ]
    ],
    "vwap": [
      [
        1.0,
        0.0,
        0.0,
        0.0,
        0.0,
        0.0
      ],
      [
        0.0,
        1.0,
        0.0,
        0.0,
        0.0,
        0.0
      ],
      [
        0.0,
        0.0,
        1.0,
        0.0,
        0.0,
        0.0
      ],
      [
        0.0,
        0.0,
        0.0,
        1.0,
        0.0,
        0.0
      ],
      [
        0.0,
        0.0,
        0.0,
        0.0,
        1.0,
        0.0
      ],
      [
        0.0,
        0.0,
        0.0,
        0.0,
        0.0,
        1.0
      ]
    ]
  },
  "b": {
    "trend": [
      [
        0.038629997023312886
      ],
      [
        0.02321495781036819
      ],
      [
        0.4225487042509685
      ],
      [
        0.0905623262647605
      ],
      [
        0.0905623262647605
      ],
      [
        0.0
      ]
    ],
    "breakout": [
      [
        0.0
      ],
      [
        0.0
      ],
      [
        0.0
      ],
      [
        0.0
      ],
      [
        0.0
      ],
      [
        0.0
      ]
    ],
    "reversion": [
      [
        -0.005327902597035654
      ],
      [
        -0.038572915429496896
      ],
      [
        -1.0624121410143132
      ],
      [
        -0.6690388781602684
      ],
      [
        -0.6690388781602684
      ],
      [
        0.0
      ]
    ],
    "vwap": [
      [
        0.0
      ],
      [
        0.0
      ],
      [
        0.0
      ],
      [
        0.0
      ],
      [
        0.0
      ],
      [
        0.0
      ]
    ]
  },
  "counts": {
    "trend": 1,
    "breakout": 0,
    "reversion": 8,
    "vwap": 0
  },
  "reward_sum": {
    "trend": 0.0905623262647605,
    "breakout": 0.0,
    "reversion": -0.6690388781602684,
    "vwap": 0.0
  },
  "disabled_until": {
    "trend": 0.0,
    "breakout": 0.0,
    "reversion": 0.0,
    "vwap": 0.0
  },
  "_snapshot_time": "2025-09-23T15:25:00.188142"
}