{
  "arms": [
    "trend",
    "breakout",
    "reversion",
    "vwap"
  ],
  "d": 6,
  "alpha": 0.6,
  "alpha_base": 0.6,
  "alpha_boost_until": 0.0,
  "A": {
    "trend": [
      [
        1.016407143176914,
        0.009859983587646807,
        0.1794671919255107,
        0.038464125497176246,
        0.038464125497176246,
        0.0
      ],
      [
        0.009859983587646807,
        1.005925423780385,
        0.10785202200201148,
        0.023115276195614775,
        0.023115276195614775,
        0.0
      ],
      [
        0.1794671919255107,
        0.10785202200201148,
        2.9630762424837704,
        0.420734342256613,
        0.420734342256613,
        0.0
      ],
      [
        0.038464125497176246,
        0.023115276195614775,
        0.420734342256613,
        1.0901734649542365,
        0.09017346495423652,
        0.0
      ],
      [
        0.038464125497176246,
        0.023115276195614775,
        0.420734342256613,
        0.09017346495423652,
        1.0901734649542365,
        0.0
      ],
      [
        0.0,
        0.0,
        0.0,
        0.0,
        0.0,
        1.0
      ]
    ],
    "breakout": [
      [
        1.0,
        0.0,
        0.0,
        0.0,
        0.0,
        0.0
      ],
      [
        0.0,
        1.0,
        0.0,
        0.0,
        0.0,
        0.0
      ],
      [
        0.0,
        0.0,
        1.0,
        0.0,
        0.0,
        0.0
      ],
      [
        0.0,
        0.0,
        0.0,
        1.0,
        0.0,
        0.0
      ],
      [
        0.0,
        0.0,
        0.0,
        0.0,
        1.0,
        0.0
      ],
      [
        0.0,
        0.0,
        0.0,
        0.0,
        0.0,
        1.0
      ]
    ],
    "reversion": [
      [
        1.1892159082751168,
        0.01233000003544118,
        0.31779527713320677,
        0.5944862475848887,
        0.5944862475848887,
        0.0
      ],
      [
        0.01233000003544118,
        1.000985965596822,
        0.025102218889094707,
        0.041252422747180016,
        0.041252422747180016,
        0.0
      ],
      [
        0.31779527713320677,
        0.025102218889094707,
        1.6791225610713876,
        1.064367825934552,
        1.064367825934552,
        0.0
      ],
      [
        0.5944862475848887,
        0.041252422747180016,
        1.064367825934552,
        2.9108668977935235,
        1.9108668977935404,
        0.0
      ],
      [
        0.5944862475848887,
        0.041252422747180016,
        1.064367825934552,
        1.9108668977935404,
        2.9108668977935235,
        0.0
      ],
      [
        0.0,
        0.0,
        0.0,
        0.0,
        0.0,
        1.0
      ]
    ],
    "vwap": [
      [
        1.0,
        0.0,
        0.0,
        0.0,
        0.0,
        0.0
      ],
      [
        0.0,
        1.0,
        0.0,
        0.0,
        0.0,
        0.0
      ],
      [
        0.0,
        0.0,
        1.0,
        0.0,
        0.0,
        0.0
      ],
      [
        0.0,
        0.0,
        0.0,
        1.0,
        0.0,
        0.0
      ],
      [
        0.0,
        0.0,
        0.0,
        0.0,
        1.0,
        0.0
      ],
      [
        0.0,
        0.0,
        0.0,
        0.0,
        0.0,
        1.0
      ]
    ]
  },
  "b": {
    "trend": [
      [
        0.03921529013042068
      ],
      [
        0.02356669365906646
      ],
      [
        0.42895084929556093
      ],
      [
        0.0919344595655843
      ],
      [
        0.0919344595655843
      ],
      [
        0.0
      ]
    ],
    "breakout": [
      [
        0.0
      ],
      [
        0.0
      ],
      [
        0.0
      ],
      [
        0.0
      ],
      [
        0.0
      ],
      [
        0.0
      ]
    ],
    "reversion": [
      [
        -0.005408627031560067
      ],
      [
        -0.03915734367856748
      ],
      [
        -1.0785090229961587
      ],
      [
        -0.6791756597794341
      ],
      [
        -0.6791756597794341
      ],
      [
        0.0
      ]
    ],
    "vwap": [
      [
        0.0
      ],
      [
        0.0
      ],
      [
        0.0
      ],
      [
        0.0
      ],
      [
        0.0
      ],
      [
        0.0
      ]
    ]
  },
  "counts": {
    "trend": 1,
    "breakout": 0,
    "reversion": 8,
    "vwap": 0
  },
  "reward_sum": {
    "trend": 0.0919344595655843,
    "breakout": 0.0,
    "reversion": -0.6791756597794341,
    "vwap": 0.0
  },
  "disabled_until": {
    "trend": 0.0,
    "breakout": 0.0,
    "reversion": 0.0,
    "vwap": 0.0
  },
  "_snapshot_time": "2025-09-23T14:53:00.461691"
}