{
  "arms": [
    "trend",
    "breakout",
    "reversion",
    "vwap"
  ],
  "d": 6,
  "alpha": 0.6,
  "alpha_base": 0.6,
  "alpha_boost_until": 0.0,
  "A": {
    "trend": [
      [
        1.1164684769854327,
        0.06999251845199232,
        1.2739737983044097,
        0.2730431536391005,
        0.2730431536391005,
        0.0
      ],
      [
        0.06999251845199232,
        1.0420624770414535,
        0.7656031648488862,
        0.16408712867143777,
        0.16408712867143777,
        0.0
      ],
      [
        1.2739737983044097,
        0.7656031648488862,
        14.935180409109073,
        2.986643532619814,
        2.986643532619814,
        0.0
      ],
      [
        0.2730431536391005,
        0.16408712867143777,
        2.986643532619814,
        1.6401093727576659,
        0.6401093727576664,
        0.0
      ],
      [
        0.2730431536391005,
        0.16408712867143777,
        2.986643532619814,
        0.6401093727576664,
        1.6401093727576659,
        0.0
      ],
      [
        0.0,
        0.0,
        0.0,
        0.0,
        0.0,
        1.0
      ]
    ],
    "breakout": [
      [
        1.0,
        0.0,
        0.0,
        0.0,
        0.0,
        0.0
      ],
      [
        0.0,
        1.0,
        0.0,
        0.0,
        0.0,
        0.0
      ],
      [
        0.0,
        0.0,
        1.0,
        0.0,
        0.0,
        0.0
      ],
      [
        0.0,
        0.0,
        0.0,
        1.0,
        0.0,
        0.0
      ],
      [
        0.0,
        0.0,
        0.0,
        0.0,
        1.0,
        0.0
      ],
      [
        0.0,
        0.0,
        0.0,
        0.0,
        0.0,
        1.0
      ]
    ],
    "reversion": [
      [
        1.0947304448411668,
        0.009603767948310346,
        0.2707033234137288,
        0.325637837952677,
        0.325637837952677,
        0.0
      ],
      [
        0.009603767948310346,
        1.0010423266730397,
        0.02799442374292023,
        0.03268249175800786,
        0.03268249175800786,
        0.0
      ],
      [
        0.2707033234137288,
        0.02799442374292023,
        1.777978338725248,
        0.9278983425813303,
        0.9278983425813303,
        0.0
      ],
      [
        0.325637837952677,
        0.03268249175800786,
        0.9278983425813303,
        2.1209782489370728,
        1.120978248937084,
        0.0
      ],
      [
        0.325637837952677,
        0.03268249175800786,
        0.9278983425813303,
        1.120978248937084,
        2.1209782489370728,
        0.0
      ],
      [
        0.0,
        0.0,
        0.0,
        0.0,
        0.0,
        1.0
      ]
    ],
    "vwap": [
      [
        1.0,
        0.0,
        0.0,
        0.0,
        0.0,
        0.0
      ],
      [
        0.0,
        1.0,
        0.0,
        0.0,
        0.0,
        0.0
      ],
      [
        0.0,
        0.0,
        1.0,
        0.0,
        0.0,
        0.0
      ],
      [
        0.0,
        0.0,
        0.0,
        1.0,
        0.0,
        0.0
      ],
      [
        0.0,
        0.0,
        0.0,
        0.0,
        1.0,
        0.0
      ],
      [
        0.0,
        0.0,
        0.0,
        0.0,
        0.0,
        1.0
      ]
    ]
  },
  "b": {
    "trend": [
      [
        0.2783754043457563
      ],
      [
        0.16729158077415515
      ],
      [
        3.044969595277261
      ],
      [
        0.6526100475035184
      ],
      [
        0.6526100475035184
      ],
      [
        0.0
      ]
    ],
    "breakout": [
      [
        0.0
      ],
      [
        0.0
      ],
      [
        0.0
      ],
      [
        0.0
      ],
      [
        0.0
      ],
      [
        0.0
      ]
    ],
    "reversion": [
      [
        0.1298253718441792
      ],
      [
        0.014125633895650833
      ],
      [
        0.3787161568083424
      ],
      [
        0.4416376613175201
      ],
      [
        0.4416376613175201
      ],
      [
        0.0
      ]
    ],
    "vwap": [
      [
        0.0
      ],
      [
        0.0
      ],
      [
        0.0
      ],
      [
        0.0
      ],
      [
        0.0
      ],
      [
        0.0
      ]
    ]
  },
  "counts": {
    "trend": 1,
    "breakout": 0,
    "reversion": 2,
    "vwap": 0
  },
  "reward_sum": {
    "trend": 0.6526100475035184,
    "breakout": 0.0,
    "reversion": 0.4416376613175201,
    "vwap": 0.0
  },
  "disabled_until": {
    "trend": 0.0,
    "breakout": 0.0,
    "reversion": 0.0,
    "vwap": 0.0
  },
  "_snapshot_time": "2025-09-18T08:03:00.739981"
}