{
  "arms": [
    "trend",
    "breakout",
    "reversion",
    "vwap"
  ],
  "d": 6,
  "alpha": 0.6,
  "alpha_base": 0.6,
  "alpha_boost_until": 0.0,
  "A": {
    "trend": [
      [
        1.005901215033358,
        0.003546375060464319,
        0.06454959767008017,
        0.013834527631126727,
        0.013834527631126727,
        0.0
      ],
      [
        0.003546375060464319,
        1.0021312180624475,
        0.038791517008991895,
        0.00831395288716065,
        0.00831395288716065,
        0.0
      ],
      [
        0.06454959767008017,
        0.038791517008991895,
        1.7060665533821524,
        0.15132700426896067,
        0.15132700426896067,
        0.0
      ],
      [
        0.013834527631126727,
        0.00831395288716065,
        0.15132700426896067,
        1.0324330080660573,
        0.032433008066058915,
        0.0
      ],
      [
        0.013834527631126727,
        0.00831395288716065,
        0.15132700426896067,
        0.032433008066058915,
        1.0324330080660573,
        0.0
      ],
      [
        0.0,
        0.0,
        0.0,
        0.0,
        0.0,
        1.0
      ]
    ],
    "breakout": [
      [
        1.0,
        0.0,
        0.0,
        0.0,
        0.0,
        0.0
      ],
      [
        0.0,
        1.0,
        0.0,
        0.0,
        0.0,
        0.0
      ],
      [
        0.0,
        0.0,
        1.0,
        0.0,
        0.0,
        0.0
      ],
      [
        0.0,
        0.0,
        0.0,
        1.0,
        0.0,
        0.0
      ],
      [
        0.0,
        0.0,
        0.0,
        0.0,
        1.0,
        0.0
      ],
      [
        0.0,
        0.0,
        0.0,
        0.0,
        0.0,
        1.0
      ]
    ],
    "reversion": [
      [
        1.1575615635026386,
        0.014634918820123072,
        0.5936447883932451,
        0.5063230679440426,
        0.5063230679440426,
        0.0
      ],
      [
        0.014634918820123072,
        1.0015170438285628,
        0.06365489969598453,
        0.04817122129694143,
        0.04817122129694143,
        0.0
      ],
      [
        0.5936447883932451,
        0.06365489969598453,
        3.8113526917887066,
        1.949303415841102,
        1.949303415841102,
        0.0
      ],
      [
        0.5063230679440426,
        0.04817122129694143,
        1.949303415841102,
        2.643177812659684,
        1.6431778126596972,
        0.0
      ],
      [
        0.5063230679440426,
        0.04817122129694143,
        1.949303415841102,
        1.6431778126596972,
        2.643177812659684,
        0.0
      ],
      [
        0.0,
        0.0,
        0.0,
        0.0,
        0.0,
        1.0
      ]
    ],
    "vwap": [
      [
        1.0,
        0.0,
        0.0,
        0.0,
        0.0,
        0.0
      ],
      [
        0.0,
        1.0,
        0.0,
        0.0,
        0.0,
        0.0
      ],
      [
        0.0,
        0.0,
        1.0,
        0.0,
        0.0,
        0.0
      ],
      [
        0.0,
        0.0,
        0.0,
        1.0,
        0.0,
        0.0
      ],
      [
        0.0,
        0.0,
        0.0,
        0.0,
        1.0,
        0.0
      ],
      [
        0.0,
        0.0,
        0.0,
        0.0,
        0.0,
        1.0
      ]
    ]
  },
  "b": {
    "trend": [
      [
        0.014104701663158399
      ],
      [
        0.008476315797809792
      ],
      [
        0.15428226432472403
      ],
      [
        0.03306639120668811
      ],
      [
        0.03306639120668811
      ],
      [
        0.0
      ]
    ],
    "breakout": [
      [
        0.0
      ],
      [
        0.0
      ],
      [
        0.0
      ],
      [
        0.0
      ],
      [
        0.0
      ],
      [
        0.0
      ]
    ],
    "reversion": [
      [
        -0.3330139284334656
      ],
      [
        -0.0518127500328557
      ],
      [
        -2.160930262422833
      ],
      [
        -1.3262053942322964
      ],
      [
        -1.3262053942322964
      ],
      [
        0.0
      ]
    ],
    "vwap": [
      [
        0.0
      ],
      [
        0.0
      ],
      [
        0.0
      ],
      [
        0.0
      ],
      [
        0.0
      ],
      [
        0.0
      ]
    ]
  },
  "counts": {
    "trend": 1,
    "breakout": 0,
    "reversion": 9,
    "vwap": 0
  },
  "reward_sum": {
    "trend": 0.03306639120668811,
    "breakout": 0.0,
    "reversion": -1.3262053942322964,
    "vwap": 0.0
  },
  "disabled_until": {
    "trend": 0.0,
    "breakout": 0.0,
    "reversion": 0.0,
    "vwap": 0.0
  },
  "_snapshot_time": "2025-09-25T10:15:00.851699"
}