{
  "arms": [
    "trend",
    "breakout",
    "reversion",
    "vwap"
  ],
  "d": 6,
  "alpha": 0.6,
  "alpha_base": 0.6,
  "alpha_boost_until": 0.0,
  "A": {
    "trend": [
      [
        1.0041340923415092,
        0.0024844107348587193,
        0.04522017853389765,
        0.009691769305971466,
        0.009691769305971466,
        0.0
      ],
      [
        0.0024844107348587193,
        1.0014930234231834,
        0.027175371932030217,
        0.0058243342708560585,
        0.0058243342708560585,
        0.0
      ],
      [
        0.04522017853389765,
        0.027175371932030217,
        1.494634463315239,
        0.10601203411085174,
        0.10601203411085174,
        0.0
      ],
      [
        0.009691769305971466,
        0.0058243342708560585,
        0.10601203411085174,
        1.0227209226405174,
        0.022720922640519125,
        0.0
      ],
      [
        0.009691769305971466,
        0.0058243342708560585,
        0.10601203411085174,
        0.022720922640519125,
        1.0227209226405174,
        0.0
      ],
      [
        0.0,
        0.0,
        0.0,
        0.0,
        0.0,
        1.0
      ]
    ],
    "breakout": [
      [
        1.0,
        0.0,
        0.0,
        0.0,
        0.0,
        0.0
      ],
      [
        0.0,
        1.0,
        0.0,
        0.0,
        0.0,
        0.0
      ],
      [
        0.0,
        0.0,
        1.0,
        0.0,
        0.0,
        0.0
      ],
      [
        0.0,
        0.0,
        0.0,
        1.0,
        0.0,
        0.0
      ],
      [
        0.0,
        0.0,
        0.0,
        0.0,
        1.0,
        0.0
      ],
      [
        0.0,
        0.0,
        0.0,
        0.0,
        0.0,
        1.0
      ]
    ],
    "reversion": [
      [
        1.1103796505144121,
        0.01025248283122633,
        0.4158774691992139,
        0.35470429490954175,
        0.35470429490954175,
        0.0
      ],
      [
        0.01025248283122633,
        1.001062764064339,
        0.04459339845186974,
        0.03374631765138433,
        0.03374631765138433,
        0.0
      ],
      [
        0.4158774691992139,
        0.04459339845186974,
        2.969491294031186,
        1.36558323619001,
        1.36558323619001,
        0.0
      ],
      [
        0.35470429490954175,
        0.03374631765138433,
        1.36558323619001,
        2.151127144605759,
        1.1511271446057747,
        0.0
      ],
      [
        0.35470429490954175,
        0.03374631765138433,
        1.36558323619001,
        1.1511271446057747,
        2.151127144605759,
        0.0
      ],
      [
        0.0,
        0.0,
        0.0,
        0.0,
        0.0,
        1.0
      ]
    ],
    "vwap": [
      [
        1.0,
        0.0,
        0.0,
        0.0,
        0.0,
        0.0
      ],
      [
        0.0,
        1.0,
        0.0,
        0.0,
        0.0,
        0.0
      ],
      [
        0.0,
        0.0,
        1.0,
        0.0,
        0.0,
        0.0
      ],
      [
        0.0,
        0.0,
        0.0,
        1.0,
        0.0,
        0.0
      ],
      [
        0.0,
        0.0,
        0.0,
        0.0,
        1.0,
        0.0
      ],
      [
        0.0,
        0.0,
        0.0,
        0.0,
        0.0,
        1.0
      ]
    ]
  },
  "b": {
    "trend": [
      [
        0.009881039547842531
      ],
      [
        0.005938077501981429
      ],
      [
        0.10808233961482636
      ],
      [
        0.023164638786450906
      ],
      [
        0.023164638786450906
      ],
      [
        0.0
      ]
    ],
    "breakout": [
      [
        0.0
      ],
      [
        0.0
      ],
      [
        0.0
      ],
      [
        0.0
      ],
      [
        0.0
      ],
      [
        0.0
      ]
    ],
    "reversion": [
      [
        -0.23329269029690639
      ],
      [
        -0.03629738823149871
      ],
      [
        -1.5138382854918475
      ],
      [
        -0.9290723236777079
      ],
      [
        -0.9290723236777079
      ],
      [
        0.0
      ]
    ],
    "vwap": [
      [
        0.0
      ],
      [
        0.0
      ],
      [
        0.0
      ],
      [
        0.0
      ],
      [
        0.0
      ],
      [
        0.0
      ]
    ]
  },
  "counts": {
    "trend": 1,
    "breakout": 0,
    "reversion": 9,
    "vwap": 0
  },
  "reward_sum": {
    "trend": 0.023164638786450906,
    "breakout": 0.0,
    "reversion": -0.9290723236777079,
    "vwap": 0.0
  },
  "disabled_until": {
    "trend": 0.0,
    "breakout": 0.0,
    "reversion": 0.0,
    "vwap": 0.0
  },
  "_snapshot_time": "2025-09-26T01:15:00.223984"
}