{
  "arms": [
    "trend",
    "breakout",
    "reversion",
    "vwap"
  ],
  "d": 6,
  "alpha": 0.6,
  "alpha_base": 0.6,
  "alpha_boost_until": 0.0,
  "A": {
    "trend": [
      [
        1.0252492233389354,
        0.015173691424419008,
        0.2761850227110365,
        0.059193077353141145,
        0.059193077353141145,
        0.0
      ],
      [
        0.015173691424419008,
        1.0091187324201143,
        0.16597525612603414,
        0.03557247991993723,
        0.03557247991993723,
        0.0
      ],
      [
        0.2761850227110365,
        0.16597525612603414,
        4.021010418655862,
        0.6474750210594793,
        0.6474750210594793,
        0.0
      ],
      [
        0.059193077353141145,
        0.03557247991993723,
        0.6474750210594793,
        1.1387694330039762,
        0.138769433003975,
        0.0
      ],
      [
        0.059193077353141145,
        0.03557247991993723,
        0.6474750210594793,
        0.138769433003975,
        1.1387694330039762,
        0.0
      ],
      [
        0.0,
        0.0,
        0.0,
        0.0,
        0.0,
        1.0
      ]
    ],
    "breakout": [
      [
        1.0,
        0.0,
        0.0,
        0.0,
        0.0,
        0.0
      ],
      [
        0.0,
        1.0,
        0.0,
        0.0,
        0.0,
        0.0
      ],
      [
        0.0,
        0.0,
        1.0,
        0.0,
        0.0,
        0.0
      ],
      [
        0.0,
        0.0,
        0.0,
        1.0,
        0.0,
        0.0
      ],
      [
        0.0,
        0.0,
        0.0,
        0.0,
        1.0,
        0.0
      ],
      [
        0.0,
        0.0,
        0.0,
        0.0,
        0.0,
        1.0
      ]
    ],
    "reversion": [
      [
        1.2911874831470196,
        0.01897484048911193,
        0.4890603953335641,
        0.9148646949286366,
        0.9148646949286366,
        0.0
      ],
      [
        0.01897484048911193,
        1.0015173187245474,
        0.03863021881380731,
        0.0634840339957181,
        0.0634840339957181,
        0.0
      ],
      [
        0.4890603953335641,
        0.03863021881380731,
        2.0451129141805944,
        1.637973208499535,
        1.637973208499535,
        0.0
      ],
      [
        0.9148646949286366,
        0.0634840339957181,
        1.637973208499535,
        3.9406645967020113,
        2.940664596702026,
        0.0
      ],
      [
        0.9148646949286366,
        0.0634840339957181,
        1.637973208499535,
        2.940664596702026,
        3.9406645967020113,
        0.0
      ],
      [
        0.0,
        0.0,
        0.0,
        0.0,
        0.0,
        1.0
      ]
    ],
    "vwap": [
      [
        1.0,
        0.0,
        0.0,
        0.0,
        0.0,
        0.0
      ],
      [
        0.0,
        1.0,
        0.0,
        0.0,
        0.0,
        0.0
      ],
      [
        0.0,
        0.0,
        1.0,
        0.0,
        0.0,
        0.0
      ],
      [
        0.0,
        0.0,
        0.0,
        1.0,
        0.0,
        0.0
      ],
      [
        0.0,
        0.0,
        0.0,
        0.0,
        1.0,
        0.0
      ],
      [
        0.0,
        0.0,
        0.0,
        0.0,
        0.0,
        1.0
      ]
    ]
  },
  "b": {
    "trend": [
      [
        0.06034905700082211
      ],
      [
        0.036267173702449355
      ],
      [
        0.6601195393071327
      ],
      [
        0.1414794566662996
      ],
      [
        0.1414794566662996
      ],
      [
        0.0
      ]
    ],
    "breakout": [
      [
        0.0
      ],
      [
        0.0
      ],
      [
        0.0
      ],
      [
        0.0
      ],
      [
        0.0
      ],
      [
        0.0
      ]
    ],
    "reversion": [
      [
        -0.008323425376639035
      ],
      [
        -0.06025988224999779
      ],
      [
        -1.659735329975433
      ],
      [
        -1.0451946286584903
      ],
      [
        -1.0451946286584903
      ],
      [
        0.0
      ]
    ],
    "vwap": [
      [
        0.0
      ],
      [
        0.0
      ],
      [
        0.0
      ],
      [
        0.0
      ],
      [
        0.0
      ],
      [
        0.0
      ]
    ]
  },
  "counts": {
    "trend": 1,
    "breakout": 0,
    "reversion": 8,
    "vwap": 0
  },
  "reward_sum": {
    "trend": 0.1414794566662996,
    "breakout": 0.0,
    "reversion": -1.0451946286584903,
    "vwap": 0.0
  },
  "disabled_until": {
    "trend": 0.0,
    "breakout": 0.0,
    "reversion": 0.0,
    "vwap": 0.0
  },
  "_snapshot_time": "2025-09-22T20:39:00.189353"
}