{
  "arms": [
    "trend",
    "breakout",
    "reversion",
    "vwap"
  ],
  "d": 6,
  "alpha": 0.6,
  "alpha_base": 0.6,
  "alpha_boost_until": 0.0,
  "A": {
    "trend": [
      [
        1.0072476152399217,
        0.004355503364885366,
        0.07927700400002838,
        0.016990964187832622,
        0.016990964187832622,
        0.0
      ],
      [
        0.004355503364885366,
        1.0026174691858691,
        0.04764205138515469,
        0.01021083477019081,
        0.01021083477019081,
        0.0
      ],
      [
        0.07927700400002838,
        0.04764205138515469,
        1.86716018375291,
        0.18585323465623102,
        0.18585323465623102,
        0.0
      ],
      [
        0.016990964187832622,
        0.01021083477019081,
        0.18585323465623102,
        1.039832807685766,
        0.03983280768576652,
        0.0
      ],
      [
        0.016990964187832622,
        0.01021083477019081,
        0.18585323465623102,
        0.03983280768576652,
        1.039832807685766,
        0.0
      ],
      [
        0.0,
        0.0,
        0.0,
        0.0,
        0.0,
        1.0
      ]
    ],
    "breakout": [
      [
        1.0,
        0.0,
        0.0,
        0.0,
        0.0,
        0.0
      ],
      [
        0.0,
        1.0,
        0.0,
        0.0,
        0.0,
        0.0
      ],
      [
        0.0,
        0.0,
        1.0,
        0.0,
        0.0,
        0.0
      ],
      [
        0.0,
        0.0,
        0.0,
        1.0,
        0.0,
        0.0
      ],
      [
        0.0,
        0.0,
        0.0,
        0.0,
        1.0,
        0.0
      ],
      [
        0.0,
        0.0,
        0.0,
        0.0,
        0.0,
        1.0
      ]
    ],
    "reversion": [
      [
        1.0835833566918556,
        0.005446596960940548,
        0.14038141002917262,
        0.262605594493897,
        0.262605594493897,
        0.0
      ],
      [
        0.005446596960940548,
        1.0004355358643808,
        0.011088537609182207,
        0.018222653667509574,
        0.018222653667509574,
        0.0
      ],
      [
        0.14038141002917262,
        0.011088537609182207,
        1.2999924466022295,
        0.47016890100524594,
        0.47016890100524594,
        0.0
      ],
      [
        0.262605594493897,
        0.018222653667509574,
        0.47016890100524594,
        1.8440974702650585,
        0.8440974702650742,
        0.0
      ],
      [
        0.262605594493897,
        0.018222653667509574,
        0.47016890100524594,
        0.8440974702650742,
        1.8440974702650585,
        0.0
      ],
      [
        0.0,
        0.0,
        0.0,
        0.0,
        0.0,
        1.0
      ]
    ],
    "vwap": [
      [
        1.0,
        0.0,
        0.0,
        0.0,
        0.0,
        0.0
      ],
      [
        0.0,
        1.0,
        0.0,
        0.0,
        0.0,
        0.0
      ],
      [
        0.0,
        0.0,
        1.0,
        0.0,
        0.0,
        0.0
      ],
      [
        0.0,
        0.0,
        0.0,
        1.0,
        0.0,
        0.0
      ],
      [
        0.0,
        0.0,
        0.0,
        0.0,
        1.0,
        0.0
      ],
      [
        0.0,
        0.0,
        0.0,
        0.0,
        0.0,
        1.0
      ]
    ]
  },
  "b": {
    "trend": [
      [
        0.017322780164867095
      ],
      [
        0.010410241824325784
      ],
      [
        0.18948275632202538
      ],
      [
        0.040610701268153394
      ],
      [
        0.040610701268153394
      ],
      [
        0.0
      ]
    ],
    "breakout": [
      [
        0.0
      ],
      [
        0.0
      ],
      [
        0.0
      ],
      [
        0.0
      ],
      [
        0.0
      ],
      [
        0.0
      ]
    ],
    "reversion": [
      [
        -0.002389181789803773
      ],
      [
        -0.017297183168301488
      ],
      [
        -0.4764155677301785
      ],
      [
        -0.30001590217895685
      ],
      [
        -0.30001590217895685
      ],
      [
        0.0
      ]
    ],
    "vwap": [
      [
        0.0
      ],
      [
        0.0
      ],
      [
        0.0
      ],
      [
        0.0
      ],
      [
        0.0
      ],
      [
        0.0
      ]
    ]
  },
  "counts": {
    "trend": 1,
    "breakout": 0,
    "reversion": 8,
    "vwap": 0
  },
  "reward_sum": {
    "trend": 0.040610701268153394,
    "breakout": 0.0,
    "reversion": -0.30001590217895685,
    "vwap": 0.0
  },
  "disabled_until": {
    "trend": 0.0,
    "breakout": 0.0,
    "reversion": 0.0,
    "vwap": 0.0
  },
  "_snapshot_time": "2025-09-25T03:21:00.640338"
}