{
  "arms": [
    "trend",
    "breakout",
    "reversion",
    "vwap"
  ],
  "d": 6,
  "alpha": 0.6,
  "alpha_base": 0.6,
  "alpha_boost_until": 0.0,
  "A": {
    "trend": [
      [
        1.0053383009655295,
        0.0032080880466805527,
        0.05839224254986454,
        0.01251485868476601,
        0.01251485868476601,
        0.0
      ],
      [
        0.0032080880466805527,
        1.0019279221950401,
        0.03509121283208514,
        0.0075208889142349385,
        0.0075208889142349385,
        0.0
      ],
      [
        0.05839224254986454,
        0.03509121283208514,
        1.638715203960873,
        0.1368919940102636,
        0.1368919940102636,
        0.0
      ],
      [
        0.01251485868476601,
        0.0075208889142349385,
        0.1368919940102636,
        1.0293392390033866,
        0.029339239003388088,
        0.0
      ],
      [
        0.01251485868476601,
        0.0075208889142349385,
        0.1368919940102636,
        0.029339239003388088,
        1.0293392390033866,
        0.0
      ],
      [
        0.0,
        0.0,
        0.0,
        0.0,
        0.0,
        1.0
      ]
    ],
    "breakout": [
      [
        1.0,
        0.0,
        0.0,
        0.0,
        0.0,
        0.0
      ],
      [
        0.0,
        1.0,
        0.0,
        0.0,
        0.0,
        0.0
      ],
      [
        0.0,
        0.0,
        1.0,
        0.0,
        0.0,
        0.0
      ],
      [
        0.0,
        0.0,
        0.0,
        1.0,
        0.0,
        0.0
      ],
      [
        0.0,
        0.0,
        0.0,
        0.0,
        1.0,
        0.0
      ],
      [
        0.0,
        0.0,
        0.0,
        0.0,
        0.0,
        1.0
      ]
    ],
    "reversion": [
      [
        1.1425318416329402,
        0.01323890094265157,
        0.5370172971409369,
        0.4580251536669782,
        0.4580251536669782,
        0.0
      ],
      [
        0.01323890094265157,
        1.0013723337463536,
        0.05758288938581718,
        0.043576191632841065,
        0.043576191632841065,
        0.0
      ],
      [
        0.5370172971409369,
        0.05758288938581718,
        3.543179108740318,
        1.7633602992049722,
        1.7633602992049722,
        0.0
      ],
      [
        0.4580251536669782,
        0.043576191632841065,
        1.7633602992049722,
        2.486435870286671,
        1.4864358702866844,
        0.0
      ],
      [
        0.4580251536669782,
        0.043576191632841065,
        1.7633602992049722,
        1.4864358702866844,
        2.486435870286671,
        0.0
      ],
      [
        0.0,
        0.0,
        0.0,
        0.0,
        0.0,
        1.0
      ]
    ],
    "vwap": [
      [
        1.0,
        0.0,
        0.0,
        0.0,
        0.0,
        0.0
      ],
      [
        0.0,
        1.0,
        0.0,
        0.0,
        0.0,
        0.0
      ],
      [
        0.0,
        0.0,
        1.0,
        0.0,
        0.0,
        0.0
      ],
      [
        0.0,
        0.0,
        0.0,
        1.0,
        0.0,
        0.0
      ],
      [
        0.0,
        0.0,
        0.0,
        0.0,
        1.0,
        0.0
      ],
      [
        0.0,
        0.0,
        0.0,
        0.0,
        0.0,
        1.0
      ]
    ]
  },
  "b": {
    "trend": [
      [
        0.012759260945639917
      ],
      [
        0.007667764104816043
      ],
      [
        0.1395653532286441
      ],
      [
        0.02991220403043052
      ],
      [
        0.02991220403043052
      ],
      [
        0.0
      ]
    ],
    "breakout": [
      [
        0.0
      ],
      [
        0.0
      ],
      [
        0.0
      ],
      [
        0.0
      ],
      [
        0.0
      ],
      [
        0.0
      ]
    ],
    "reversion": [
      [
        -0.30124788973833433
      ],
      [
        -0.0468703566915703
      ],
      [
        -1.954800162530273
      ],
      [
        -1.1996992986192663
      ],
      [
        -1.1996992986192663
      ],
      [
        0.0
      ]
    ],
    "vwap": [
      [
        0.0
      ],
      [
        0.0
      ],
      [
        0.0
      ],
      [
        0.0
      ],
      [
        0.0
      ],
      [
        0.0
      ]
    ]
  },
  "counts": {
    "trend": 1,
    "breakout": 0,
    "reversion": 9,
    "vwap": 0
  },
  "reward_sum": {
    "trend": 0.02991220403043052,
    "breakout": 0.0,
    "reversion": -1.1996992986192663,
    "vwap": 0.0
  },
  "disabled_until": {
    "trend": 0.0,
    "breakout": 0.0,
    "reversion": 0.0,
    "vwap": 0.0
  },
  "_snapshot_time": "2025-09-25T13:37:00.497186"
}