{
  "arms": [
    "trend",
    "breakout",
    "reversion",
    "vwap"
  ],
  "d": 6,
  "alpha": 0.6,
  "alpha_base": 0.6,
  "alpha_boost_until": 0.0,
  "A": {
    "trend": [
      [
        1.0398426004265406,
        0.02394368002149542,
        0.4358125933601362,
        0.09340509596434651,
        0.09340509596434651,
        0.0
      ],
      [
        0.02394368002149542,
        1.0143891163436658,
        0.2619045236264698,
        0.056132423742541,
        0.056132423742541,
        0.0
      ],
      [
        0.4358125933601362,
        0.2619045236264698,
        5.767073797842819,
        1.021698299545642,
        1.021698299545642,
        0.0
      ],
      [
        0.09340509596434651,
        0.056132423742541,
        1.021698299545642,
        1.2189744609715993,
        0.2189744609715989,
        0.0
      ],
      [
        0.09340509596434651,
        0.056132423742541,
        1.021698299545642,
        0.2189744609715989,
        1.2189744609715993,
        0.0
      ],
      [
        0.0,
        0.0,
        0.0,
        0.0,
        0.0,
        1.0
      ]
    ],
    "breakout": [
      [
        1.0,
        0.0,
        0.0,
        0.0,
        0.0,
        0.0
      ],
      [
        0.0,
        1.0,
        0.0,
        0.0,
        0.0,
        0.0
      ],
      [
        0.0,
        0.0,
        1.0,
        0.0,
        0.0,
        0.0
      ],
      [
        0.0,
        0.0,
        0.0,
        1.0,
        0.0,
        0.0
      ],
      [
        0.0,
        0.0,
        0.0,
        0.0,
        1.0,
        0.0
      ],
      [
        0.0,
        0.0,
        0.0,
        0.0,
        0.0,
        1.0
      ]
    ],
    "reversion": [
      [
        1.459486075452717,
        0.02994179177777815,
        0.7717242488672321,
        1.4436320672161707,
        1.4436320672161707,
        0.0
      ],
      [
        0.02994179177777815,
        1.0023942884440573,
        0.060957454093842595,
        0.10017611100361573,
        0.10017611100361573,
        0.0
      ],
      [
        0.7717242488672321,
        0.060957454093842595,
        2.6491602803522203,
        2.5846779989857867,
        2.5846779989857867,
        0.0
      ],
      [
        1.4436320672161707,
        0.10017611100361573,
        2.5846779989857867,
        5.64029023554952,
        4.640290235549533,
        0.0
      ],
      [
        1.4436320672161707,
        0.10017611100361573,
        2.5846779989857867,
        4.640290235549533,
        5.64029023554952,
        0.0
      ],
      [
        0.0,
        0.0,
        0.0,
        0.0,
        0.0,
        1.0
      ]
    ],
    "vwap": [
      [
        1.0,
        0.0,
        0.0,
        0.0,
        0.0,
        0.0
      ],
      [
        0.0,
        1.0,
        0.0,
        0.0,
        0.0,
        0.0
      ],
      [
        0.0,
        0.0,
        1.0,
        0.0,
        0.0,
        0.0
      ],
      [
        0.0,
        0.0,
        0.0,
        1.0,
        0.0,
        0.0
      ],
      [
        0.0,
        0.0,
        0.0,
        0.0,
        1.0,
        0.0
      ],
      [
        0.0,
        0.0,
        0.0,
        0.0,
        0.0,
        1.0
      ]
    ]
  },
  "b": {
    "trend": [
      [
        0.09522920099068771
      ],
      [
        0.05722863198720217
      ],
      [
        1.0416510118079032
      ],
      [
        0.22325080596942568
      ],
      [
        0.22325080596942568
      ],
      [
        0.0
      ]
    ],
    "breakout": [
      [
        0.0
      ],
      [
        0.0
      ],
      [
        0.0
      ],
      [
        0.0
      ],
      [
        0.0
      ],
      [
        0.0
      ]
    ],
    "reversion": [
      [
        -0.01313414305897359
      ],
      [
        -0.09508848561431607
      ],
      [
        -2.6190180457570875
      ],
      [
        -1.6492892236170456
      ],
      [
        -1.6492892236170456
      ],
      [
        0.0
      ]
    ],
    "vwap": [
      [
        0.0
      ],
      [
        0.0
      ],
      [
        0.0
      ],
      [
        0.0
      ],
      [
        0.0
      ],
      [
        0.0
      ]
    ]
  },
  "counts": {
    "trend": 1,
    "breakout": 0,
    "reversion": 8,
    "vwap": 0
  },
  "reward_sum": {
    "trend": 0.22325080596942568,
    "breakout": 0.0,
    "reversion": -1.6492892236170456,
    "vwap": 0.0
  },
  "disabled_until": {
    "trend": 0.0,
    "breakout": 0.0,
    "reversion": 0.0,
    "vwap": 0.0
  },
  "_snapshot_time": "2025-09-22T04:30:00.735807"
}