{
  "arms": [
    "trend",
    "breakout",
    "reversion",
    "vwap"
  ],
  "d": 6,
  "alpha": 0.6,
  "alpha_base": 0.6,
  "alpha_boost_until": 0.0,
  "A": {
    "trend": [
      [
        1.1243106526886053,
        0.07470532694588837,
        1.3597543170003918,
        0.2914279770763816,
        0.2914279770763816,
        0.0
      ],
      [
        0.07470532694588837,
        1.0448946711596179,
        0.8171535473476719,
        0.17513561257864527,
        0.17513561257864527,
        0.0
      ],
      [
        1.3597543170003918,
        0.8171535473476719,
        15.873478359354534,
        3.187743297567187,
        3.187743297567187,
        0.0
      ],
      [
        0.2914279770763816,
        0.17513561257864527,
        3.187743297567187,
        1.6832098777212634,
        0.6832098777212641,
        0.0
      ],
      [
        0.2914279770763816,
        0.17513561257864527,
        3.187743297567187,
        0.6832098777212641,
        1.6832098777212634,
        0.0
      ],
      [
        0.0,
        0.0,
        0.0,
        0.0,
        0.0,
        1.0
      ]
    ],
    "breakout": [
      [
        1.0,
        0.0,
        0.0,
        0.0,
        0.0,
        0.0
      ],
      [
        0.0,
        1.0,
        0.0,
        0.0,
        0.0,
        0.0
      ],
      [
        0.0,
        0.0,
        1.0,
        0.0,
        0.0,
        0.0
      ],
      [
        0.0,
        0.0,
        0.0,
        1.0,
        0.0,
        0.0
      ],
      [
        0.0,
        0.0,
        0.0,
        0.0,
        1.0,
        0.0
      ],
      [
        0.0,
        0.0,
        0.0,
        0.0,
        0.0,
        1.0
      ]
    ],
    "reversion": [
      [
        1.1011089329274926,
        0.010250418764157868,
        0.2889305989872624,
        0.34756402095879263,
        0.34756402095879263,
        0.0
      ],
      [
        0.010250418764157868,
        1.001112509688407,
        0.02987937317630647,
        0.03488310302568889,
        0.03488310302568889,
        0.0
      ],
      [
        0.2889305989872624,
        0.02987937317630647,
        1.8303619792042847,
        0.99037655149717,
        0.99037655149717,
        0.0
      ],
      [
        0.34756402095879263,
        0.03488310302568889,
        0.99037655149717,
        2.1964571133915216,
        1.1964571133915325,
        0.0
      ],
      [
        0.34756402095879263,
        0.03488310302568889,
        0.99037655149717,
        1.1964571133915325,
        2.1964571133915216,
        0.0
      ],
      [
        0.0,
        0.0,
        0.0,
        0.0,
        0.0,
        1.0
      ]
    ],
    "vwap": [
      [
        1.0,
        0.0,
        0.0,
        0.0,
        0.0,
        0.0
      ],
      [
        0.0,
        1.0,
        0.0,
        0.0,
        0.0,
        0.0
      ],
      [
        0.0,
        0.0,
        1.0,
        0.0,
        0.0,
        0.0
      ],
      [
        0.0,
        0.0,
        0.0,
        1.0,
        0.0,
        0.0
      ],
      [
        0.0,
        0.0,
        0.0,
        0.0,
        1.0,
        0.0
      ],
      [
        0.0,
        0.0,
        0.0,
        0.0,
        0.0,
        1.0
      ]
    ]
  },
  "b": {
    "trend": [
      [
        0.297119264391202
      ],
      [
        0.17855583015775894
      ],
      [
        3.249996630875654
      ],
      [
        0.6965522608014444
      ],
      [
        0.6965522608014444
      ],
      [
        0.0
      ]
    ],
    "breakout": [
      [
        0.0
      ],
      [
        0.0
      ],
      [
        0.0
      ],
      [
        0.0
      ],
      [
        0.0
      ],
      [
        0.0
      ]
    ],
    "reversion": [
      [
        0.1385669077780536
      ],
      [
        0.015076755656625184
      ],
      [
        0.4042162639634552
      ],
      [
        0.47137446415751477
      ],
      [
        0.47137446415751477
      ],
      [
        0.0
      ]
    ],
    "vwap": [
      [
        0.0
      ],
      [
        0.0
      ],
      [
        0.0
      ],
      [
        0.0
      ],
      [
        0.0
      ],
      [
        0.0
      ]
    ]
  },
  "counts": {
    "trend": 1,
    "breakout": 0,
    "reversion": 2,
    "vwap": 0
  },
  "reward_sum": {
    "trend": 0.6965522608014444,
    "breakout": 0.0,
    "reversion": 0.47137446415751477,
    "vwap": 0.0
  },
  "disabled_until": {
    "trend": 0.0,
    "breakout": 0.0,
    "reversion": 0.0,
    "vwap": 0.0
  },
  "_snapshot_time": "2025-09-18T05:48:00.415092"
}