{
  "arms": [
    "trend",
    "breakout",
    "reversion",
    "vwap"
  ],
  "d": 6,
  "alpha": 0.6,
  "alpha_base": 0.6,
  "alpha_boost_until": 0.0,
  "A": {
    "trend": [
      [
        1.0149166569539734,
        0.008964265817810074,
        0.16316372128771178,
        0.034969900542054046,
        0.034969900542054046,
        0.0
      ],
      [
        0.008964265817810074,
        1.0053871361324673,
        0.09805434112746554,
        0.02101539809145277,
        0.02101539809145277,
        0.0
      ],
      [
        0.16316372128771178,
        0.09805434112746554,
        2.7847430578180226,
        0.38251326172540695,
        0.38251326172540695,
        0.0
      ],
      [
        0.034969900542054046,
        0.02101539809145277,
        0.38251326172540695,
        1.0819817702917365,
        0.08198177029173696,
        0.0
      ],
      [
        0.034969900542054046,
        0.02101539809145277,
        0.38251326172540695,
        0.08198177029173696,
        1.0819817702917365,
        0.0
      ],
      [
        0.0,
        0.0,
        0.0,
        0.0,
        0.0,
        1.0
      ]
    ],
    "breakout": [
      [
        1.0,
        0.0,
        0.0,
        0.0,
        0.0,
        0.0
      ],
      [
        0.0,
        1.0,
        0.0,
        0.0,
        0.0,
        0.0
      ],
      [
        0.0,
        0.0,
        1.0,
        0.0,
        0.0,
        0.0
      ],
      [
        0.0,
        0.0,
        0.0,
        1.0,
        0.0,
        0.0
      ],
      [
        0.0,
        0.0,
        0.0,
        0.0,
        1.0,
        0.0
      ],
      [
        0.0,
        0.0,
        0.0,
        0.0,
        0.0,
        1.0
      ]
    ],
    "reversion": [
      [
        1.172026827799348,
        0.01120989673753417,
        0.2889255661070103,
        0.5404808944165038,
        0.5404808944165038,
        0.0
      ],
      [
        0.01120989673753417,
        1.0008963967960556,
        0.022821839482635716,
        0.037504898446048304,
        0.037504898446048304,
        0.0
      ],
      [
        0.2889255661070103,
        0.022821839482635716,
        1.6174285287800156,
        0.9676766735753823,
        0.9676766735753823,
        0.0
      ],
      [
        0.5404808944165038,
        0.037504898446048304,
        0.9676766735753823,
        2.737276605179765,
        1.7372766051797819,
        0.0
      ],
      [
        0.5404808944165038,
        0.037504898446048304,
        0.9676766735753823,
        1.7372766051797819,
        2.737276605179765,
        0.0
      ],
      [
        0.0,
        0.0,
        0.0,
        0.0,
        0.0,
        1.0
      ]
    ],
    "vwap": [
      [
        1.0,
        0.0,
        0.0,
        0.0,
        0.0,
        0.0
      ],
      [
        0.0,
        1.0,
        0.0,
        0.0,
        0.0,
        0.0
      ],
      [
        0.0,
        0.0,
        1.0,
        0.0,
        0.0,
        0.0
      ],
      [
        0.0,
        0.0,
        0.0,
        1.0,
        0.0,
        0.0
      ],
      [
        0.0,
        0.0,
        0.0,
        0.0,
        1.0,
        0.0
      ],
      [
        0.0,
        0.0,
        0.0,
        0.0,
        0.0,
        1.0
      ]
    ]
  },
  "b": {
    "trend": [
      [
        0.03565282657184757
      ],
      [
        0.021425807104937588
      ],
      [
        0.3899833505482035
      ],
      [
        0.08358278956925691
      ],
      [
        0.08358278956925691
      ],
      [
        0.0
      ]
    ],
    "breakout": [
      [
        0.0
      ],
      [
        0.0
      ],
      [
        0.0
      ],
      [
        0.0
      ],
      [
        0.0
      ],
      [
        0.0
      ]
    ],
    "reversion": [
      [
        -0.004917287132307368
      ],
      [
        -0.035600144192308725
      ],
      [
        -0.980533231430215
      ],
      [
        -0.6174768038029184
      ],
      [
        -0.6174768038029184
      ],
      [
        0.0
      ]
    ],
    "vwap": [
      [
        0.0
      ],
      [
        0.0
      ],
      [
        0.0
      ],
      [
        0.0
      ],
      [
        0.0
      ],
      [
        0.0
      ]
    ]
  },
  "counts": {
    "trend": 1,
    "breakout": 0,
    "reversion": 8,
    "vwap": 0
  },
  "reward_sum": {
    "trend": 0.08358278956925691,
    "breakout": 0.0,
    "reversion": -0.6174768038029184,
    "vwap": 0.0
  },
  "disabled_until": {
    "trend": 0.0,
    "breakout": 0.0,
    "reversion": 0.0,
    "vwap": 0.0
  },
  "_snapshot_time": "2025-09-23T18:32:00.487858"
}