{
  "arms": [
    "trend",
    "breakout",
    "reversion",
    "vwap"
  ],
  "d": 6,
  "alpha": 0.6,
  "alpha_base": 0.6,
  "alpha_boost_until": 0.0,
  "A": {
    "trend": [
      [
        1.0179563273673242,
        0.010790976297772538,
        0.19641272189563327,
        0.04209595917325831,
        0.04209595917325831,
        0.0
      ],
      [
        0.010790976297772538,
        1.0064849101420914,
        0.11803555277198072,
        0.025297851190731604,
        0.025297851190731604,
        0.0
      ],
      [
        0.19641272189563327,
        0.11803555277198072,
        3.1484325014397356,
        0.46046063612501226,
        0.46046063612501226,
        0.0
      ],
      [
        0.04209595917325831,
        0.025297851190731604,
        0.46046063612501226,
        1.0986877629520904,
        0.09868776295209031,
        0.0
      ],
      [
        0.04209595917325831,
        0.025297851190731604,
        0.46046063612501226,
        0.09868776295209031,
        1.0986877629520904,
        0.0
      ],
      [
        0.0,
        0.0,
        0.0,
        0.0,
        0.0,
        1.0
      ]
    ],
    "breakout": [
      [
        1.0,
        0.0,
        0.0,
        0.0,
        0.0,
        0.0
      ],
      [
        0.0,
        1.0,
        0.0,
        0.0,
        0.0,
        0.0
      ],
      [
        0.0,
        0.0,
        1.0,
        0.0,
        0.0,
        0.0
      ],
      [
        0.0,
        0.0,
        0.0,
        1.0,
        0.0,
        0.0
      ],
      [
        0.0,
        0.0,
        0.0,
        0.0,
        1.0,
        0.0
      ],
      [
        0.0,
        0.0,
        0.0,
        0.0,
        0.0,
        1.0
      ]
    ],
    "reversion": [
      [
        1.2070819249553728,
        0.013494214970162522,
        0.34780192812744154,
        0.650618426492868,
        0.650618426492868,
        0.0
      ],
      [
        0.013494214970162522,
        1.0010790617744085,
        0.02747240364508223,
        0.04514753114277272,
        0.04514753114277272,
        0.0
      ],
      [
        0.34780192812744154,
        0.02747240364508223,
        1.7432462128015493,
        1.1648668458395062,
        1.1648668458395062,
        0.0
      ],
      [
        0.650618426492868,
        0.04514753114277272,
        1.1648668458395062,
        3.09129348127133,
        2.091293481271346,
        0.0
      ],
      [
        0.650618426492868,
        0.04514753114277272,
        1.1648668458395062,
        2.091293481271346,
        3.09129348127133,
        0.0
      ],
      [
        0.0,
        0.0,
        0.0,
        0.0,
        0.0,
        1.0
      ]
    ],
    "vwap": [
      [
        1.0,
        0.0,
        0.0,
        0.0,
        0.0,
        0.0
      ],
      [
        0.0,
        1.0,
        0.0,
        0.0,
        0.0,
        0.0
      ],
      [
        0.0,
        0.0,
        1.0,
        0.0,
        0.0,
        0.0
      ],
      [
        0.0,
        0.0,
        0.0,
        1.0,
        0.0,
        0.0
      ],
      [
        0.0,
        0.0,
        0.0,
        0.0,
        1.0,
        0.0
      ],
      [
        0.0,
        0.0,
        0.0,
        0.0,
        0.0,
        1.0
      ]
    ]
  },
  "b": {
    "trend": [
      [
        0.04291804976610892
      ],
      [
        0.02579189208899544
      ],
      [
        0.4694529566415345
      ],
      [
        0.1006150330071203
      ],
      [
        0.1006150330071203
      ],
      [
        0.0
      ]
    ],
    "breakout": [
      [
        0.0
      ],
      [
        0.0
      ],
      [
        0.0
      ],
      [
        0.0
      ],
      [
        0.0
      ],
      [
        0.0
      ]
    ],
    "reversion": [
      [
        -0.005919316759733658
      ],
      [
        -0.04285463193352031
      ],
      [
        -1.1803432734580177
      ],
      [
        -0.7433043251599405
      ],
      [
        -0.7433043251599405
      ],
      [
        0.0
      ]
    ],
    "vwap": [
      [
        0.0
      ],
      [
        0.0
      ],
      [
        0.0
      ],
      [
        0.0
      ],
      [
        0.0
      ],
      [
        0.0
      ]
    ]
  },
  "counts": {
    "trend": 1,
    "breakout": 0,
    "reversion": 8,
    "vwap": 0
  },
  "reward_sum": {
    "trend": 0.1006150330071203,
    "breakout": 0.0,
    "reversion": -0.7433043251599405,
    "vwap": 0.0
  },
  "disabled_until": {
    "trend": 0.0,
    "breakout": 0.0,
    "reversion": 0.0,
    "vwap": 0.0
  },
  "_snapshot_time": "2025-09-23T10:54:00.855839"
}