{
  "arms": [
    "trend",
    "breakout",
    "reversion",
    "vwap"
  ],
  "d": 6,
  "alpha": 0.6,
  "alpha_base": 0.6,
  "alpha_boost_until": 0.0,
  "A": {
    "trend": [
      [
        1.0972387356431565,
        0.05843627541899828,
        1.0636320195474365,
        0.22796186335644222,
        0.22796186335644222,
        0.0
      ],
      [
        0.05843627541899828,
        1.03511767468241,
        0.6391968512099274,
        0.13699522257273208,
        0.13699522257273208,
        0.0
      ],
      [
        1.0636320195474365,
        0.6391968512099274,
        12.634386908918962,
        2.493528278600946,
        2.493528278600946,
        0.0
      ],
      [
        0.22796186335644222,
        0.13699522257273208,
        2.493528278600946,
        1.5344229416520507,
        0.5344229416520513,
        0.0
      ],
      [
        0.22796186335644222,
        0.13699522257273208,
        2.493528278600946,
        0.5344229416520513,
        1.5344229416520507,
        0.0
      ],
      [
        0.0,
        0.0,
        0.0,
        0.0,
        0.0,
        1.0
      ]
    ],
    "breakout": [
      [
        1.0,
        0.0,
        0.0,
        0.0,
        0.0,
        0.0
      ],
      [
        0.0,
        1.0,
        0.0,
        0.0,
        0.0,
        0.0
      ],
      [
        0.0,
        0.0,
        1.0,
        0.0,
        0.0,
        0.0
      ],
      [
        0.0,
        0.0,
        0.0,
        1.0,
        0.0,
        0.0
      ],
      [
        0.0,
        0.0,
        0.0,
        0.0,
        1.0,
        0.0
      ],
      [
        0.0,
        0.0,
        0.0,
        0.0,
        0.0,
        1.0
      ]
    ],
    "reversion": [
      [
        1.0790898011349541,
        0.008018120240558894,
        0.22600835508859354,
        0.2718728059271327,
        0.2718728059271327,
        0.0
      ],
      [
        0.008018120240558894,
        1.0008702314174345,
        0.02337235310598923,
        0.027286389059711355,
        0.027286389059711355,
        0.0
      ],
      [
        0.22600835508859354,
        0.02337235310598923,
        1.6495287993236833,
        0.7746959861875234,
        0.7746959861875234,
        0.0
      ],
      [
        0.2718728059271327,
        0.027286389059711355,
        0.7746959861875234,
        1.9358970807504714,
        0.9358970807504823,
        0.0
      ],
      [
        0.2718728059271327,
        0.027286389059711355,
        0.7746959861875234,
        0.9358970807504823,
        1.9358970807504714,
        0.0
      ],
      [
        0.0,
        0.0,
        0.0,
        0.0,
        0.0,
        1.0
      ]
    ],
    "vwap": [
      [
        1.0,
        0.0,
        0.0,
        0.0,
        0.0,
        0.0
      ],
      [
        0.0,
        1.0,
        0.0,
        0.0,
        0.0,
        0.0
      ],
      [
        0.0,
        0.0,
        1.0,
        0.0,
        0.0,
        0.0
      ],
      [
        0.0,
        0.0,
        0.0,
        1.0,
        0.0,
        0.0
      ],
      [
        0.0,
        0.0,
        0.0,
        0.0,
        1.0,
        0.0
      ],
      [
        0.0,
        0.0,
        0.0,
        0.0,
        0.0,
        1.0
      ]
    ]
  },
  "b": {
    "trend": [
      [
        0.23241372303785965
      ],
      [
        0.13967059773829102
      ],
      [
        2.542224309790252
      ],
      [
        0.5448596695842371
      ],
      [
        0.5448596695842371
      ],
      [
        0.0
      ]
    ],
    "breakout": [
      [
        0.0
      ],
      [
        0.0
      ],
      [
        0.0
      ],
      [
        0.0
      ],
      [
        0.0
      ],
      [
        0.0
      ]
    ],
    "reversion": [
      [
        0.10839031589731822
      ],
      [
        0.011793395223524687
      ],
      [
        0.3161875316724924
      ],
      [
        0.3687202658646194
      ],
      [
        0.3687202658646194
      ],
      [
        0.0
      ]
    ],
    "vwap": [
      [
        0.0
      ],
      [
        0.0
      ],
      [
        0.0
      ],
      [
        0.0
      ],
      [
        0.0
      ],
      [
        0.0
      ]
    ]
  },
  "counts": {
    "trend": 1,
    "breakout": 0,
    "reversion": 2,
    "vwap": 0
  },
  "reward_sum": {
    "trend": 0.5448596695842371,
    "breakout": 0.0,
    "reversion": 0.3687202658646194,
    "vwap": 0.0
  },
  "disabled_until": {
    "trend": 0.0,
    "breakout": 0.0,
    "reversion": 0.0,
    "vwap": 0.0
  },
  "_snapshot_time": "2025-09-18T15:05:00.875804"
}