{
  "arms": [
    "trend",
    "breakout",
    "reversion",
    "vwap"
  ],
  "d": 6,
  "alpha": 0.6,
  "alpha_base": 0.6,
  "alpha_boost_until": 0.0,
  "A": {
    "trend": [
      [
        1.0032337849060076,
        0.0019433648963383668,
        0.03537229425710391,
        0.007581131408090483,
        0.007581131408090483,
        0.0
      ],
      [
        0.0019433648963383668,
        1.0011678782696083,
        0.02125721931428124,
        0.004555932160374375,
        0.004555932160374375,
        0.0
      ],
      [
        0.03537229425710391,
        0.02125721931428124,
        1.3869147878966417,
        0.08292512296368355,
        0.08292512296368355,
        0.0
      ],
      [
        0.007581131408090483,
        0.004555932160374375,
        0.08292512296368355,
        1.0177728436173874,
        0.017772843617388175,
        0.0
      ],
      [
        0.007581131408090483,
        0.004555932160374375,
        0.08292512296368355,
        0.017772843617388175,
        1.0177728436173874,
        0.0
      ],
      [
        0.0,
        0.0,
        0.0,
        0.0,
        0.0,
        1.0
      ]
    ],
    "breakout": [
      [
        1.0,
        0.0,
        0.0,
        0.0,
        0.0,
        0.0
      ],
      [
        0.0,
        1.0,
        0.0,
        0.0,
        0.0,
        0.0
      ],
      [
        0.0,
        0.0,
        1.0,
        0.0,
        0.0,
        0.0
      ],
      [
        0.0,
        0.0,
        0.0,
        1.0,
        0.0,
        0.0
      ],
      [
        0.0,
        0.0,
        0.0,
        0.0,
        1.0,
        0.0
      ],
      [
        0.0,
        0.0,
        0.0,
        0.0,
        0.0,
        1.0
      ]
    ],
    "reversion": [
      [
        1.1733172062225612,
        0.014107418228537321,
        0.5070778469010734,
        0.5679727451352073,
        0.5679727451352073,
        0.0
      ],
      [
        0.014107418228537321,
        1.001257414307962,
        0.04760454086618753,
        0.046731154142166866,
        0.046731154142166866,
        0.0
      ],
      [
        0.5070778469010734,
        0.04760454086618753,
        2.9204574029286956,
        1.6753323377097742,
        1.6753323377097742,
        0.0
      ],
      [
        0.5679727451352073,
        0.046731154142166866,
        1.6753323377097742,
        2.8708114153152895,
        1.870811415315305,
        0.0
      ],
      [
        0.5679727451352073,
        0.046731154142166866,
        1.6753323377097742,
        1.870811415315305,
        2.8708114153152895,
        0.0
      ],
      [
        0.0,
        0.0,
        0.0,
        0.0,
        0.0,
        1.0
      ]
    ],
    "vwap": [
      [
        1.0,
        0.0,
        0.0,
        0.0,
        0.0,
        0.0
      ],
      [
        0.0,
        1.0,
        0.0,
        0.0,
        0.0,
        0.0
      ],
      [
        0.0,
        0.0,
        1.0,
        0.0,
        0.0,
        0.0
      ],
      [
        0.0,
        0.0,
        0.0,
        1.0,
        0.0,
        0.0
      ],
      [
        0.0,
        0.0,
        0.0,
        0.0,
        1.0,
        0.0
      ],
      [
        0.0,
        0.0,
        0.0,
        0.0,
        0.0,
        1.0
      ]
    ]
  },
  "b": {
    "trend": [
      [
        0.007729183072339392
      ],
      [
        0.00464490480868235
      ],
      [
        0.08454456494429839
      ],
      [
        0.018119928891913616
      ],
      [
        0.018119928891913616
      ],
      [
        0.0
      ]
    ],
    "breakout": [
      [
        0.0
      ],
      [
        0.0
      ],
      [
        0.0
      ],
      [
        0.0
      ],
      [
        0.0
      ],
      [
        0.0
      ]
    ],
    "reversion": [
      [
        -0.5951614233409446
      ],
      [
        -0.05727698389547847
      ],
      [
        -2.0466001014874466
      ],
      [
        -2.1051508402662407
      ],
      [
        -2.1051508402662407
      ],
      [
        0.0
      ]
    ],
    "vwap": [
      [
        0.0
      ],
      [
        0.0
      ],
      [
        0.0
      ],
      [
        0.0
      ],
      [
        0.0
      ],
      [
        0.0
      ]
    ]
  },
  "counts": {
    "trend": 1,
    "breakout": 0,
    "reversion": 10,
    "vwap": 0
  },
  "reward_sum": {
    "trend": 0.018119928891913616,
    "breakout": 0.0,
    "reversion": -2.1051508402662407,
    "vwap": 0.0
  },
  "disabled_until": {
    "trend": 0.0,
    "breakout": 0.0,
    "reversion": 0.0,
    "vwap": 0.0
  },
  "_snapshot_time": "2025-09-26T09:29:00.643890"
}