{
  "arms": [
    "trend",
    "breakout",
    "reversion",
    "vwap"
  ],
  "d": 6,
  "alpha": 0.6,
  "alpha_base": 0.6,
  "alpha_boost_until": 0.0,
  "A": {
    "trend": [
      [
        1.008768353720714,
        0.005269401433551153,
        0.09591138463886477,
        0.020556111096274622,
        0.020556111096274622,
        0.0
      ],
      [
        0.005269401433551153,
        1.0031666824072487,
        0.0576385948614367,
        0.012353333901560086,
        0.012353333901560086,
        0.0
      ],
      [
        0.09591138463886477,
        0.0576385948614367,
        2.0491129801954213,
        0.22485008484282007,
        0.22485008484282007,
        0.0
      ],
      [
        0.020556111096274622,
        0.012353333901560086,
        0.22485008484282007,
        1.0481907683998015,
        0.048190768399801194,
        0.0
      ],
      [
        0.020556111096274622,
        0.012353333901560086,
        0.22485008484282007,
        0.048190768399801194,
        1.0481907683998015,
        0.0
      ],
      [
        0.0,
        0.0,
        0.0,
        0.0,
        0.0,
        1.0
      ]
    ],
    "breakout": [
      [
        1.0,
        0.0,
        0.0,
        0.0,
        0.0,
        0.0
      ],
      [
        0.0,
        1.0,
        0.0,
        0.0,
        0.0,
        0.0
      ],
      [
        0.0,
        0.0,
        1.0,
        0.0,
        0.0,
        0.0
      ],
      [
        0.0,
        0.0,
        0.0,
        1.0,
        0.0,
        0.0
      ],
      [
        0.0,
        0.0,
        0.0,
        0.0,
        1.0,
        0.0
      ],
      [
        0.0,
        0.0,
        0.0,
        0.0,
        0.0,
        1.0
      ]
    ],
    "reversion": [
      [
        1.1011213223077547,
        0.0065894348895103785,
        0.16983708684865717,
        0.3177070892060061,
        0.3177070892060061,
        0.0
      ],
      [
        0.0065894348895103785,
        1.0005269226346214,
        0.013415201660703677,
        0.022046241114821973,
        0.022046241114821973,
        0.0
      ],
      [
        0.16983708684865717,
        0.013415201660703677,
        1.3629386768300455,
        0.568822584535742,
        0.568822584535742,
        0.0
      ],
      [
        0.3177070892060061,
        0.022046241114821973,
        0.568822584535742,
        2.0212111086243345,
        1.0212111086243536,
        0.0
      ],
      [
        0.3177070892060061,
        0.022046241114821973,
        0.568822584535742,
        1.0212111086243536,
        2.0212111086243345,
        0.0
      ],
      [
        0.0,
        0.0,
        0.0,
        0.0,
        0.0,
        1.0
      ]
    ],
    "vwap": [
      [
        1.0,
        0.0,
        0.0,
        0.0,
        0.0,
        0.0
      ],
      [
        0.0,
        1.0,
        0.0,
        0.0,
        0.0,
        0.0
      ],
      [
        0.0,
        0.0,
        1.0,
        0.0,
        0.0,
        0.0
      ],
      [
        0.0,
        0.0,
        0.0,
        1.0,
        0.0,
        0.0
      ],
      [
        0.0,
        0.0,
        0.0,
        0.0,
        1.0,
        0.0
      ],
      [
        0.0,
        0.0,
        0.0,
        0.0,
        0.0,
        1.0
      ]
    ]
  },
  "b": {
    "trend": [
      [
        0.020957550709238087
      ],
      [
        0.012594581750291049
      ],
      [
        0.22924117470467933
      ],
      [
        0.049131884320231134
      ],
      [
        0.049131884320231134
      ],
      [
        0.0
      ]
    ],
    "breakout": [
      [
        0.0
      ],
      [
        0.0
      ],
      [
        0.0
      ],
      [
        0.0
      ],
      [
        0.0
      ],
      [
        0.0
      ]
    ],
    "reversion": [
      [
        -0.0028904943685051357
      ],
      [
        -0.020926582795980378
      ],
      [
        -0.5763799646678872
      ],
      [
        -0.36296705399779816
      ],
      [
        -0.36296705399779816
      ],
      [
        0.0
      ]
    ],
    "vwap": [
      [
        0.0
      ],
      [
        0.0
      ],
      [
        0.0
      ],
      [
        0.0
      ],
      [
        0.0
      ],
      [
        0.0
      ]
    ]
  },
  "counts": {
    "trend": 1,
    "breakout": 0,
    "reversion": 8,
    "vwap": 0
  },
  "reward_sum": {
    "trend": 0.049131884320231134,
    "breakout": 0.0,
    "reversion": -0.36296705399779816,
    "vwap": 0.0
  },
  "disabled_until": {
    "trend": 0.0,
    "breakout": 0.0,
    "reversion": 0.0,
    "vwap": 0.0
  },
  "_snapshot_time": "2025-09-24T15:03:00.293129"
}