{
  "arms": [
    "trend",
    "breakout",
    "reversion",
    "vwap"
  ],
  "d": 6,
  "alpha": 0.6,
  "alpha_base": 0.6,
  "alpha_boost_until": 0.0,
  "A": {
    "trend": [
      [
        1.0647901288518078,
        0.03893606584839606,
        0.7086975693542825,
        0.15189089412231485,
        0.15189089412231485,
        0.0
      ],
      [
        0.03893606584839606,
        1.0233988919395145,
        0.4258965943730538,
        0.09127985944965629,
        0.09127985944965629,
        0.0
      ],
      [
        0.7086975693542825,
        0.4258965943730538,
        8.751987126888556,
        1.661436848161607,
        1.661436848161607,
        0.0
      ],
      [
        0.15189089412231485,
        0.09127985944965629,
        1.661436848161607,
        1.3560857822963288,
        0.35608578229633,
        0.0
      ],
      [
        0.15189089412231485,
        0.09127985944965629,
        1.661436848161607,
        0.35608578229633,
        1.3560857822963288,
        0.0
      ],
      [
        0.0,
        0.0,
        0.0,
        0.0,
        0.0,
        1.0
      ]
    ],
    "breakout": [
      [
        1.0,
        0.0,
        0.0,
        0.0,
        0.0,
        0.0
      ],
      [
        0.0,
        1.0,
        0.0,
        0.0,
        0.0,
        0.0
      ],
      [
        0.0,
        0.0,
        1.0,
        0.0,
        0.0,
        0.0
      ],
      [
        0.0,
        0.0,
        0.0,
        1.0,
        0.0,
        0.0
      ],
      [
        0.0,
        0.0,
        0.0,
        0.0,
        1.0,
        0.0
      ],
      [
        0.0,
        0.0,
        0.0,
        0.0,
        0.0,
        1.0
      ]
    ],
    "reversion": [
      [
        1.1742880443457997,
        0.012073349559720831,
        0.31753442342088023,
        0.5237829144098818,
        0.5237829144098818,
        0.0
      ],
      [
        0.012073349559720831,
        1.0009524356613655,
        0.024814560438742875,
        0.03714808642804865,
        0.03714808642804865,
        0.0
      ],
      [
        0.31753442342088023,
        0.024814560438742875,
        1.6619982931875508,
        0.9866201006890722,
        0.9866201006890722,
        0.0
      ],
      [
        0.5237829144098818,
        0.03714808642804865,
        0.9866201006890722,
        2.589108479917254,
        1.5891084799172621,
        0.0
      ],
      [
        0.5237829144098818,
        0.03714808642804865,
        0.9866201006890722,
        1.5891084799172621,
        2.589108479917254,
        0.0
      ],
      [
        0.0,
        0.0,
        0.0,
        0.0,
        0.0,
        1.0
      ]
    ],
    "vwap": [
      [
        1.0,
        0.0,
        0.0,
        0.0,
        0.0,
        0.0
      ],
      [
        0.0,
        1.0,
        0.0,
        0.0,
        0.0,
        0.0
      ],
      [
        0.0,
        0.0,
        1.0,
        0.0,
        0.0,
        0.0
      ],
      [
        0.0,
        0.0,
        0.0,
        1.0,
        0.0,
        0.0
      ],
      [
        0.0,
        0.0,
        0.0,
        0.0,
        1.0,
        0.0
      ],
      [
        0.0,
        0.0,
        0.0,
        0.0,
        0.0,
        1.0
      ]
    ]
  },
  "b": {
    "trend": [
      [
        0.1548571663643533
      ],
      [
        0.09306246080247113
      ],
      [
        1.693882993357335
      ],
      [
        0.3630397697483993
      ],
      [
        0.3630397697483993
      ],
      [
        0.0
      ]
    ],
    "breakout": [
      [
        0.0
      ],
      [
        0.0
      ],
      [
        0.0
      ],
      [
        0.0
      ],
      [
        0.0
      ],
      [
        0.0
      ]
    ],
    "reversion": [
      [
        -0.14950530706258225
      ],
      [
        -0.004416121778465929
      ],
      [
        -0.09375624160913522
      ],
      [
        -0.37913040794504865
      ],
      [
        -0.37913040794504865
      ],
      [
        0.0
      ]
    ],
    "vwap": [
      [
        0.0
      ],
      [
        0.0
      ],
      [
        0.0
      ],
      [
        0.0
      ],
      [
        0.0
      ],
      [
        0.0
      ]
    ]
  },
  "counts": {
    "trend": 1,
    "breakout": 0,
    "reversion": 3,
    "vwap": 0
  },
  "reward_sum": {
    "trend": 0.3630397697483993,
    "breakout": 0.0,
    "reversion": -0.37913040794504865,
    "vwap": 0.0
  },
  "disabled_until": {
    "trend": 0.0,
    "breakout": 0.0,
    "reversion": 0.0,
    "vwap": 0.0
  },
  "_snapshot_time": "2025-09-19T05:44:00.599497"
}