{
  "arms": [
    "trend",
    "breakout",
    "reversion",
    "vwap"
  ],
  "d": 6,
  "alpha": 0.6,
  "alpha_base": 0.6,
  "alpha_boost_until": 0.0,
  "A": {
    "trend": [
      [
        1.003592745333249,
        0.0021590845912937712,
        0.03929873161397523,
        0.00842266114748811,
        0.00842266114748811,
        0.0
      ],
      [
        0.0021590845912937712,
        1.0012975164783366,
        0.02361683838258744,
        0.005061655145144375,
        0.005061655145144375,
        0.0
      ],
      [
        0.03929873161397523,
        0.02361683838258744,
        1.4298635620440292,
        0.09213007580788199,
        0.09213007580788199,
        0.0
      ],
      [
        0.00842266114748811,
        0.005061655145144375,
        0.09213007580788199,
        1.0197456858822944,
        0.019745685882295267,
        0.0
      ],
      [
        0.00842266114748811,
        0.005061655145144375,
        0.09213007580788199,
        0.019745685882295267,
        1.0197456858822944,
        0.0
      ],
      [
        0.0,
        0.0,
        0.0,
        0.0,
        0.0,
        1.0
      ]
    ],
    "breakout": [
      [
        1.0,
        0.0,
        0.0,
        0.0,
        0.0,
        0.0
      ],
      [
        0.0,
        1.0,
        0.0,
        0.0,
        0.0,
        0.0
      ],
      [
        0.0,
        0.0,
        1.0,
        0.0,
        0.0,
        0.0
      ],
      [
        0.0,
        0.0,
        0.0,
        1.0,
        0.0,
        0.0
      ],
      [
        0.0,
        0.0,
        0.0,
        0.0,
        1.0,
        0.0
      ],
      [
        0.0,
        0.0,
        0.0,
        0.0,
        0.0,
        1.0
      ]
    ],
    "reversion": [
      [
        1.0959257659267885,
        0.008909950916253585,
        0.3614195603873584,
        0.3082568300239065,
        0.3082568300239065,
        0.0
      ],
      [
        0.008909950916253585,
        1.0009235982936717,
        0.038754026506140765,
        0.029327338443557442,
        0.029327338443557442,
        0.0
      ],
      [
        0.3614195603873584,
        0.038754026506140765,
        2.711592308778109,
        1.1867642020773186,
        1.1867642020773186,
        0.0
      ],
      [
        0.3082568300239065,
        0.029327338443557442,
        1.1867642020773186,
        2.000390493273093,
        1.00039049327311,
        0.0
      ],
      [
        0.3082568300239065,
        0.029327338443557442,
        1.1867642020773186,
        1.00039049327311,
        2.000390493273093,
        0.0
      ],
      [
        0.0,
        0.0,
        0.0,
        0.0,
        0.0,
        1.0
      ]
    ],
    "vwap": [
      [
        1.0,
        0.0,
        0.0,
        0.0,
        0.0,
        0.0
      ],
      [
        0.0,
        1.0,
        0.0,
        0.0,
        0.0,
        0.0
      ],
      [
        0.0,
        0.0,
        1.0,
        0.0,
        0.0,
        0.0
      ],
      [
        0.0,
        0.0,
        0.0,
        1.0,
        0.0,
        0.0
      ],
      [
        0.0,
        0.0,
        0.0,
        0.0,
        1.0,
        0.0
      ],
      [
        0.0,
        0.0,
        0.0,
        0.0,
        0.0,
        1.0
      ]
    ]
  },
  "b": {
    "trend": [
      [
        0.00858714701815373
      ],
      [
        0.005160504040876874
      ],
      [
        0.09392928100780495
      ],
      [
        0.02013129872808908
      ],
      [
        0.02013129872808908
      ],
      [
        0.0
      ]
    ],
    "breakout": [
      [
        0.0
      ],
      [
        0.0
      ],
      [
        0.0
      ],
      [
        0.0
      ],
      [
        0.0
      ],
      [
        0.0
      ]
    ],
    "reversion": [
      [
        -0.20274371134133912
      ],
      [
        -0.03154435397305321
      ],
      [
        -1.3156056967777907
      ],
      [
        -0.8074130859703071
      ],
      [
        -0.8074130859703071
      ],
      [
        0.0
      ]
    ],
    "vwap": [
      [
        0.0
      ],
      [
        0.0
      ],
      [
        0.0
      ],
      [
        0.0
      ],
      [
        0.0
      ],
      [
        0.0
      ]
    ]
  },
  "counts": {
    "trend": 1,
    "breakout": 0,
    "reversion": 9,
    "vwap": 0
  },
  "reward_sum": {
    "trend": 0.02013129872808908,
    "breakout": 0.0,
    "reversion": -0.8074130859703071,
    "vwap": 0.0
  },
  "disabled_until": {
    "trend": 0.0,
    "breakout": 0.0,
    "reversion": 0.0,
    "vwap": 0.0
  },
  "_snapshot_time": "2025-09-26T05:51:00.446303"
}