{
  "arms": [
    "trend",
    "breakout",
    "reversion",
    "vwap"
  ],
  "d": 6,
  "alpha": 0.6,
  "alpha_base": 0.6,
  "alpha_boost_until": 0.0,
  "A": {
    "trend": [
      [
        1.0094057824759108,
        0.005652468552352244,
        0.10288380802264803,
        0.02205046872886409,
        0.02205046872886409,
        0.0
      ],
      [
        0.005652468552352244,
        1.003396889181434,
        0.06182871982036096,
        0.013251378221191544,
        0.013251378221191544,
        0.0
      ],
      [
        0.10288380802264803,
        0.06182871982036096,
        2.125379837387484,
        0.24119590234203334,
        0.24119590234203334,
        0.0
      ],
      [
        0.02205046872886409,
        0.013251378221191544,
        0.24119590234203334,
        1.051694069303426,
        0.05169406930342616,
        0.0
      ],
      [
        0.02205046872886409,
        0.013251378221191544,
        0.24119590234203334,
        0.05169406930342616,
        1.051694069303426,
        0.0
      ],
      [
        0.0,
        0.0,
        0.0,
        0.0,
        0.0,
        1.0
      ]
    ],
    "breakout": [
      [
        1.0,
        0.0,
        0.0,
        0.0,
        0.0,
        0.0
      ],
      [
        0.0,
        1.0,
        0.0,
        0.0,
        0.0,
        0.0
      ],
      [
        0.0,
        0.0,
        1.0,
        0.0,
        0.0,
        0.0
      ],
      [
        0.0,
        0.0,
        0.0,
        1.0,
        0.0,
        0.0
      ],
      [
        0.0,
        0.0,
        0.0,
        0.0,
        1.0,
        0.0
      ],
      [
        0.0,
        0.0,
        0.0,
        0.0,
        0.0,
        1.0
      ]
    ],
    "reversion": [
      [
        1.1084724900018967,
        0.007068463839853799,
        0.18218365113021756,
        0.3408032872883767,
        0.3408032872883767,
        0.0
      ],
      [
        0.007068463839853799,
        1.0005652280736776,
        0.014390440065502557,
        0.023648926006217232,
        0.023648926006217232,
        0.0
      ],
      [
        0.18218365113021756,
        0.014390440065502557,
        1.389323053687261,
        0.6101740039170228,
        0.6101740039170228,
        0.0
      ],
      [
        0.3408032872883767,
        0.023648926006217232,
        0.6101740039170228,
        2.0954495969994302,
        1.095449596999449,
        0.0
      ],
      [
        0.3408032872883767,
        0.023648926006217232,
        0.6101740039170228,
        1.095449596999449,
        2.0954495969994302,
        0.0
      ],
      [
        0.0,
        0.0,
        0.0,
        0.0,
        0.0,
        1.0
      ]
    ],
    "vwap": [
      [
        1.0,
        0.0,
        0.0,
        0.0,
        0.0,
        0.0
      ],
      [
        0.0,
        1.0,
        0.0,
        0.0,
        0.0,
        0.0
      ],
      [
        0.0,
        0.0,
        1.0,
        0.0,
        0.0,
        0.0
      ],
      [
        0.0,
        0.0,
        0.0,
        1.0,
        0.0,
        0.0
      ],
      [
        0.0,
        0.0,
        0.0,
        0.0,
        1.0,
        0.0
      ],
      [
        0.0,
        0.0,
        0.0,
        0.0,
        0.0,
        1.0
      ]
    ]
  },
  "b": {
    "trend": [
      [
        0.022481091602554557
      ],
      [
        0.01351016394770534
      ],
      [
        0.24590620913260655
      ],
      [
        0.05270360107120483
      ],
      [
        0.05270360107120483
      ],
      [
        0.0
      ]
    ],
    "breakout": [
      [
        0.0
      ],
      [
        0.0
      ],
      [
        0.0
      ],
      [
        0.0
      ],
      [
        0.0
      ],
      [
        0.0
      ]
    ],
    "reversion": [
      [
        -0.003100623234870104
      ],
      [
        -0.022447872429935328
      ],
      [
        -0.6182807792450766
      ],
      [
        -0.38935349377620654
      ],
      [
        -0.38935349377620654
      ],
      [
        0.0
      ]
    ],
    "vwap": [
      [
        0.0
      ],
      [
        0.0
      ],
      [
        0.0
      ],
      [
        0.0
      ],
      [
        0.0
      ],
      [
        0.0
      ]
    ]
  },
  "counts": {
    "trend": 1,
    "breakout": 0,
    "reversion": 8,
    "vwap": 0
  },
  "reward_sum": {
    "trend": 0.05270360107120483,
    "breakout": 0.0,
    "reversion": -0.38935349377620654,
    "vwap": 0.0
  },
  "disabled_until": {
    "trend": 0.0,
    "breakout": 0.0,
    "reversion": 0.0,
    "vwap": 0.0
  },
  "_snapshot_time": "2025-09-24T12:07:00.410823"
}