{
  "arms": [
    "trend",
    "breakout",
    "reversion",
    "vwap"
  ],
  "d": 6,
  "alpha": 0.6,
  "alpha_base": 0.6,
  "alpha_boost_until": 0.0,
  "A": {
    "trend": [
      [
        1.0032827808200948,
        0.0019728093220714484,
        0.035908229064419,
        0.00769599509691127,
        0.00769599509691127,
        0.0
      ],
      [
        0.0019728093220714484,
        1.0011855730962667,
        0.02157929295910754,
        0.004624960270532101,
        0.004624960270532101,
        0.0
      ],
      [
        0.035908229064419,
        0.02157929295910754,
        1.3927770342296482,
        0.08418154301588857,
        0.08418154301588857,
        0.0
      ],
      [
        0.00769599509691127,
        0.004624960270532101,
        0.08418154301588857,
        1.0180421245820401,
        0.018042124582040707,
        0.0
      ],
      [
        0.00769599509691127,
        0.004624960270532101,
        0.08418154301588857,
        0.018042124582040707,
        1.0180421245820401,
        0.0
      ],
      [
        0.0,
        0.0,
        0.0,
        0.0,
        0.0,
        1.0
      ]
    ],
    "breakout": [
      [
        1.0,
        0.0,
        0.0,
        0.0,
        0.0,
        0.0
      ],
      [
        0.0,
        1.0,
        0.0,
        0.0,
        0.0,
        0.0
      ],
      [
        0.0,
        0.0,
        1.0,
        0.0,
        0.0,
        0.0
      ],
      [
        0.0,
        0.0,
        0.0,
        1.0,
        0.0,
        0.0
      ],
      [
        0.0,
        0.0,
        0.0,
        0.0,
        1.0,
        0.0
      ],
      [
        0.0,
        0.0,
        0.0,
        0.0,
        0.0,
        1.0
      ]
    ],
    "reversion": [
      [
        1.1759431801796403,
        0.014321163382161503,
        0.5147607149162884,
        0.5765782475522049,
        0.5765782475522049,
        0.0
      ],
      [
        0.014321163382161503,
        1.0012764657183668,
        0.04832580961542394,
        0.04743918998255525,
        0.04743918998255525,
        0.0
      ],
      [
        0.5147607149162884,
        0.04832580961542394,
        2.949554751285983,
        1.7007157326084215,
        1.7007157326084215,
        0.0
      ],
      [
        0.5765782475522049,
        0.04743918998255525,
        1.7007157326084215,
        2.8991565644340387,
        1.899156564434054,
        0.0
      ],
      [
        0.5765782475522049,
        0.04743918998255525,
        1.7007157326084215,
        1.899156564434054,
        2.8991565644340387,
        0.0
      ],
      [
        0.0,
        0.0,
        0.0,
        0.0,
        0.0,
        1.0
      ]
    ],
    "vwap": [
      [
        1.0,
        0.0,
        0.0,
        0.0,
        0.0,
        0.0
      ],
      [
        0.0,
        1.0,
        0.0,
        0.0,
        0.0,
        0.0
      ],
      [
        0.0,
        0.0,
        1.0,
        0.0,
        0.0,
        0.0
      ],
      [
        0.0,
        0.0,
        0.0,
        1.0,
        0.0,
        0.0
      ],
      [
        0.0,
        0.0,
        0.0,
        0.0,
        1.0,
        0.0
      ],
      [
        0.0,
        0.0,
        0.0,
        0.0,
        0.0,
        1.0
      ]
    ]
  },
  "b": {
    "trend": [
      [
        0.007846289930335896
      ],
      [
        0.004715280966517748
      ],
      [
        0.08582552158210145
      ],
      [
        0.018394468635608657
      ],
      [
        0.018394468635608657
      ],
      [
        0.0
      ]
    ],
    "breakout": [
      [
        0.0
      ],
      [
        0.0
      ],
      [
        0.0
      ],
      [
        0.0
      ],
      [
        0.0
      ],
      [
        0.0
      ]
    ],
    "reversion": [
      [
        -0.6041788684752969
      ],
      [
        -0.058144802338480586
      ],
      [
        -2.0776086705971935
      ],
      [
        -2.137046526809691
      ],
      [
        -2.137046526809691
      ],
      [
        0.0
      ]
    ],
    "vwap": [
      [
        0.0
      ],
      [
        0.0
      ],
      [
        0.0
      ],
      [
        0.0
      ],
      [
        0.0
      ],
      [
        0.0
      ]
    ]
  },
  "counts": {
    "trend": 1,
    "breakout": 0,
    "reversion": 10,
    "vwap": 0
  },
  "reward_sum": {
    "trend": 0.018394468635608657,
    "breakout": 0.0,
    "reversion": -2.137046526809691,
    "vwap": 0.0
  },
  "disabled_until": {
    "trend": 0.0,
    "breakout": 0.0,
    "reversion": 0.0,
    "vwap": 0.0
  },
  "_snapshot_time": "2025-09-26T08:52:00.488434"
}