{
  "arms": [
    "trend",
    "breakout",
    "reversion",
    "vwap"
  ],
  "d": 6,
  "alpha": 0.6,
  "alpha_base": 0.6,
  "alpha_boost_until": 0.0,
  "A": {
    "trend": [
      [
        1.0052323330255497,
        0.0031444058969149757,
        0.057233127375623596,
        0.01226643249026585,
        0.01226643249026585,
        0.0
      ],
      [
        0.0031444058969149757,
        1.0018896519767124,
        0.03439463473369384,
        0.007371595513543472,
        0.007371595513543472,
        0.0
      ],
      [
        0.057233127375623596,
        0.03439463473369384,
        1.626036388203845,
        0.1341746195687204,
        0.1341746195687204,
        0.0
      ],
      [
        0.01226643249026585,
        0.007371595513543472,
        0.1341746195687204,
        1.0287568404578873,
        0.028756840457888354,
        0.0
      ],
      [
        0.01226643249026585,
        0.007371595513543472,
        0.1341746195687204,
        0.028756840457888354,
        1.0287568404578873,
        0.0
      ],
      [
        0.0,
        0.0,
        0.0,
        0.0,
        0.0,
        1.0
      ]
    ],
    "breakout": [
      [
        1.0,
        0.0,
        0.0,
        0.0,
        0.0,
        0.0
      ],
      [
        0.0,
        1.0,
        0.0,
        0.0,
        0.0,
        0.0
      ],
      [
        0.0,
        0.0,
        1.0,
        0.0,
        0.0,
        0.0
      ],
      [
        0.0,
        0.0,
        0.0,
        1.0,
        0.0,
        0.0
      ],
      [
        0.0,
        0.0,
        0.0,
        0.0,
        1.0,
        0.0
      ],
      [
        0.0,
        0.0,
        0.0,
        0.0,
        0.0,
        1.0
      ]
    ],
    "reversion": [
      [
        1.1397025133996879,
        0.012976102147763778,
        0.5263572356196765,
        0.44893312564037763,
        0.44893312564037763,
        0.0
      ],
      [
        0.012976102147763778,
        1.0013450922361788,
        0.05643984027605332,
        0.04271118246806847,
        0.04271118246806847,
        0.0
      ],
      [
        0.5263572356196765,
        0.05643984027605332,
        3.4926957334317543,
        1.7283567166877039,
        1.7283567166877039,
        0.0
      ],
      [
        0.44893312564037763,
        0.04271118246806847,
        1.7283567166877039,
        2.4569293759725674,
        1.456929375972581,
        0.0
      ],
      [
        0.44893312564037763,
        0.04271118246806847,
        1.7283567166877039,
        1.456929375972581,
        2.4569293759725674,
        0.0
      ],
      [
        0.0,
        0.0,
        0.0,
        0.0,
        0.0,
        1.0
      ]
    ],
    "vwap": [
      [
        1.0,
        0.0,
        0.0,
        0.0,
        0.0,
        0.0
      ],
      [
        0.0,
        1.0,
        0.0,
        0.0,
        0.0,
        0.0
      ],
      [
        0.0,
        0.0,
        1.0,
        0.0,
        0.0,
        0.0
      ],
      [
        0.0,
        0.0,
        0.0,
        1.0,
        0.0,
        0.0
      ],
      [
        0.0,
        0.0,
        0.0,
        0.0,
        1.0,
        0.0
      ],
      [
        0.0,
        0.0,
        0.0,
        0.0,
        0.0,
        1.0
      ]
    ]
  },
  "b": {
    "trend": [
      [
        0.01250598324421303
      ],
      [
        0.007515555158245745
      ],
      [
        0.13679491127160726
      ],
      [
        0.029318431843019587
      ],
      [
        0.029318431843019587
      ],
      [
        0.0
      ]
    ],
    "breakout": [
      [
        0.0
      ],
      [
        0.0
      ],
      [
        0.0
      ],
      [
        0.0
      ],
      [
        0.0
      ],
      [
        0.0
      ]
    ],
    "reversion": [
      [
        -0.29526796869136346
      ],
      [
        -0.045939956705358255
      ],
      [
        -1.915996403125716
      ],
      [
        -1.1758846684418367
      ],
      [
        -1.1758846684418367
      ],
      [
        0.0
      ]
    ],
    "vwap": [
      [
        0.0
      ],
      [
        0.0
      ],
      [
        0.0
      ],
      [
        0.0
      ],
      [
        0.0
      ],
      [
        0.0
      ]
    ]
  },
  "counts": {
    "trend": 1,
    "breakout": 0,
    "reversion": 9,
    "vwap": 0
  },
  "reward_sum": {
    "trend": 0.029318431843019587,
    "breakout": 0.0,
    "reversion": -1.1758846684418367,
    "vwap": 0.0
  },
  "disabled_until": {
    "trend": 0.0,
    "breakout": 0.0,
    "reversion": 0.0,
    "vwap": 0.0
  },
  "_snapshot_time": "2025-09-25T15:59:00.654065"
}