{
  "arms": [
    "trend",
    "breakout",
    "reversion",
    "vwap"
  ],
  "d": 6,
  "alpha": 0.6,
  "alpha_base": 0.6,
  "alpha_boost_until": 0.0,
  "A": {
    "trend": [
      [
        1.004239013203837,
        0.0025474636362321475,
        0.0463678403988142,
        0.009937740781464302,
        0.009937740781464302,
        0.0
      ],
      [
        0.0025474636362321475,
        1.0015309154904366,
        0.02786506708677039,
        0.005972152491568686,
        0.005972152491568686,
        0.0
      ],
      [
        0.0463678403988142,
        0.02786506708677039,
        1.5071879986842966,
        0.10870255795918317,
        0.10870255795918317,
        0.0
      ],
      [
        0.009937740781464302,
        0.005972152491568686,
        0.10870255795918317,
        1.0232975664596187,
        0.023297566459620722,
        0.0
      ],
      [
        0.009937740781464302,
        0.005972152491568686,
        0.10870255795918317,
        0.023297566459620722,
        1.0232975664596187,
        0.0
      ],
      [
        0.0,
        0.0,
        0.0,
        0.0,
        0.0,
        1.0
      ]
    ],
    "breakout": [
      [
        1.0,
        0.0,
        0.0,
        0.0,
        0.0,
        0.0
      ],
      [
        0.0,
        1.0,
        0.0,
        0.0,
        0.0,
        0.0
      ],
      [
        0.0,
        0.0,
        1.0,
        0.0,
        0.0,
        0.0
      ],
      [
        0.0,
        0.0,
        0.0,
        1.0,
        0.0,
        0.0
      ],
      [
        0.0,
        0.0,
        0.0,
        0.0,
        1.0,
        0.0
      ],
      [
        0.0,
        0.0,
        0.0,
        0.0,
        0.0,
        1.0
      ]
    ],
    "reversion": [
      [
        1.113181021930123,
        0.01051268489029803,
        0.4264321978038382,
        0.36370648388331245,
        0.36370648388331245,
        0.0
      ],
      [
        0.01051268489029803,
        1.0010897363989824,
        0.04572515300237148,
        0.034602779591728555,
        0.034602779591728555,
        0.0
      ],
      [
        0.4264321978038382,
        0.04572515300237148,
        3.019475839088884,
        1.400240945521471,
        1.400240945521471,
        0.0
      ],
      [
        0.36370648388331245,
        0.034602779591728555,
        1.400240945521471,
        2.180342082900265,
        1.1803420829002798,
        0.0
      ],
      [
        0.36370648388331245,
        0.034602779591728555,
        1.400240945521471,
        1.1803420829002798,
        2.180342082900265,
        0.0
      ],
      [
        0.0,
        0.0,
        0.0,
        0.0,
        0.0,
        1.0
      ]
    ],
    "vwap": [
      [
        1.0,
        0.0,
        0.0,
        0.0,
        0.0,
        0.0
      ],
      [
        0.0,
        1.0,
        0.0,
        0.0,
        0.0,
        0.0
      ],
      [
        0.0,
        0.0,
        1.0,
        0.0,
        0.0,
        0.0
      ],
      [
        0.0,
        0.0,
        0.0,
        1.0,
        0.0,
        0.0
      ],
      [
        0.0,
        0.0,
        0.0,
        0.0,
        1.0,
        0.0
      ],
      [
        0.0,
        0.0,
        0.0,
        0.0,
        0.0,
        1.0
      ]
    ]
  },
  "b": {
    "trend": [
      [
        0.010131814592135876
      ],
      [
        0.006088782459831926
      ],
      [
        0.11082540661430562
      ],
      [
        0.023752543863602423
      ],
      [
        0.023752543863602423
      ],
      [
        0.0
      ]
    ],
    "breakout": [
      [
        0.0
      ],
      [
        0.0
      ],
      [
        0.0
      ],
      [
        0.0
      ],
      [
        0.0
      ],
      [
        0.0
      ]
    ],
    "reversion": [
      [
        -0.2392135232678962
      ],
      [
        -0.037218594861369386
      ],
      [
        -1.5522586218602077
      ],
      [
        -0.9526516395982549
      ],
      [
        -0.9526516395982549
      ],
      [
        0.0
      ]
    ],
    "vwap": [
      [
        0.0
      ],
      [
        0.0
      ],
      [
        0.0
      ],
      [
        0.0
      ],
      [
        0.0
      ],
      [
        0.0
      ]
    ]
  },
  "counts": {
    "trend": 1,
    "breakout": 0,
    "reversion": 9,
    "vwap": 0
  },
  "reward_sum": {
    "trend": 0.023752543863602423,
    "breakout": 0.0,
    "reversion": -0.9526516395982549,
    "vwap": 0.0
  },
  "disabled_until": {
    "trend": 0.0,
    "breakout": 0.0,
    "reversion": 0.0,
    "vwap": 0.0
  },
  "_snapshot_time": "2025-09-26T00:26:00.417635"
}