{
  "arms": [
    "trend",
    "breakout",
    "reversion",
    "vwap"
  ],
  "d": 6,
  "alpha": 0.6,
  "alpha_base": 0.6,
  "alpha_boost_until": 0.0,
  "A": {
    "trend": [
      [
        1.0061735321390337,
        0.003710025865704922,
        0.06752829943076831,
        0.014472934891598732,
        0.014472934891598732,
        0.0
      ],
      [
        0.003710025865704922,
        1.0022295651199693,
        0.04058158796505003,
        0.008697608045320417,
        0.008697608045320417,
        0.0
      ],
      [
        0.06752829943076831,
        0.04058158796505003,
        1.7386486570921074,
        0.1583101308929172,
        0.1583101308929172,
        0.0
      ],
      [
        0.014472934891598732,
        0.008697608045320417,
        0.1583101308929172,
        1.033929659659837,
        0.03392965965983891,
        0.0
      ],
      [
        0.014472934891598732,
        0.008697608045320417,
        0.1583101308929172,
        0.03392965965983891,
        1.033929659659837,
        0.0
      ],
      [
        0.0,
        0.0,
        0.0,
        0.0,
        0.0,
        1.0
      ]
    ],
    "breakout": [
      [
        1.0,
        0.0,
        0.0,
        0.0,
        0.0,
        0.0
      ],
      [
        0.0,
        1.0,
        0.0,
        0.0,
        0.0,
        0.0
      ],
      [
        0.0,
        0.0,
        1.0,
        0.0,
        0.0,
        0.0
      ],
      [
        0.0,
        0.0,
        0.0,
        1.0,
        0.0,
        0.0
      ],
      [
        0.0,
        0.0,
        0.0,
        0.0,
        1.0,
        0.0
      ],
      [
        0.0,
        0.0,
        0.0,
        0.0,
        0.0,
        1.0
      ]
    ],
    "reversion": [
      [
        1.0711964586617606,
        0.004639421419822758,
        0.11957714611616803,
        0.22368793373135606,
        0.22368793373135606,
        0.0
      ],
      [
        0.004639421419822758,
        1.000370990259202,
        0.009445236955749791,
        0.015522090280837739,
        0.015522090280837739,
        0.0
      ],
      [
        0.11957714611616803,
        0.009445236955749791,
        1.2555341238818372,
        0.40049074420251995,
        0.40049074420251995,
        0.0
      ],
      [
        0.22368793373135606,
        0.015522090280837739,
        0.40049074420251995,
        1.7190037948557264,
        0.7190037948557387,
        0.0
      ],
      [
        0.22368793373135606,
        0.015522090280837739,
        0.40049074420251995,
        0.7190037948557387,
        1.7190037948557264,
        0.0
      ],
      [
        0.0,
        0.0,
        0.0,
        0.0,
        0.0,
        1.0
      ]
    ],
    "vwap": [
      [
        1.0,
        0.0,
        0.0,
        0.0,
        0.0,
        0.0
      ],
      [
        0.0,
        1.0,
        0.0,
        0.0,
        0.0,
        0.0
      ],
      [
        0.0,
        0.0,
        1.0,
        0.0,
        0.0,
        0.0
      ],
      [
        0.0,
        0.0,
        0.0,
        1.0,
        0.0,
        0.0
      ],
      [
        0.0,
        0.0,
        0.0,
        0.0,
        1.0,
        0.0
      ],
      [
        0.0,
        0.0,
        0.0,
        0.0,
        0.0,
        1.0
      ]
    ]
  },
  "b": {
    "trend": [
      [
        0.01475557635788179
      ],
      [
        0.00886746334485001
      ],
      [
        0.16140176419730068
      ],
      [
        0.03459227085988723
      ],
      [
        0.03459227085988723
      ],
      [
        0.0
      ]
    ],
    "breakout": [
      [
        0.0
      ],
      [
        0.0
      ],
      [
        0.0
      ],
      [
        0.0
      ],
      [
        0.0
      ],
      [
        0.0
      ]
    ],
    "reversion": [
      [
        -0.0020351094914781397
      ],
      [
        -0.01473377278860703
      ],
      [
        -0.405811666535121
      ],
      [
        -0.25555410338571133
      ],
      [
        -0.25555410338571133
      ],
      [
        0.0
      ]
    ],
    "vwap": [
      [
        0.0
      ],
      [
        0.0
      ],
      [
        0.0
      ],
      [
        0.0
      ],
      [
        0.0
      ],
      [
        0.0
      ]
    ]
  },
  "counts": {
    "trend": 1,
    "breakout": 0,
    "reversion": 8,
    "vwap": 0
  },
  "reward_sum": {
    "trend": 0.03459227085988723,
    "breakout": 0.0,
    "reversion": -0.25555410338571133,
    "vwap": 0.0
  },
  "disabled_until": {
    "trend": 0.0,
    "breakout": 0.0,
    "reversion": 0.0,
    "vwap": 0.0
  },
  "_snapshot_time": "2025-09-25T08:40:00.783188"
}