{
  "arms": [
    "trend",
    "breakout",
    "reversion",
    "vwap"
  ],
  "d": 6,
  "alpha": 0.6,
  "alpha_base": 0.6,
  "alpha_boost_until": 0.0,
  "A": {
    "trend": [
      [
        1.0035569076985498,
        0.002137547722495616,
        0.038906726766125825,
        0.008338645102541916,
        0.008338645102541916,
        0.0
      ],
      [
        0.002137547722495616,
        1.001284573751465,
        0.023381260419721127,
        0.0050111651350715596,
        0.0050111651350715596,
        0.0
      ],
      [
        0.038906726766125825,
        0.023381260419721127,
        1.42557567301264,
        0.09121107830169838,
        0.09121107830169838,
        0.0
      ],
      [
        0.008338645102541916,
        0.0050111651350715596,
        0.09121107830169838,
        1.0195487226656188,
        0.01954872266561937,
        0.0
      ],
      [
        0.008338645102541916,
        0.0050111651350715596,
        0.09121107830169838,
        0.01954872266561937,
        1.0195487226656188,
        0.0
      ],
      [
        0.0,
        0.0,
        0.0,
        0.0,
        0.0,
        1.0
      ]
    ],
    "breakout": [
      [
        1.0,
        0.0,
        0.0,
        0.0,
        0.0,
        0.0
      ],
      [
        0.0,
        1.0,
        0.0,
        0.0,
        0.0,
        0.0
      ],
      [
        0.0,
        0.0,
        1.0,
        0.0,
        0.0,
        0.0
      ],
      [
        0.0,
        0.0,
        0.0,
        1.0,
        0.0,
        0.0
      ],
      [
        0.0,
        0.0,
        0.0,
        0.0,
        1.0,
        0.0
      ],
      [
        0.0,
        0.0,
        0.0,
        0.0,
        0.0,
        1.0
      ]
    ],
    "reversion": [
      [
        1.0949689064116686,
        0.008821074155863955,
        0.3578144002724945,
        0.305181968144418,
        0.305181968144418,
        0.0
      ],
      [
        0.008821074155863955,
        1.0009143854006923,
        0.03836745509174201,
        0.029034798242582954,
        0.029034798242582954,
        0.0
      ],
      [
        0.3578144002724945,
        0.03836745509174201,
        2.694519175498047,
        1.1749262291615974,
        1.1749262291615974,
        0.0
      ],
      [
        0.305181968144418,
        0.029034798242582954,
        1.1749262291615974,
        1.990411598102694,
        0.9904115981027107,
        0.0
      ],
      [
        0.305181968144418,
        0.029034798242582954,
        1.1749262291615974,
        0.9904115981027107,
        1.990411598102694,
        0.0
      ],
      [
        0.0,
        0.0,
        0.0,
        0.0,
        0.0,
        1.0
      ]
    ],
    "vwap": [
      [
        1.0,
        0.0,
        0.0,
        0.0,
        0.0,
        0.0
      ],
      [
        0.0,
        1.0,
        0.0,
        0.0,
        0.0,
        0.0
      ],
      [
        0.0,
        0.0,
        1.0,
        0.0,
        0.0,
        0.0
      ],
      [
        0.0,
        0.0,
        0.0,
        1.0,
        0.0,
        0.0
      ],
      [
        0.0,
        0.0,
        0.0,
        0.0,
        1.0,
        0.0
      ],
      [
        0.0,
        0.0,
        0.0,
        0.0,
        0.0,
        1.0
      ]
    ]
  },
  "b": {
    "trend": [
      [
        0.008501490226647647
      ],
      [
        0.005109028013069127
      ],
      [
        0.0929923364297521
      ],
      [
        0.019930489023276394
      ],
      [
        0.019930489023276394
      ],
      [
        0.0
      ]
    ],
    "breakout": [
      [
        0.0
      ],
      [
        0.0
      ],
      [
        0.0
      ],
      [
        0.0
      ],
      [
        0.0
      ],
      [
        0.0
      ]
    ],
    "reversion": [
      [
        -0.20072134282070925
      ],
      [
        -0.031229699042172005
      ],
      [
        -1.3024825299524323
      ],
      [
        -0.7993591404377534
      ],
      [
        -0.7993591404377534
      ],
      [
        0.0
      ]
    ],
    "vwap": [
      [
        0.0
      ],
      [
        0.0
      ],
      [
        0.0
      ],
      [
        0.0
      ],
      [
        0.0
      ],
      [
        0.0
      ]
    ]
  },
  "counts": {
    "trend": 1,
    "breakout": 0,
    "reversion": 9,
    "vwap": 0
  },
  "reward_sum": {
    "trend": 0.019930489023276394,
    "breakout": 0.0,
    "reversion": -0.7993591404377534,
    "vwap": 0.0
  },
  "disabled_until": {
    "trend": 0.0,
    "breakout": 0.0,
    "reversion": 0.0,
    "vwap": 0.0
  },
  "_snapshot_time": "2025-09-26T06:18:00.370618"
}