{
  "arms": [
    "trend",
    "breakout",
    "reversion",
    "vwap"
  ],
  "d": 6,
  "alpha": 0.6,
  "alpha_base": 0.6,
  "alpha_boost_until": 0.0,
  "A": {
    "trend": [
      [
        1.031322437532633,
        0.018823430542828163,
        0.34261600862689706,
        0.0734308316287492,
        0.0734308316287492,
        0.0
      ],
      [
        0.018823430542828163,
        1.0113120678118204,
        0.2058974061175852,
        0.04412875458449799,
        0.04412875458449799,
        0.0
      ],
      [
        0.34261600862689706,
        0.2058974061175852,
        4.747656268613378,
        0.8032126623792852,
        0.8032126623792852,
        0.0
      ],
      [
        0.0734308316287492,
        0.04412875458449799,
        0.8032126623792852,
        1.1721477464220942,
        0.17214774642209296,
        0.0
      ],
      [
        0.0734308316287492,
        0.04412875458449799,
        0.8032126623792852,
        0.17214774642209296,
        1.1721477464220942,
        0.0
      ],
      [
        0.0,
        0.0,
        0.0,
        0.0,
        0.0,
        1.0
      ]
    ],
    "breakout": [
      [
        1.0,
        0.0,
        0.0,
        0.0,
        0.0,
        0.0
      ],
      [
        0.0,
        1.0,
        0.0,
        0.0,
        0.0,
        0.0
      ],
      [
        0.0,
        0.0,
        1.0,
        0.0,
        0.0,
        0.0
      ],
      [
        0.0,
        0.0,
        0.0,
        1.0,
        0.0,
        0.0
      ],
      [
        0.0,
        0.0,
        0.0,
        0.0,
        1.0,
        0.0
      ],
      [
        0.0,
        0.0,
        0.0,
        0.0,
        0.0,
        1.0
      ]
    ],
    "reversion": [
      [
        1.3612270218661524,
        0.023538872777737273,
        0.6066944506327945,
        1.1349177704616629,
        1.1349177704616629,
        0.0
      ],
      [
        0.023538872777737273,
        1.001882280509335,
        0.04792197365538545,
        0.07875389521720794,
        0.07875389521720794,
        0.0
      ],
      [
        0.6066944506327945,
        0.04792197365538545,
        2.29649468934317,
        2.0319561047344123,
        2.0319561047344123,
        0.0
      ],
      [
        1.1349177704616629,
        0.07875389521720794,
        2.0319561047344123,
        4.647984807223245,
        3.6479848072232595,
        0.0
      ],
      [
        1.1349177704616629,
        0.07875389521720794,
        2.0319561047344123,
        3.6479848072232595,
        4.647984807223245,
        0.0
      ],
      [
        0.0,
        0.0,
        0.0,
        0.0,
        0.0,
        1.0
      ]
    ],
    "vwap": [
      [
        1.0,
        0.0,
        0.0,
        0.0,
        0.0,
        0.0
      ],
      [
        0.0,
        1.0,
        0.0,
        0.0,
        0.0,
        0.0
      ],
      [
        0.0,
        0.0,
        1.0,
        0.0,
        0.0,
        0.0
      ],
      [
        0.0,
        0.0,
        0.0,
        1.0,
        0.0,
        0.0
      ],
      [
        0.0,
        0.0,
        0.0,
        0.0,
        1.0,
        0.0
      ],
      [
        0.0,
        0.0,
        0.0,
        0.0,
        0.0,
        1.0
      ]
    ]
  },
  "b": {
    "trend": [
      [
        0.07486485990825063
      ],
      [
        0.04499054357162656
      ],
      [
        0.8188985758676268
      ],
      [
        0.17550961406196702
      ],
      [
        0.17550961406196702
      ],
      [
        0.0
      ]
    ],
    "breakout": [
      [
        0.0
      ],
      [
        0.0
      ],
      [
        0.0
      ],
      [
        0.0
      ],
      [
        0.0
      ],
      [
        0.0
      ]
    ],
    "reversion": [
      [
        -0.010325464982333867
      ],
      [
        -0.07475423588925846
      ],
      [
        -2.0589526852373568
      ],
      [
        -1.296596058664314
      ],
      [
        -1.296596058664314
      ],
      [
        0.0
      ]
    ],
    "vwap": [
      [
        0.0
      ],
      [
        0.0
      ],
      [
        0.0
      ],
      [
        0.0
      ],
      [
        0.0
      ],
      [
        0.0
      ]
    ]
  },
  "counts": {
    "trend": 1,
    "breakout": 0,
    "reversion": 8,
    "vwap": 0
  },
  "reward_sum": {
    "trend": 0.17550961406196702,
    "breakout": 0.0,
    "reversion": -1.296596058664314,
    "vwap": 0.0
  },
  "disabled_until": {
    "trend": 0.0,
    "breakout": 0.0,
    "reversion": 0.0,
    "vwap": 0.0
  },
  "_snapshot_time": "2025-09-22T12:24:00.970384"
}