{
  "arms": [
    "trend",
    "breakout",
    "reversion",
    "vwap"
  ],
  "d": 6,
  "alpha": 0.6,
  "alpha_base": 0.6,
  "alpha_boost_until": 0.0,
  "A": {
    "trend": [
      [
        1.1696201099829295,
        0.10193435155243057,
        1.8553653432833488,
        0.3976493120635826,
        0.3976493120635826,
        0.0
      ],
      [
        0.10193435155243057,
        1.061258137537231,
        1.1149943434152612,
        0.23897004178661785,
        0.23897004178661785,
        0.0
      ],
      [
        1.8553653432833488,
        1.1149943434152612,
        21.294648773682418,
        4.349630196899925,
        4.349630196899925,
        0.0
      ],
      [
        0.3976493120635826,
        0.23897004178661785,
        4.349630196899925,
        1.9322301194154052,
        0.9322301194154049,
        0.0
      ],
      [
        0.3976493120635826,
        0.23897004178661785,
        4.349630196899925,
        0.9322301194154049,
        1.9322301194154052,
        0.0
      ],
      [
        0.0,
        0.0,
        0.0,
        0.0,
        0.0,
        1.0
      ]
    ],
    "breakout": [
      [
        1.0,
        0.0,
        0.0,
        0.0,
        0.0,
        0.0
      ],
      [
        0.0,
        1.0,
        0.0,
        0.0,
        0.0,
        0.0
      ],
      [
        0.0,
        0.0,
        1.0,
        0.0,
        0.0,
        0.0
      ],
      [
        0.0,
        0.0,
        0.0,
        1.0,
        0.0,
        0.0
      ],
      [
        0.0,
        0.0,
        0.0,
        0.0,
        1.0,
        0.0
      ],
      [
        0.0,
        0.0,
        0.0,
        0.0,
        0.0,
        1.0
      ]
    ],
    "reversion": [
      [
        1.1379616947742899,
        0.013986549990232069,
        0.3942416753326706,
        0.47424614211316046,
        0.47424614211316046,
        0.0
      ],
      [
        0.013986549990232069,
        1.0015180035791253,
        0.04076997791236515,
        0.04759749582028871,
        0.04759749582028871,
        0.0
      ],
      [
        0.3942416753326706,
        0.04076997791236515,
        2.133017060018907,
        1.35135465831935,
        1.35135465831935,
        0.0
      ],
      [
        0.47424614211316046,
        0.04759749582028871,
        1.35135465831935,
        2.63254864144023,
        1.632548641440235,
        0.0
      ],
      [
        0.47424614211316046,
        0.04759749582028871,
        1.35135465831935,
        1.632548641440235,
        2.63254864144023,
        0.0
      ],
      [
        0.0,
        0.0,
        0.0,
        0.0,
        0.0,
        1.0
      ]
    ],
    "vwap": [
      [
        1.0,
        0.0,
        0.0,
        0.0,
        0.0,
        0.0
      ],
      [
        0.0,
        1.0,
        0.0,
        0.0,
        0.0,
        0.0
      ],
      [
        0.0,
        0.0,
        1.0,
        0.0,
        0.0,
        0.0
      ],
      [
        0.0,
        0.0,
        0.0,
        1.0,
        0.0,
        0.0
      ],
      [
        0.0,
        0.0,
        0.0,
        0.0,
        1.0,
        0.0
      ],
      [
        0.0,
        0.0,
        0.0,
        0.0,
        0.0,
        1.0
      ]
    ]
  },
  "b": {
    "trend": [
      [
        0.40541499231226186
      ],
      [
        0.2436368798201051
      ],
      [
        4.434573980994094
      ],
      [
        0.9504356105502934
      ],
      [
        0.9504356105502934
      ],
      [
        0.0
      ]
    ],
    "breakout": [
      [
        0.0
      ],
      [
        0.0
      ],
      [
        0.0
      ],
      [
        0.0
      ],
      [
        0.0
      ],
      [
        0.0
      ]
    ],
    "reversion": [
      [
        0.18907256642103124
      ],
      [
        0.02057201774226505
      ],
      [
        0.5515473184918391
      ],
      [
        0.6431837233919657
      ],
      [
        0.6431837233919657
      ],
      [
        0.0
      ]
    ],
    "vwap": [
      [
        0.0
      ],
      [
        0.0
      ],
      [
        0.0
      ],
      [
        0.0
      ],
      [
        0.0
      ],
      [
        0.0
      ]
    ]
  },
  "counts": {
    "trend": 1,
    "breakout": 0,
    "reversion": 2,
    "vwap": 0
  },
  "reward_sum": {
    "trend": 0.9504356105502934,
    "breakout": 0.0,
    "reversion": 0.6431837233919657,
    "vwap": 0.0
  },
  "disabled_until": {
    "trend": 0.0,
    "breakout": 0.0,
    "reversion": 0.0,
    "vwap": 0.0
  },
  "_snapshot_time": "2025-09-17T17:58:00.502323"
}