{
  "arms": [
    "trend",
    "breakout",
    "reversion",
    "vwap"
  ],
  "d": 6,
  "alpha": 0.6,
  "alpha_base": 0.6,
  "alpha_boost_until": 0.0,
  "A": {
    "trend": [
      [
        1.0141164466238983,
        0.008483374011349664,
        0.15441073490003016,
        0.03309392553359346,
        0.03309392553359346,
        0.0
      ],
      [
        0.008483374011349664,
        1.005098140951039,
        0.09279417479656663,
        0.019888018230449025,
        0.019888018230449025,
        0.0
      ],
      [
        0.15441073490003016,
        0.09279417479656663,
        2.6889997665563325,
        0.3619931770732171,
        0.3619931770732171,
        0.0
      ],
      [
        0.03309392553359346,
        0.019888018230449025,
        0.3619931770732171,
        1.0775838237767985,
        0.07758382377679894,
        0.0
      ],
      [
        0.03309392553359346,
        0.019888018230449025,
        0.3619931770732171,
        0.07758382377679894,
        1.0775838237767985,
        0.0
      ],
      [
        0.0,
        0.0,
        0.0,
        0.0,
        0.0,
        1.0
      ]
    ],
    "breakout": [
      [
        1.0,
        0.0,
        0.0,
        0.0,
        0.0,
        0.0
      ],
      [
        0.0,
        1.0,
        0.0,
        0.0,
        0.0,
        0.0
      ],
      [
        0.0,
        0.0,
        1.0,
        0.0,
        0.0,
        0.0
      ],
      [
        0.0,
        0.0,
        0.0,
        1.0,
        0.0,
        0.0
      ],
      [
        0.0,
        0.0,
        0.0,
        0.0,
        1.0,
        0.0
      ],
      [
        0.0,
        0.0,
        0.0,
        0.0,
        0.0,
        1.0
      ]
    ],
    "reversion": [
      [
        1.1627983763386922,
        0.010608537116801237,
        0.2734260327105608,
        0.5114865697327242,
        0.5114865697327242,
        0.0
      ],
      [
        0.010608537116801237,
        1.0008483092132774,
        0.021597552314159565,
        0.03549293240985589,
        0.03549293240985589,
        0.0
      ],
      [
        0.2734260327105608,
        0.021597552314159565,
        1.5843063159184436,
        0.9157652518167012,
        0.9157652518167012,
        0.0
      ],
      [
        0.5114865697327242,
        0.03549293240985589,
        0.9157652518167012,
        2.64407967171462,
        1.644079671714637,
        0.0
      ],
      [
        0.5114865697327242,
        0.03549293240985589,
        0.9157652518167012,
        1.644079671714637,
        2.64407967171462,
        0.0
      ],
      [
        0.0,
        0.0,
        0.0,
        0.0,
        0.0,
        1.0
      ]
    ],
    "vwap": [
      [
        1.0,
        0.0,
        0.0,
        0.0,
        0.0,
        0.0
      ],
      [
        0.0,
        1.0,
        0.0,
        0.0,
        0.0,
        0.0
      ],
      [
        0.0,
        0.0,
        1.0,
        0.0,
        0.0,
        0.0
      ],
      [
        0.0,
        0.0,
        0.0,
        1.0,
        0.0,
        0.0
      ],
      [
        0.0,
        0.0,
        0.0,
        0.0,
        1.0,
        0.0
      ],
      [
        0.0,
        0.0,
        0.0,
        0.0,
        0.0,
        1.0
      ]
    ]
  },
  "b": {
    "trend": [
      [
        0.033740215709562364
      ],
      [
        0.020276410679957096
      ],
      [
        0.3690625298422837
      ],
      [
        0.07909895570244956
      ],
      [
        0.07909895570244956
      ],
      [
        0.0
      ]
    ],
    "breakout": [
      [
        0.0
      ],
      [
        0.0
      ],
      [
        0.0
      ],
      [
        0.0
      ],
      [
        0.0
      ],
      [
        0.0
      ]
    ],
    "reversion": [
      [
        -0.004653497197916791
      ],
      [
        -0.0336903594984103
      ],
      [
        -0.9279321142232586
      ],
      [
        -0.5843520012074586
      ],
      [
        -0.5843520012074586
      ],
      [
        0.0
      ]
    ],
    "vwap": [
      [
        0.0
      ],
      [
        0.0
      ],
      [
        0.0
      ],
      [
        0.0
      ],
      [
        0.0
      ],
      [
        0.0
      ]
    ]
  },
  "counts": {
    "trend": 1,
    "breakout": 0,
    "reversion": 8,
    "vwap": 0
  },
  "reward_sum": {
    "trend": 0.07909895570244956,
    "breakout": 0.0,
    "reversion": -0.5843520012074586,
    "vwap": 0.0
  },
  "disabled_until": {
    "trend": 0.0,
    "breakout": 0.0,
    "reversion": 0.0,
    "vwap": 0.0
  },
  "_snapshot_time": "2025-09-23T20:20:00.659158"
}