{
  "arms": [
    "trend",
    "breakout",
    "reversion",
    "vwap"
  ],
  "d": 6,
  "alpha": 0.6,
  "alpha_base": 0.6,
  "alpha_boost_until": 0.0,
  "A": {
    "trend": [
      [
        1.1080325450972186,
        0.0649228881655123,
        1.181698562394789,
        0.25326635646392465,
        0.25326635646392465,
        0.0
      ],
      [
        0.0649228881655123,
        1.0390158484552856,
        0.7101497381429297,
        0.15220212873812577,
        0.15220212873812577,
        0.0
      ],
      [
        1.181698562394789,
        0.7101497381429297,
        13.925840922374677,
        2.770317861780088,
        2.770317861780088,
        0.0
      ],
      [
        0.25326635646392465,
        0.15220212873812577,
        2.770317861780088,
        1.5937455908197742,
        0.5937455908197752,
        0.0
      ],
      [
        0.25326635646392465,
        0.15220212873812577,
        2.770317861780088,
        0.5937455908197752,
        1.5937455908197742,
        0.0
      ],
      [
        0.0,
        0.0,
        0.0,
        0.0,
        0.0,
        1.0
      ]
    ],
    "breakout": [
      [
        1.0,
        0.0,
        0.0,
        0.0,
        0.0,
        0.0
      ],
      [
        0.0,
        1.0,
        0.0,
        0.0,
        0.0,
        0.0
      ],
      [
        0.0,
        0.0,
        1.0,
        0.0,
        0.0,
        0.0
      ],
      [
        0.0,
        0.0,
        0.0,
        1.0,
        0.0,
        0.0
      ],
      [
        0.0,
        0.0,
        0.0,
        0.0,
        1.0,
        0.0
      ],
      [
        0.0,
        0.0,
        0.0,
        0.0,
        0.0,
        1.0
      ]
    ],
    "reversion": [
      [
        1.0878690210370228,
        0.008908157132584738,
        0.2510960025545667,
        0.30205155355799435,
        0.30205155355799435,
        0.0
      ],
      [
        0.008908157132584738,
        1.0009668298772825,
        0.02596675876388383,
        0.030315265178388853,
        0.030315265178388853,
        0.0
      ],
      [
        0.2510960025545667,
        0.02596675876388383,
        1.7216285654143735,
        0.8606897087964,
        0.8606897087964,
        0.0
      ],
      [
        0.30205155355799435,
        0.030315265178388853,
        0.8606897087964,
        2.0397846384343348,
        1.0397846384343459,
        0.0
      ],
      [
        0.30205155355799435,
        0.030315265178388853,
        0.8606897087964,
        1.0397846384343459,
        2.0397846384343348,
        0.0
      ],
      [
        0.0,
        0.0,
        0.0,
        0.0,
        0.0,
        1.0
      ]
    ],
    "vwap": [
      [
        1.0,
        0.0,
        0.0,
        0.0,
        0.0,
        0.0
      ],
      [
        0.0,
        1.0,
        0.0,
        0.0,
        0.0,
        0.0
      ],
      [
        0.0,
        0.0,
        1.0,
        0.0,
        0.0,
        0.0
      ],
      [
        0.0,
        0.0,
        0.0,
        1.0,
        0.0,
        0.0
      ],
      [
        0.0,
        0.0,
        0.0,
        0.0,
        1.0,
        0.0
      ],
      [
        0.0,
        0.0,
        0.0,
        0.0,
        0.0,
        1.0
      ]
    ]
  },
  "b": {
    "trend": [
      [
        0.2582123867533783
      ],
      [
        0.15517447907067114
      ],
      [
        2.82441930757449
      ],
      [
        0.6053408288033184
      ],
      [
        0.6053408288033184
      ],
      [
        0.0
      ]
    ],
    "breakout": [
      [
        0.0
      ],
      [
        0.0
      ],
      [
        0.0
      ],
      [
        0.0
      ],
      [
        0.0
      ],
      [
        0.0
      ]
    ],
    "reversion": [
      [
        0.1204219862879613
      ],
      [
        0.013102499666494065
      ],
      [
        0.3512853550455543
      ],
      [
        0.40964939009963014
      ],
      [
        0.40964939009963014
      ],
      [
        0.0
      ]
    ],
    "vwap": [
      [
        0.0
      ],
      [
        0.0
      ],
      [
        0.0
      ],
      [
        0.0
      ],
      [
        0.0
      ],
      [
        0.0
      ]
    ]
  },
  "counts": {
    "trend": 1,
    "breakout": 0,
    "reversion": 2,
    "vwap": 0
  },
  "reward_sum": {
    "trend": 0.6053408288033184,
    "breakout": 0.0,
    "reversion": 0.40964939009963014,
    "vwap": 0.0
  },
  "disabled_until": {
    "trend": 0.0,
    "breakout": 0.0,
    "reversion": 0.0,
    "vwap": 0.0
  },
  "_snapshot_time": "2025-09-18T10:34:00.152390"
}