{
  "arms": [
    "trend",
    "breakout",
    "reversion",
    "vwap"
  ],
  "d": 6,
  "alpha": 0.6,
  "alpha_base": 0.6,
  "alpha_boost_until": 0.0,
  "A": {
    "trend": [
      [
        1.0038732918564817,
        0.002327680920637445,
        0.04236744968305661,
        0.00908036106276617,
        0.00908036106276617,
        0.0
      ],
      [
        0.002327680920637445,
        1.001398835581994,
        0.025461005247592535,
        0.00545690435460842,
        0.00545690435460842,
        0.0
      ],
      [
        0.04236744968305661,
        0.025461005247592535,
        1.4634302962847632,
        0.09932423238053194,
        0.09932423238053194,
        0.0
      ],
      [
        0.00908036106276617,
        0.00545690435460842,
        0.09932423238053194,
        1.0212875662576861,
        0.02128756625768776,
        0.0
      ],
      [
        0.00908036106276617,
        0.00545690435460842,
        0.09932423238053194,
        0.02128756625768776,
        1.0212875662576861,
        0.0
      ],
      [
        0.0,
        0.0,
        0.0,
        0.0,
        0.0,
        1.0
      ]
    ],
    "breakout": [
      [
        1.0,
        0.0,
        0.0,
        0.0,
        0.0,
        0.0
      ],
      [
        0.0,
        1.0,
        0.0,
        0.0,
        0.0,
        0.0
      ],
      [
        0.0,
        0.0,
        1.0,
        0.0,
        0.0,
        0.0
      ],
      [
        0.0,
        0.0,
        0.0,
        1.0,
        0.0,
        0.0
      ],
      [
        0.0,
        0.0,
        0.0,
        0.0,
        1.0,
        0.0
      ],
      [
        0.0,
        0.0,
        0.0,
        0.0,
        0.0,
        1.0
      ]
    ],
    "reversion": [
      [
        1.1034163163618902,
        0.009605701803073878,
        0.3896417113304116,
        0.3323276655283207,
        0.3323276655283207,
        0.0
      ],
      [
        0.009605701803073878,
        1.0009957192669439,
        0.041780210215000266,
        0.03161742083817106,
        0.03161742083817106,
        0.0
      ],
      [
        0.3896417113304116,
        0.041780210215000266,
        2.8452453308766747,
        1.2794349983367717,
        1.2794349983367717,
        0.0
      ],
      [
        0.3323276655283207,
        0.03161742083817106,
        1.2794349983367717,
        2.078507935153908,
        1.078507935153925,
        0.0
      ],
      [
        0.3323276655283207,
        0.03161742083817106,
        1.2794349983367717,
        1.078507935153925,
        2.078507935153908,
        0.0
      ],
      [
        0.0,
        0.0,
        0.0,
        0.0,
        0.0,
        1.0
      ]
    ],
    "vwap": [
      [
        1.0,
        0.0,
        0.0,
        0.0,
        0.0,
        0.0
      ],
      [
        0.0,
        1.0,
        0.0,
        0.0,
        0.0,
        0.0
      ],
      [
        0.0,
        0.0,
        1.0,
        0.0,
        0.0,
        0.0
      ],
      [
        0.0,
        0.0,
        0.0,
        1.0,
        0.0,
        0.0
      ],
      [
        0.0,
        0.0,
        0.0,
        0.0,
        1.0,
        0.0
      ],
      [
        0.0,
        0.0,
        0.0,
        0.0,
        0.0,
        1.0
      ]
    ]
  },
  "b": {
    "trend": [
      [
        0.009257691133300078
      ],
      [
        0.005563472059065402
      ],
      [
        0.1012639320259557
      ],
      [
        0.021703290434279245
      ],
      [
        0.021703290434279245
      ],
      [
        0.0
      ]
    ],
    "breakout": [
      [
        0.0
      ],
      [
        0.0
      ],
      [
        0.0
      ],
      [
        0.0
      ],
      [
        0.0
      ],
      [
        0.0
      ]
    ],
    "reversion": [
      [
        -0.21857534928062927
      ],
      [
        -0.034007556347253616
      ],
      [
        -1.4183373323212831
      ],
      [
        -0.8704615108016254
      ],
      [
        -0.8704615108016254
      ],
      [
        0.0
      ]
    ],
    "vwap": [
      [
        0.0
      ],
      [
        0.0
      ],
      [
        0.0
      ],
      [
        0.0
      ],
      [
        0.0
      ],
      [
        0.0
      ]
    ]
  },
  "counts": {
    "trend": 1,
    "breakout": 0,
    "reversion": 9,
    "vwap": 0
  },
  "reward_sum": {
    "trend": 0.021703290434279245,
    "breakout": 0.0,
    "reversion": -0.8704615108016254,
    "vwap": 0.0
  },
  "disabled_until": {
    "trend": 0.0,
    "breakout": 0.0,
    "reversion": 0.0,
    "vwap": 0.0
  },
  "_snapshot_time": "2025-09-26T03:22:00.434210"
}