{
  "arms": [
    "trend",
    "breakout",
    "reversion",
    "vwap"
  ],
  "d": 6,
  "alpha": 0.6,
  "alpha_base": 0.6,
  "alpha_boost_until": 0.0,
  "A": {
    "trend": [
      [
        1.0090360697939915,
        0.0054302872172737205,
        0.09883975866390869,
        0.02118373191539744,
        0.02118373191539744,
        0.0
      ],
      [
        0.0054302872172737205,
        1.0032633678064002,
        0.0593984210245955,
        0.012730506874885762,
        0.012730506874885762,
        0.0
      ],
      [
        0.09883975866390869,
        0.0593984210245955,
        2.081144581158211,
        0.23171522551889184,
        0.23171522551889184,
        0.0
      ],
      [
        0.02118373191539744,
        0.012730506874885762,
        0.23171522551889184,
        1.049662132773908,
        0.04966213277390804,
        0.0
      ],
      [
        0.02118373191539744,
        0.012730506874885762,
        0.23171522551889184,
        0.04966213277390804,
        1.049662132773908,
        0.0
      ],
      [
        0.0,
        0.0,
        0.0,
        0.0,
        0.0,
        1.0
      ]
    ],
    "breakout": [
      [
        1.0,
        0.0,
        0.0,
        0.0,
        0.0,
        0.0
      ],
      [
        0.0,
        1.0,
        0.0,
        0.0,
        0.0,
        0.0
      ],
      [
        0.0,
        0.0,
        1.0,
        0.0,
        0.0,
        0.0
      ],
      [
        0.0,
        0.0,
        0.0,
        1.0,
        0.0,
        0.0
      ],
      [
        0.0,
        0.0,
        0.0,
        0.0,
        1.0,
        0.0
      ],
      [
        0.0,
        0.0,
        0.0,
        0.0,
        0.0,
        1.0
      ]
    ],
    "reversion": [
      [
        1.1042087665641285,
        0.0067906240397120655,
        0.17502256629397428,
        0.3274073473255847,
        0.3274073473255847,
        0.0
      ],
      [
        0.0067906240397120655,
        1.0005430106784157,
        0.013824795664917561,
        0.022719358702203138,
        0.022719358702203138,
        0.0
      ],
      [
        0.17502256629397428,
        0.013824795664917561,
        1.3740199493808976,
        0.5861899209336552,
        0.5861899209336552,
        0.0
      ],
      [
        0.3274073473255847,
        0.022719358702203138,
        0.5861899209336552,
        2.052390807424868,
        1.0523908074248864,
        0.0
      ],
      [
        0.3274073473255847,
        0.022719358702203138,
        0.5861899209336552,
        1.0523908074248864,
        2.052390807424868,
        0.0
      ],
      [
        0.0,
        0.0,
        0.0,
        0.0,
        0.0,
        1.0
      ]
    ],
    "vwap": [
      [
        1.0,
        0.0,
        0.0,
        0.0,
        0.0,
        0.0
      ],
      [
        0.0,
        1.0,
        0.0,
        0.0,
        0.0,
        0.0
      ],
      [
        0.0,
        0.0,
        1.0,
        0.0,
        0.0,
        0.0
      ],
      [
        0.0,
        0.0,
        0.0,
        1.0,
        0.0,
        0.0
      ],
      [
        0.0,
        0.0,
        0.0,
        0.0,
        1.0,
        0.0
      ],
      [
        0.0,
        0.0,
        0.0,
        0.0,
        0.0,
        1.0
      ]
    ]
  },
  "b": {
    "trend": [
      [
        0.02159742831455633
      ],
      [
        0.012979120522124184
      ],
      [
        0.23624038448570167
      ],
      [
        0.05063198292048142
      ],
      [
        0.05063198292048142
      ],
      [
        0.0
      ]
    ],
    "breakout": [
      [
        0.0
      ],
      [
        0.0
      ],
      [
        0.0
      ],
      [
        0.0
      ],
      [
        0.0
      ],
      [
        0.0
      ]
    ],
    "reversion": [
      [
        -0.0029787471724880767
      ],
      [
        -0.0215655148865077
      ],
      [
        -0.5939780435971455
      ],
      [
        -0.3740491929625938
      ],
      [
        -0.3740491929625938
      ],
      [
        0.0
      ]
    ],
    "vwap": [
      [
        0.0
      ],
      [
        0.0
      ],
      [
        0.0
      ],
      [
        0.0
      ],
      [
        0.0
      ],
      [
        0.0
      ]
    ]
  },
  "counts": {
    "trend": 1,
    "breakout": 0,
    "reversion": 8,
    "vwap": 0
  },
  "reward_sum": {
    "trend": 0.05063198292048142,
    "breakout": 0.0,
    "reversion": -0.3740491929625938,
    "vwap": 0.0
  },
  "disabled_until": {
    "trend": 0.0,
    "breakout": 0.0,
    "reversion": 0.0,
    "vwap": 0.0
  },
  "_snapshot_time": "2025-09-24T13:25:00.882002"
}