{
  "arms": [
    "trend",
    "breakout",
    "reversion",
    "vwap"
  ],
  "d": 6,
  "alpha": 0.6,
  "alpha_base": 0.6,
  "alpha_boost_until": 0.0,
  "A": {
    "trend": [
      [
        1.0040116095593405,
        0.0024108038790564995,
        0.0438804181174766,
        0.009404626501537564,
        0.009404626501537564,
        0.0
      ],
      [
        0.0024108038790564995,
        1.001448788885682,
        0.02637023385437399,
        0.005651773861740289,
        0.005651773861740289,
        0.0
      ],
      [
        0.0438804181174766,
        0.02637023385437399,
        1.479979685381298,
        0.10287116356210922,
        0.10287116356210922,
        0.0
      ],
      [
        0.009404626501537564,
        0.005651773861740289,
        0.10287116356210922,
        1.022047758717569,
        0.022047758717570132,
        0.0
      ],
      [
        0.009404626501537564,
        0.005651773861740289,
        0.10287116356210922,
        0.022047758717570132,
        1.022047758717569,
        0.0
      ],
      [
        0.0,
        0.0,
        0.0,
        0.0,
        0.0,
        1.0
      ]
    ],
    "breakout": [
      [
        1.0,
        0.0,
        0.0,
        0.0,
        0.0,
        0.0
      ],
      [
        0.0,
        1.0,
        0.0,
        0.0,
        0.0,
        0.0
      ],
      [
        0.0,
        0.0,
        1.0,
        0.0,
        0.0,
        0.0
      ],
      [
        0.0,
        0.0,
        0.0,
        1.0,
        0.0,
        0.0
      ],
      [
        0.0,
        0.0,
        0.0,
        0.0,
        1.0,
        0.0
      ],
      [
        0.0,
        0.0,
        0.0,
        0.0,
        0.0,
        1.0
      ]
    ],
    "reversion": [
      [
        1.107109378451538,
        0.009948727492069124,
        0.40355606337157424,
        0.34419529673081695,
        0.34419529673081695,
        0.0
      ],
      [
        0.009948727492069124,
        1.0010312770319665,
        0.04327220795646466,
        0.03274649894090745,
        0.03274649894090745,
        0.0
      ],
      [
        0.40355606337157424,
        0.04327220795646466,
        2.9111402091443606,
        1.3251244316365498,
        1.3251244316365498,
        0.0
      ],
      [
        0.34419529673081695,
        0.03274649894090745,
        1.3251244316365498,
        2.1170221358992025,
        1.1170221358992185,
        0.0
      ],
      [
        0.34419529673081695,
        0.03274649894090745,
        1.3251244316365498,
        1.1170221358992185,
        2.1170221358992025,
        0.0
      ],
      [
        0.0,
        0.0,
        0.0,
        0.0,
        0.0,
        1.0
      ]
    ],
    "vwap": [
      [
        1.0,
        0.0,
        0.0,
        0.0,
        0.0,
        0.0
      ],
      [
        0.0,
        1.0,
        0.0,
        0.0,
        0.0,
        0.0
      ],
      [
        0.0,
        0.0,
        1.0,
        0.0,
        0.0,
        0.0
      ],
      [
        0.0,
        0.0,
        0.0,
        1.0,
        0.0,
        0.0
      ],
      [
        0.0,
        0.0,
        0.0,
        0.0,
        1.0,
        0.0
      ],
      [
        0.0,
        0.0,
        0.0,
        0.0,
        0.0,
        1.0
      ]
    ]
  },
  "b": {
    "trend": [
      [
        0.009588289141088455
      ],
      [
        0.005762147166349703
      ],
      [
        0.10488013110913517
      ],
      [
        0.02247832866753985
      ],
      [
        0.02247832866753985
      ],
      [
        0.0
      ]
    ],
    "breakout": [
      [
        0.0
      ],
      [
        0.0
      ],
      [
        0.0
      ],
      [
        0.0
      ],
      [
        0.0
      ],
      [
        0.0
      ]
    ],
    "reversion": [
      [
        -0.22638081329788318
      ],
      [
        -0.03522198770127798
      ],
      [
        -1.468987055852311
      ],
      [
        -0.901546242100594
      ],
      [
        -0.901546242100594
      ],
      [
        0.0
      ]
    ],
    "vwap": [
      [
        0.0
      ],
      [
        0.0
      ],
      [
        0.0
      ],
      [
        0.0
      ],
      [
        0.0
      ],
      [
        0.0
      ]
    ]
  },
  "counts": {
    "trend": 1,
    "breakout": 0,
    "reversion": 9,
    "vwap": 0
  },
  "reward_sum": {
    "trend": 0.02247832866753985,
    "breakout": 0.0,
    "reversion": -0.901546242100594,
    "vwap": 0.0
  },
  "disabled_until": {
    "trend": 0.0,
    "breakout": 0.0,
    "reversion": 0.0,
    "vwap": 0.0
  },
  "_snapshot_time": "2025-09-26T02:18:00.637532"
}