{
  "arms": [
    "trend",
    "breakout",
    "reversion",
    "vwap"
  ],
  "d": 6,
  "alpha": 0.6,
  "alpha_base": 0.6,
  "alpha_boost_until": 0.0,
  "A": {
    "trend": [
      [
        1.0098398211350643,
        0.005913307018227458,
        0.10763147789457679,
        0.023068008301494317,
        0.023068008301494317,
        0.0
      ],
      [
        0.005913307018227458,
        1.0035536418205022,
        0.06468186411928149,
        0.01386287550488885,
        0.01386287550488885,
        0.0
      ],
      [
        0.10763147789457679,
        0.06468186411928149,
        2.1773115460900296,
        0.25232611360452734,
        0.25232611360452734,
        0.0
      ],
      [
        0.023068008301494317,
        0.01386287550488885,
        0.25232611360452734,
        1.0540795406434378,
        0.05407954064343768,
        0.0
      ],
      [
        0.023068008301494317,
        0.01386287550488885,
        0.25232611360452734,
        0.05407954064343768,
        1.0540795406434378,
        0.0
      ],
      [
        0.0,
        0.0,
        0.0,
        0.0,
        0.0,
        1.0
      ]
    ],
    "breakout": [
      [
        1.0,
        0.0,
        0.0,
        0.0,
        0.0,
        0.0
      ],
      [
        0.0,
        1.0,
        0.0,
        0.0,
        0.0,
        0.0
      ],
      [
        0.0,
        0.0,
        1.0,
        0.0,
        0.0,
        0.0
      ],
      [
        0.0,
        0.0,
        0.0,
        1.0,
        0.0,
        0.0
      ],
      [
        0.0,
        0.0,
        0.0,
        0.0,
        1.0,
        0.0
      ],
      [
        0.0,
        0.0,
        0.0,
        0.0,
        0.0,
        1.0
      ]
    ],
    "reversion": [
      [
        1.1134780548484247,
        0.0073946447371034865,
        0.19059068668083126,
        0.356529974805203,
        0.356529974805203,
        0.0
      ],
      [
        0.0073946447371034865,
        1.0005913110535727,
        0.015054500426951696,
        0.024740227889974046,
        0.024740227889974046,
        0.0
      ],
      [
        0.19059068668083126,
        0.015054500426951696,
        1.4072887313576619,
        0.6383310559420927,
        0.6383310559420927,
        0.0
      ],
      [
        0.356529974805203,
        0.024740227889974046,
        0.6383310559420927,
        2.146000146671406,
        1.146000146671424,
        0.0
      ],
      [
        0.356529974805203,
        0.024740227889974046,
        0.6383310559420927,
        1.146000146671424,
        2.146000146671406,
        0.0
      ],
      [
        0.0,
        0.0,
        0.0,
        0.0,
        0.0,
        1.0
      ]
    ],
    "vwap": [
      [
        1.0,
        0.0,
        0.0,
        0.0,
        0.0,
        0.0
      ],
      [
        0.0,
        1.0,
        0.0,
        0.0,
        0.0,
        0.0
      ],
      [
        0.0,
        0.0,
        1.0,
        0.0,
        0.0,
        0.0
      ],
      [
        0.0,
        0.0,
        0.0,
        1.0,
        0.0,
        0.0
      ],
      [
        0.0,
        0.0,
        0.0,
        0.0,
        1.0,
        0.0
      ],
      [
        0.0,
        0.0,
        0.0,
        0.0,
        0.0,
        1.0
      ]
    ]
  },
  "b": {
    "trend": [
      [
        0.02351850267180682
      ],
      [
        0.014133603141608617
      ],
      [
        0.2572537819223122
      ],
      [
        0.05513565820202984
      ],
      [
        0.05513565820202984
      ],
      [
        0.0
      ]
    ],
    "breakout": [
      [
        0.0
      ],
      [
        0.0
      ],
      [
        0.0
      ],
      [
        0.0
      ],
      [
        0.0
      ],
      [
        0.0
      ]
    ],
    "reversion": [
      [
        -0.0032437044038054006
      ],
      [
        -0.023483750569292732
      ],
      [
        -0.6468119260254167
      ],
      [
        -0.4073205761330783
      ],
      [
        -0.4073205761330783
      ],
      [
        0.0
      ]
    ],
    "vwap": [
      [
        0.0
      ],
      [
        0.0
      ],
      [
        0.0
      ],
      [
        0.0
      ],
      [
        0.0
      ],
      [
        0.0
      ]
    ]
  },
  "counts": {
    "trend": 1,
    "breakout": 0,
    "reversion": 8,
    "vwap": 0
  },
  "reward_sum": {
    "trend": 0.05513565820202984,
    "breakout": 0.0,
    "reversion": -0.4073205761330783,
    "vwap": 0.0
  },
  "disabled_until": {
    "trend": 0.0,
    "breakout": 0.0,
    "reversion": 0.0,
    "vwap": 0.0
  },
  "_snapshot_time": "2025-09-24T10:38:00.638386"
}