{
  "arms": [
    "trend",
    "breakout",
    "reversion",
    "vwap"
  ],
  "d": 6,
  "alpha": 0.6,
  "alpha_base": 0.6,
  "alpha_boost_until": 0.0,
  "A": {
    "trend": [
      [
        1.1194243792802658,
        0.07176888791494358,
        1.306306513313946,
        0.27997283028054154,
        0.27997283028054154,
        0.0
      ],
      [
        0.07176888791494358,
        1.0431299982766515,
        0.7850337284698997,
        0.16825156468662728,
        0.16825156468662728,
        0.0
      ],
      [
        1.306306513313946,
        0.7850337284698997,
        15.288847193601708,
        3.06244281067702,
        3.06244281067702,
        0.0
      ],
      [
        0.27997283028054154,
        0.16825156468662728,
        3.06244281067702,
        1.656354976828843,
        0.6563549768288433,
        0.0
      ],
      [
        0.27997283028054154,
        0.16825156468662728,
        3.06244281067702,
        0.6563549768288433,
        1.656354976828843,
        0.0
      ],
      [
        0.0,
        0.0,
        0.0,
        0.0,
        0.0,
        1.0
      ]
    ],
    "breakout": [
      [
        1.0,
        0.0,
        0.0,
        0.0,
        0.0,
        0.0
      ],
      [
        0.0,
        1.0,
        0.0,
        0.0,
        0.0,
        0.0
      ],
      [
        0.0,
        0.0,
        1.0,
        0.0,
        0.0,
        0.0
      ],
      [
        0.0,
        0.0,
        0.0,
        1.0,
        0.0,
        0.0
      ],
      [
        0.0,
        0.0,
        0.0,
        0.0,
        1.0,
        0.0
      ],
      [
        0.0,
        0.0,
        0.0,
        0.0,
        0.0,
        1.0
      ]
    ],
    "reversion": [
      [
        1.0971346485067777,
        0.00984750600046159,
        0.2775736165231472,
        0.33390233713221945,
        0.33390233713221945,
        0.0
      ],
      [
        0.00984750600046159,
        1.0010687803185632,
        0.028704905956872133,
        0.033511954415104586,
        0.033511954415104586,
        0.0
      ],
      [
        0.2775736165231472,
        0.028704905956872133,
        1.7977229770710874,
        0.9514478635435616,
        0.9514478635435616,
        0.0
      ],
      [
        0.33390233713221945,
        0.033511954415104586,
        0.9514478635435616,
        2.1494280257715817,
        1.1494280257715928,
        0.0
      ],
      [
        0.33390233713221945,
        0.033511954415104586,
        0.9514478635435616,
        1.1494280257715928,
        2.1494280257715817,
        0.0
      ],
      [
        0.0,
        0.0,
        0.0,
        0.0,
        0.0,
        1.0
      ]
    ],
    "vwap": [
      [
        1.0,
        0.0,
        0.0,
        0.0,
        0.0,
        0.0
      ],
      [
        0.0,
        1.0,
        0.0,
        0.0,
        0.0,
        0.0
      ],
      [
        0.0,
        0.0,
        1.0,
        0.0,
        0.0,
        0.0
      ],
      [
        0.0,
        0.0,
        0.0,
        1.0,
        0.0,
        0.0
      ],
      [
        0.0,
        0.0,
        0.0,
        0.0,
        1.0,
        0.0
      ],
      [
        0.0,
        0.0,
        0.0,
        0.0,
        0.0,
        1.0
      ]
    ]
  },
  "b": {
    "trend": [
      [
        0.28544041041287876
      ],
      [
        0.17153734392239622
      ],
      [
        3.1222491549258478
      ],
      [
        0.6691729114386911
      ],
      [
        0.6691729114386911
      ],
      [
        0.0
      ]
    ],
    "breakout": [
      [
        0.0
      ],
      [
        0.0
      ],
      [
        0.0
      ],
      [
        0.0
      ],
      [
        0.0
      ],
      [
        0.0
      ]
    ],
    "reversion": [
      [
        0.1331202643721352
      ],
      [
        0.014484134279006433
      ],
      [
        0.38832775288974397
      ],
      [
        0.45284616863522353
      ],
      [
        0.45284616863522353
      ],
      [
        0.0
      ]
    ],
    "vwap": [
      [
        0.0
      ],
      [
        0.0
      ],
      [
        0.0
      ],
      [
        0.0
      ],
      [
        0.0
      ],
      [
        0.0
      ]
    ]
  },
  "counts": {
    "trend": 1,
    "breakout": 0,
    "reversion": 2,
    "vwap": 0
  },
  "reward_sum": {
    "trend": 0.6691729114386911,
    "breakout": 0.0,
    "reversion": 0.45284616863522353,
    "vwap": 0.0
  },
  "disabled_until": {
    "trend": 0.0,
    "breakout": 0.0,
    "reversion": 0.0,
    "vwap": 0.0
  },
  "_snapshot_time": "2025-09-18T07:14:00.596232"
}