{
  "arms": [
    "trend",
    "breakout",
    "reversion",
    "vwap"
  ],
  "d": 6,
  "alpha": 0.6,
  "alpha_base": 0.6,
  "alpha_boost_until": 0.0,
  "A": {
    "trend": [
      [
        1.0099389622838455,
        0.005972886561680218,
        0.10871591918848189,
        0.02330043009165861,
        0.02330043009165861,
        0.0
      ],
      [
        0.005972886561680218,
        1.003589446549837,
        0.06533356644456605,
        0.014002550950621298,
        0.014002550950621298,
        0.0
      ],
      [
        0.10871591918848189,
        0.06533356644456605,
        2.189173552273963,
        0.25486842615542776,
        0.25486842615542776,
        0.0
      ],
      [
        0.02330043009165861,
        0.014002550950621298,
        0.25486842615542776,
        1.0546244192252092,
        0.05462441922520914,
        0.0
      ],
      [
        0.02330043009165861,
        0.014002550950621298,
        0.25486842615542776,
        0.05462441922520914,
        1.0546244192252092,
        0.0
      ],
      [
        0.0,
        0.0,
        0.0,
        0.0,
        0.0,
        1.0
      ]
    ],
    "breakout": [
      [
        1.0,
        0.0,
        0.0,
        0.0,
        0.0,
        0.0
      ],
      [
        0.0,
        1.0,
        0.0,
        0.0,
        0.0,
        0.0
      ],
      [
        0.0,
        0.0,
        1.0,
        0.0,
        0.0,
        0.0
      ],
      [
        0.0,
        0.0,
        0.0,
        1.0,
        0.0,
        0.0
      ],
      [
        0.0,
        0.0,
        0.0,
        0.0,
        1.0,
        0.0
      ],
      [
        0.0,
        0.0,
        0.0,
        0.0,
        0.0,
        1.0
      ]
    ],
    "reversion": [
      [
        1.114621403346809,
        0.007469149503399901,
        0.19251098374367442,
        0.36012219368723314,
        0.36012219368723314,
        0.0
      ],
      [
        0.007469149503399901,
        1.000597268809952,
        0.01520618209333269,
        0.024989498133859294,
        0.024989498133859294,
        0.0
      ],
      [
        0.19251098374367442,
        0.01520618209333269,
        1.411392370250915,
        0.6447625625030607,
        0.6447625625030607,
        0.0
      ],
      [
        0.36012219368723314,
        0.024989498133859294,
        0.6447625625030607,
        2.157546674752058,
        1.157546674752076,
        0.0
      ],
      [
        0.36012219368723314,
        0.024989498133859294,
        0.6447625625030607,
        1.157546674752076,
        2.157546674752058,
        0.0
      ],
      [
        0.0,
        0.0,
        0.0,
        0.0,
        0.0,
        1.0
      ]
    ],
    "vwap": [
      [
        1.0,
        0.0,
        0.0,
        0.0,
        0.0,
        0.0
      ],
      [
        0.0,
        1.0,
        0.0,
        0.0,
        0.0,
        0.0
      ],
      [
        0.0,
        0.0,
        1.0,
        0.0,
        0.0,
        0.0
      ],
      [
        0.0,
        0.0,
        0.0,
        1.0,
        0.0,
        0.0
      ],
      [
        0.0,
        0.0,
        0.0,
        0.0,
        1.0,
        0.0
      ],
      [
        0.0,
        0.0,
        0.0,
        0.0,
        0.0,
        1.0
      ]
    ]
  },
  "b": {
    "trend": [
      [
        0.02375546341941549
      ],
      [
        0.014276006304495964
      ],
      [
        0.2598457432108403
      ],
      [
        0.055691177699583184
      ],
      [
        0.055691177699583184
      ],
      [
        0.0
      ]
    ],
    "breakout": [
      [
        0.0
      ],
      [
        0.0
      ],
      [
        0.0
      ],
      [
        0.0
      ],
      [
        0.0
      ],
      [
        0.0
      ]
    ],
    "reversion": [
      [
        -0.003276386357723695
      ],
      [
        -0.023720361171983267
      ],
      [
        -0.6533288816195719
      ],
      [
        -0.411424535878466
      ],
      [
        -0.411424535878466
      ],
      [
        0.0
      ]
    ],
    "vwap": [
      [
        0.0
      ],
      [
        0.0
      ],
      [
        0.0
      ],
      [
        0.0
      ],
      [
        0.0
      ],
      [
        0.0
      ]
    ]
  },
  "counts": {
    "trend": 1,
    "breakout": 0,
    "reversion": 8,
    "vwap": 0
  },
  "reward_sum": {
    "trend": 0.055691177699583184,
    "breakout": 0.0,
    "reversion": -0.411424535878466,
    "vwap": 0.0
  },
  "disabled_until": {
    "trend": 0.0,
    "breakout": 0.0,
    "reversion": 0.0,
    "vwap": 0.0
  },
  "_snapshot_time": "2025-09-24T10:14:00.644559"
}