{
  "arms": [
    "trend",
    "breakout",
    "reversion",
    "vwap"
  ],
  "d": 6,
  "alpha": 0.6,
  "alpha_base": 0.6,
  "alpha_boost_until": 0.0,
  "A": {
    "trend": [
      [
        1.0085513260330576,
        0.005138977177769383,
        0.09353745827924542,
        0.020047321715676563,
        0.020047321715676563,
        0.0
      ],
      [
        0.005138977177769383,
        1.0030883030692026,
        0.05621196777031305,
        0.01204757348439466,
        0.01204757348439466,
        0.0
      ],
      [
        0.09353745827924542,
        0.05621196777031305,
        2.0231461258195584,
        0.21928476488230805,
        0.21928476488230805,
        0.0
      ],
      [
        0.020047321715676563,
        0.01204757348439466,
        0.21928476488230805,
        1.0469979867938917,
        0.046997986793891174,
        0.0
      ],
      [
        0.020047321715676563,
        0.01204757348439466,
        0.21928476488230805,
        0.046997986793891174,
        1.0469979867938917,
        0.0
      ],
      [
        0.0,
        0.0,
        0.0,
        0.0,
        0.0,
        1.0
      ]
    ],
    "breakout": [
      [
        1.0,
        0.0,
        0.0,
        0.0,
        0.0,
        0.0
      ],
      [
        0.0,
        1.0,
        0.0,
        0.0,
        0.0,
        0.0
      ],
      [
        0.0,
        0.0,
        1.0,
        0.0,
        0.0,
        0.0
      ],
      [
        0.0,
        0.0,
        0.0,
        1.0,
        0.0,
        0.0
      ],
      [
        0.0,
        0.0,
        0.0,
        0.0,
        1.0,
        0.0
      ],
      [
        0.0,
        0.0,
        0.0,
        0.0,
        0.0,
        1.0
      ]
    ],
    "reversion": [
      [
        1.098618443494673,
        0.006426338159772776,
        0.1656334071830045,
        0.3098434426061377,
        0.3098434426061377,
        0.0
      ],
      [
        0.006426338159772776,
        1.0005138806424065,
        0.013083158692479767,
        0.021500569158254344,
        0.021500569158254344,
        0.0
      ],
      [
        0.1656334071830045,
        0.013083158692479767,
        1.3539554920382049,
        0.5547435163160447,
        0.5547435163160447,
        0.0
      ],
      [
        0.3098434426061377,
        0.021500569158254344,
        0.5547435163160447,
        1.9959348603600895,
        0.9959348603601084,
        0.0
      ],
      [
        0.3098434426061377,
        0.021500569158254344,
        0.5547435163160447,
        0.9959348603601084,
        1.9959348603600895,
        0.0
      ],
      [
        0.0,
        0.0,
        0.0,
        0.0,
        0.0,
        1.0
      ]
    ],
    "vwap": [
      [
        1.0,
        0.0,
        0.0,
        0.0,
        0.0,
        0.0
      ],
      [
        0.0,
        1.0,
        0.0,
        0.0,
        0.0,
        0.0
      ],
      [
        0.0,
        0.0,
        1.0,
        0.0,
        0.0,
        0.0
      ],
      [
        0.0,
        0.0,
        0.0,
        1.0,
        0.0,
        0.0
      ],
      [
        0.0,
        0.0,
        0.0,
        0.0,
        1.0,
        0.0
      ],
      [
        0.0,
        0.0,
        0.0,
        0.0,
        0.0,
        1.0
      ]
    ]
  },
  "b": {
    "trend": [
      [
        0.02043882519767291
      ],
      [
        0.012282850148062865
      ],
      [
        0.2235671697949324
      ],
      [
        0.04791580892183361
      ],
      [
        0.04791580892183361
      ],
      [
        0.0
      ]
    ],
    "breakout": [
      [
        0.0
      ],
      [
        0.0
      ],
      [
        0.0
      ],
      [
        0.0
      ],
      [
        0.0
      ],
      [
        0.0
      ]
    ],
    "reversion": [
      [
        -0.002818951028790435
      ],
      [
        -0.020408623778881547
      ],
      [
        -0.5621138418667873
      ],
      [
        -0.35398316683567294
      ],
      [
        -0.35398316683567294
      ],
      [
        0.0
      ]
    ],
    "vwap": [
      [
        0.0
      ],
      [
        0.0
      ],
      [
        0.0
      ],
      [
        0.0
      ],
      [
        0.0
      ],
      [
        0.0
      ]
    ]
  },
  "counts": {
    "trend": 1,
    "breakout": 0,
    "reversion": 8,
    "vwap": 0
  },
  "reward_sum": {
    "trend": 0.04791580892183361,
    "breakout": 0.0,
    "reversion": -0.35398316683567294,
    "vwap": 0.0
  },
  "disabled_until": {
    "trend": 0.0,
    "breakout": 0.0,
    "reversion": 0.0,
    "vwap": 0.0
  },
  "_snapshot_time": "2025-09-24T15:53:00.900141"
}