{
  "arms": [
    "trend",
    "breakout",
    "reversion",
    "vwap"
  ],
  "d": 6,
  "alpha": 0.6,
  "alpha_base": 0.6,
  "alpha_boost_until": 0.0,
  "A": {
    "trend": [
      [
        1.0460763782005174,
        0.027689910908718786,
        0.5039998810628178,
        0.10801926785486461,
        0.10801926785486461,
        0.0
      ],
      [
        0.027689910908718786,
        1.0166404391160269,
        0.3028821350476121,
        0.06491490911697943,
        0.06491490911697943,
        0.0
      ],
      [
        0.5039998810628178,
        0.3028821350476121,
        6.512930704012613,
        1.181553331175923,
        1.181553331175923,
        0.0
      ],
      [
        0.10801926785486461,
        0.06491490911697943,
        1.181553331175923,
        1.253235229928936,
        0.2532352299289372,
        0.0
      ],
      [
        0.10801926785486461,
        0.06491490911697943,
        1.181553331175923,
        0.2532352299289372,
        1.253235229928936,
        0.0
      ],
      [
        0.0,
        0.0,
        0.0,
        0.0,
        0.0,
        1.0
      ]
    ],
    "breakout": [
      [
        1.0,
        0.0,
        0.0,
        0.0,
        0.0,
        0.0
      ],
      [
        0.0,
        1.0,
        0.0,
        0.0,
        0.0,
        0.0
      ],
      [
        0.0,
        0.0,
        1.0,
        0.0,
        0.0,
        0.0
      ],
      [
        0.0,
        0.0,
        0.0,
        1.0,
        0.0,
        0.0
      ],
      [
        0.0,
        0.0,
        0.0,
        0.0,
        1.0,
        0.0
      ],
      [
        0.0,
        0.0,
        0.0,
        0.0,
        0.0,
        1.0
      ]
    ],
    "reversion": [
      [
        1.394925011170503,
        0.027908823752733562,
        0.7061334741148032,
        1.2830623324139736,
        1.2830623324139736,
        0.0
      ],
      [
        0.027908823752733562,
        1.0024381827161994,
        0.06132144034349803,
        0.096824875846833,
        0.096824875846833,
        0.0
      ],
      [
        0.7061334741148032,
        0.06132144034349803,
        2.652735283523035,
        2.4613663221356075,
        2.4613663221356075,
        0.0
      ],
      [
        1.2830623324139736,
        0.096824875846833,
        2.4613663221356075,
        5.271889246684125,
        4.271889246684135,
        0.0
      ],
      [
        1.2830623324139736,
        0.096824875846833,
        2.4613663221356075,
        4.271889246684135,
        5.271889246684125,
        0.0
      ],
      [
        0.0,
        0.0,
        0.0,
        0.0,
        0.0,
        1.0
      ]
    ],
    "vwap": [
      [
        1.0,
        0.0,
        0.0,
        0.0,
        0.0,
        0.0
      ],
      [
        0.0,
        1.0,
        0.0,
        0.0,
        0.0,
        0.0
      ],
      [
        0.0,
        0.0,
        1.0,
        0.0,
        0.0,
        0.0
      ],
      [
        0.0,
        0.0,
        0.0,
        1.0,
        0.0,
        0.0
      ],
      [
        0.0,
        0.0,
        0.0,
        0.0,
        1.0,
        0.0
      ],
      [
        0.0,
        0.0,
        0.0,
        0.0,
        0.0,
        1.0
      ]
    ]
  },
  "b": {
    "trend": [
      [
        0.11012877256016423
      ],
      [
        0.06618263022772018
      ],
      [
        1.2046278470579146
      ],
      [
        0.25818065234931975
      ],
      [
        0.25818065234931975
      ],
      [
        0.0
      ]
    ],
    "breakout": [
      [
        0.0
      ],
      [
        0.0
      ],
      [
        0.0
      ],
      [
        0.0
      ],
      [
        0.0
      ],
      [
        0.0
      ]
    ],
    "reversion": [
      [
        -0.4077792965462631
      ],
      [
        -0.12929359236470156
      ],
      [
        -3.56489830597108
      ],
      [
        -3.0191745735022835
      ],
      [
        -3.0191745735022835
      ],
      [
        0.0
      ]
    ],
    "vwap": [
      [
        0.0
      ],
      [
        0.0
      ],
      [
        0.0
      ],
      [
        0.0
      ],
      [
        0.0
      ],
      [
        0.0
      ]
    ]
  },
  "counts": {
    "trend": 1,
    "breakout": 0,
    "reversion": 7,
    "vwap": 0
  },
  "reward_sum": {
    "trend": 0.25818065234931975,
    "breakout": 0.0,
    "reversion": -3.0191745735022835,
    "vwap": 0.0
  },
  "disabled_until": {
    "trend": 0.0,
    "breakout": 0.0,
    "reversion": 0.0,
    "vwap": 0.0
  },
  "_snapshot_time": "2025-09-21T23:32:00.250599"
}