{
  "arms": [
    "trend",
    "breakout",
    "reversion",
    "vwap"
  ],
  "d": 6,
  "alpha": 0.6,
  "alpha_base": 0.6,
  "alpha_boost_until": 0.0,
  "A": {
    "trend": [
      [
        1.0296421322099278,
        0.017813639702005675,
        0.3242362288814661,
        0.06949160381137663,
        0.06949160381137663,
        0.0
      ],
      [
        0.017813639702005675,
        1.010705227180876,
        0.19485195325108517,
        0.04176144900250314,
        0.04176144900250314,
        0.0
      ],
      [
        0.3242362288814661,
        0.19485195325108517,
        4.546611673368827,
        0.7601239816067852,
        0.7601239816067852,
        0.0
      ],
      [
        0.06949160381137663,
        0.04176144900250314,
        0.7601239816067852,
        1.1629128082311122,
        0.16291280823111093,
        0.0
      ],
      [
        0.06949160381137663,
        0.04176144900250314,
        0.7601239816067852,
        0.16291280823111093,
        1.1629128082311122,
        0.0
      ],
      [
        0.0,
        0.0,
        0.0,
        0.0,
        0.0,
        1.0
      ]
    ],
    "breakout": [
      [
        1.0,
        0.0,
        0.0,
        0.0,
        0.0,
        0.0
      ],
      [
        0.0,
        1.0,
        0.0,
        0.0,
        0.0,
        0.0
      ],
      [
        0.0,
        0.0,
        1.0,
        0.0,
        0.0,
        0.0
      ],
      [
        0.0,
        0.0,
        0.0,
        1.0,
        0.0,
        0.0
      ],
      [
        0.0,
        0.0,
        0.0,
        0.0,
        1.0,
        0.0
      ],
      [
        0.0,
        0.0,
        0.0,
        0.0,
        0.0,
        1.0
      ]
    ],
    "reversion": [
      [
        1.3418488464954041,
        0.022276120056857647,
        0.5741480719037458,
        1.0740346297880565,
        1.0740346297880565,
        0.0
      ],
      [
        0.022276120056857647,
        1.0017813047805029,
        0.04535117924247317,
        0.07452910941695275,
        0.07452910941695275,
        0.0
      ],
      [
        0.5741480719037458,
        0.04535117924247317,
        2.2269436869637147,
        1.9229509656952952,
        1.9229509656952952,
        0.0
      ],
      [
        1.0740346297880565,
        0.07452910941695275,
        1.9229509656952952,
        4.452287129405576,
        3.4522871294055912,
        0.0
      ],
      [
        1.0740346297880565,
        0.07452910941695275,
        1.9229509656952952,
        3.4522871294055912,
        4.452287129405576,
        0.0
      ],
      [
        0.0,
        0.0,
        0.0,
        0.0,
        0.0,
        1.0
      ]
    ],
    "vwap": [
      [
        1.0,
        0.0,
        0.0,
        0.0,
        0.0,
        0.0
      ],
      [
        0.0,
        1.0,
        0.0,
        0.0,
        0.0,
        0.0
      ],
      [
        0.0,
        0.0,
        1.0,
        0.0,
        0.0,
        0.0
      ],
      [
        0.0,
        0.0,
        0.0,
        1.0,
        0.0,
        0.0
      ],
      [
        0.0,
        0.0,
        0.0,
        0.0,
        1.0,
        0.0
      ],
      [
        0.0,
        0.0,
        0.0,
        0.0,
        0.0,
        1.0
      ]
    ]
  },
  "b": {
    "trend": [
      [
        0.07084870304126482
      ],
      [
        0.042577006957305055
      ],
      [
        0.7749684176750348
      ],
      [
        0.16609432706883231
      ],
      [
        0.16609432706883231
      ],
      [
        0.0
      ]
    ],
    "breakout": [
      [
        0.0
      ],
      [
        0.0
      ],
      [
        0.0
      ],
      [
        0.0
      ],
      [
        0.0
      ],
      [
        0.0
      ]
    ],
    "reversion": [
      [
        -0.00977155107473499
      ],
      [
        -0.0707440134942542
      ],
      [
        -1.948499303293559
      ],
      [
        -1.227039618285033
      ],
      [
        -1.227039618285033
      ],
      [
        0.0
      ]
    ],
    "vwap": [
      [
        0.0
      ],
      [
        0.0
      ],
      [
        0.0
      ],
      [
        0.0
      ],
      [
        0.0
      ],
      [
        0.0
      ]
    ]
  },
  "counts": {
    "trend": 1,
    "breakout": 0,
    "reversion": 8,
    "vwap": 0
  },
  "reward_sum": {
    "trend": 0.16609432706883231,
    "breakout": 0.0,
    "reversion": -1.227039618285033,
    "vwap": 0.0
  },
  "disabled_until": {
    "trend": 0.0,
    "breakout": 0.0,
    "reversion": 0.0,
    "vwap": 0.0
  },
  "_snapshot_time": "2025-09-22T15:05:00.574531"
}