{
  "arms": [
    "trend",
    "breakout",
    "reversion",
    "vwap"
  ],
  "d": 6,
  "alpha": 0.6,
  "alpha_base": 0.6,
  "alpha_boost_until": 0.0,
  "A": {
    "trend": [
      [
        1.0378947008897828,
        0.022773076629075205,
        0.41450577252938553,
        0.08883853300881756,
        0.08883853300881756,
        0.0
      ],
      [
        0.022773076629075205,
        1.0136856343229113,
        0.24910004563594756,
        0.05338811686912816,
        0.05338811686912816,
        0.0
      ],
      [
        0.41450577252938553,
        0.24910004563594756,
        5.534012181806244,
        0.971747602977513,
        0.971747602977513,
        0.0
      ],
      [
        0.08883853300881756,
        0.05338811686912816,
        0.971747602977513,
        1.2082688281433702,
        0.20826882814336947,
        0.0
      ],
      [
        0.08883853300881756,
        0.05338811686912816,
        0.971747602977513,
        0.20826882814336947,
        1.2082688281433702,
        0.0
      ],
      [
        0.0,
        0.0,
        0.0,
        0.0,
        0.0,
        1.0
      ]
    ],
    "breakout": [
      [
        1.0,
        0.0,
        0.0,
        0.0,
        0.0,
        0.0
      ],
      [
        0.0,
        1.0,
        0.0,
        0.0,
        0.0,
        0.0
      ],
      [
        0.0,
        0.0,
        1.0,
        0.0,
        0.0,
        0.0
      ],
      [
        0.0,
        0.0,
        0.0,
        1.0,
        0.0,
        0.0
      ],
      [
        0.0,
        0.0,
        0.0,
        0.0,
        1.0,
        0.0
      ],
      [
        0.0,
        0.0,
        0.0,
        0.0,
        0.0,
        1.0
      ]
    ],
    "reversion": [
      [
        1.437021861171039,
        0.028477941484141556,
        0.7339947510237129,
        1.373053083794544,
        1.373053083794544,
        0.0
      ],
      [
        0.028477941484141556,
        1.0022772319944004,
        0.05797725211605593,
        0.0952785140062026,
        0.0952785140062026,
        0.0
      ],
      [
        0.7339947510237129,
        0.05797725211605593,
        2.5685330494047682,
        2.4583134288273816,
        2.4583134288273816,
        0.0
      ],
      [
        1.373053083794544,
        0.0952785140062026,
        2.4583134288273816,
        5.41342705133255,
        4.4134270513325635,
        0.0
      ],
      [
        1.373053083794544,
        0.0952785140062026,
        2.4583134288273816,
        4.4134270513325635,
        5.41342705133255,
        0.0
      ],
      [
        0.0,
        0.0,
        0.0,
        0.0,
        0.0,
        1.0
      ]
    ],
    "vwap": [
      [
        1.0,
        0.0,
        0.0,
        0.0,
        0.0,
        0.0
      ],
      [
        0.0,
        1.0,
        0.0,
        0.0,
        0.0,
        0.0
      ],
      [
        0.0,
        0.0,
        1.0,
        0.0,
        0.0,
        0.0
      ],
      [
        0.0,
        0.0,
        0.0,
        1.0,
        0.0,
        0.0
      ],
      [
        0.0,
        0.0,
        0.0,
        0.0,
        1.0,
        0.0
      ],
      [
        0.0,
        0.0,
        0.0,
        0.0,
        0.0,
        1.0
      ]
    ]
  },
  "b": {
    "trend": [
      [
        0.09057345777840418
      ],
      [
        0.0544307316357255
      ],
      [
        0.990724829740418
      ],
      [
        0.2123361031921692
      ],
      [
        0.2123361031921692
      ],
      [
        0.0
      ]
    ],
    "breakout": [
      [
        0.0
      ],
      [
        0.0
      ],
      [
        0.0
      ],
      [
        0.0
      ],
      [
        0.0
      ],
      [
        0.0
      ]
    ],
    "reversion": [
      [
        -0.012492016518376482
      ],
      [
        -0.09043962195842484
      ],
      [
        -2.4909745951922337
      ],
      [
        -1.5686556886501997
      ],
      [
        -1.5686556886501997
      ],
      [
        0.0
      ]
    ],
    "vwap": [
      [
        0.0
      ],
      [
        0.0
      ],
      [
        0.0
      ],
      [
        0.0
      ],
      [
        0.0
      ],
      [
        0.0
      ]
    ]
  },
  "counts": {
    "trend": 1,
    "breakout": 0,
    "reversion": 8,
    "vwap": 0
  },
  "reward_sum": {
    "trend": 0.2123361031921692,
    "breakout": 0.0,
    "reversion": -1.5686556886501997,
    "vwap": 0.0
  },
  "disabled_until": {
    "trend": 0.0,
    "breakout": 0.0,
    "reversion": 0.0,
    "vwap": 0.0
  },
  "_snapshot_time": "2025-09-22T06:02:00.864872"
}