{
  "arms": [
    "trend",
    "breakout",
    "reversion",
    "vwap"
  ],
  "d": 6,
  "alpha": 0.6,
  "alpha_base": 0.6,
  "alpha_boost_until": 0.0,
  "A": {
    "trend": [
      [
        1.016739429205903,
        0.010059673122681297,
        0.18310185518747094,
        0.039243121046992624,
        0.039243121046992624,
        0.0
      ],
      [
        0.010059673122681297,
        1.0060454285561606,
        0.11003629745588688,
        0.023583418836488863,
        0.023583418836488863,
        0.0
      ],
      [
        0.18310185518747094,
        0.11003629745588688,
        3.0028334873731,
        0.4292552738009135,
        0.4292552738009135,
        0.0
      ],
      [
        0.039243121046992624,
        0.023583418836488863,
        0.4292552738009135,
        1.0919997050416668,
        0.09199970504166631,
        0.0
      ],
      [
        0.039243121046992624,
        0.023583418836488863,
        0.4292552738009135,
        0.09199970504166631,
        1.0919997050416668,
        0.0
      ],
      [
        0.0,
        0.0,
        0.0,
        0.0,
        0.0,
        1.0
      ]
    ],
    "breakout": [
      [
        1.0,
        0.0,
        0.0,
        0.0,
        0.0,
        0.0
      ],
      [
        0.0,
        1.0,
        0.0,
        0.0,
        0.0,
        0.0
      ],
      [
        0.0,
        0.0,
        1.0,
        0.0,
        0.0,
        0.0
      ],
      [
        0.0,
        0.0,
        0.0,
        1.0,
        0.0,
        0.0
      ],
      [
        0.0,
        0.0,
        0.0,
        0.0,
        1.0,
        0.0
      ],
      [
        0.0,
        0.0,
        0.0,
        0.0,
        0.0,
        1.0
      ]
    ],
    "reversion": [
      [
        1.1930480076299195,
        0.012579713633051754,
        0.324231432991153,
        0.6065260934233092,
        0.6065260934233092,
        0.0
      ],
      [
        0.012579713633051754,
        1.0010059338868134,
        0.025610602130683207,
        0.04208788834853774,
        0.04208788834853774,
        0.0
      ],
      [
        0.324231432991153,
        0.025610602130683207,
        1.6928765057150361,
        1.0859239588000091,
        1.0859239588000091,
        0.0
      ],
      [
        0.6065260934233092,
        0.04208788834853774,
        1.0859239588000091,
        2.949566771778229,
        1.9495667717782452,
        0.0
      ],
      [
        0.6065260934233092,
        0.04208788834853774,
        1.0859239588000091,
        1.9495667717782452,
        2.949566771778229,
        0.0
      ],
      [
        0.0,
        0.0,
        0.0,
        0.0,
        0.0,
        1.0
      ]
    ],
    "vwap": [
      [
        1.0,
        0.0,
        0.0,
        0.0,
        0.0,
        0.0
      ],
      [
        0.0,
        1.0,
        0.0,
        0.0,
        0.0,
        0.0
      ],
      [
        0.0,
        0.0,
        1.0,
        0.0,
        0.0,
        0.0
      ],
      [
        0.0,
        0.0,
        0.0,
        1.0,
        0.0,
        0.0
      ],
      [
        0.0,
        0.0,
        0.0,
        0.0,
        1.0,
        0.0
      ],
      [
        0.0,
        0.0,
        0.0,
        0.0,
        0.0,
        1.0
      ]
    ]
  },
  "b": {
    "trend": [
      [
        0.04000949865853601
      ],
      [
        0.024043978642073454
      ],
      [
        0.43763818582985264
      ],
      [
        0.09379636423521266
      ],
      [
        0.09379636423521266
      ],
      [
        0.0
      ]
    ],
    "breakout": [
      [
        0.0
      ],
      [
        0.0
      ],
      [
        0.0
      ],
      [
        0.0
      ],
      [
        0.0
      ],
      [
        0.0
      ]
    ],
    "reversion": [
      [
        -0.005518165369784115
      ],
      [
        -0.03995037864488885
      ],
      [
        -1.100351550766938
      ],
      [
        -0.6929306798058382
      ],
      [
        -0.6929306798058382
      ],
      [
        0.0
      ]
    ],
    "vwap": [
      [
        0.0
      ],
      [
        0.0
      ],
      [
        0.0
      ],
      [
        0.0
      ],
      [
        0.0
      ],
      [
        0.0
      ]
    ]
  },
  "counts": {
    "trend": 1,
    "breakout": 0,
    "reversion": 8,
    "vwap": 0
  },
  "reward_sum": {
    "trend": 0.09379636423521266,
    "breakout": 0.0,
    "reversion": -0.6929306798058382,
    "vwap": 0.0
  },
  "disabled_until": {
    "trend": 0.0,
    "breakout": 0.0,
    "reversion": 0.0,
    "vwap": 0.0
  },
  "_snapshot_time": "2025-09-23T13:17:00.008690"
}