{
  "arms": [
    "trend",
    "breakout",
    "reversion",
    "vwap"
  ],
  "d": 6,
  "alpha": 0.6,
  "alpha_base": 0.6,
  "alpha_boost_until": 0.0,
  "A": {
    "trend": [
      [
        1.003702439319548,
        0.002225005933779064,
        0.040498603613622126,
        0.008679822507621955,
        0.008679822507621955,
        0.0
      ],
      [
        0.002225005933779064,
        1.001337132354664,
        0.024337909570680837,
        0.005216198002664174,
        0.005216198002664174,
        0.0
      ],
      [
        0.040498603613622126,
        0.024337909570680837,
        1.442988190513761,
        0.09494299861091496,
        0.09494299861091496,
        0.0
      ],
      [
        0.008679822507621955,
        0.005216198002664174,
        0.09494299861091496,
        1.020348562734319,
        0.020348562734319765,
        0.0
      ],
      [
        0.008679822507621955,
        0.005216198002664174,
        0.09494299861091496,
        0.020348562734319765,
        1.020348562734319,
        0.0
      ],
      [
        0.0,
        0.0,
        0.0,
        0.0,
        0.0,
        1.0
      ]
    ],
    "breakout": [
      [
        1.0,
        0.0,
        0.0,
        0.0,
        0.0,
        0.0
      ],
      [
        0.0,
        1.0,
        0.0,
        0.0,
        0.0,
        0.0
      ],
      [
        0.0,
        0.0,
        1.0,
        0.0,
        0.0,
        0.0
      ],
      [
        0.0,
        0.0,
        0.0,
        1.0,
        0.0,
        0.0
      ],
      [
        0.0,
        0.0,
        0.0,
        0.0,
        1.0,
        0.0
      ],
      [
        0.0,
        0.0,
        0.0,
        0.0,
        0.0,
        1.0
      ]
    ],
    "reversion": [
      [
        1.0988545790424595,
        0.009181990246368737,
        0.37245445115414505,
        0.31766855207841854,
        0.31766855207841854,
        0.0
      ],
      [
        0.009181990246368737,
        1.0009517976702413,
        0.03993726752610681,
        0.030222763073752854,
        0.030222763073752854,
        0.0
      ],
      [
        0.37245445115414505,
        0.03993726752610681,
        2.7638507812979585,
        1.2229985810960418,
        1.2229985810960418,
        0.0
      ],
      [
        0.31766855207841854,
        0.030222763073752854,
        1.2229985810960418,
        2.030934495389551,
        1.0309344953895674,
        0.0
      ],
      [
        0.31766855207841854,
        0.030222763073752854,
        1.2229985810960418,
        1.0309344953895674,
        2.030934495389551,
        0.0
      ],
      [
        0.0,
        0.0,
        0.0,
        0.0,
        0.0,
        1.0
      ]
    ],
    "vwap": [
      [
        1.0,
        0.0,
        0.0,
        0.0,
        0.0,
        0.0
      ],
      [
        0.0,
        1.0,
        0.0,
        0.0,
        0.0,
        0.0
      ],
      [
        0.0,
        0.0,
        1.0,
        0.0,
        0.0,
        0.0
      ],
      [
        0.0,
        0.0,
        0.0,
        1.0,
        0.0,
        0.0
      ],
      [
        0.0,
        0.0,
        0.0,
        0.0,
        1.0,
        0.0
      ],
      [
        0.0,
        0.0,
        0.0,
        0.0,
        0.0,
        1.0
      ]
    ]
  },
  "b": {
    "trend": [
      [
        0.00884933047397473
      ],
      [
        0.00531806496074409
      ],
      [
        0.09679713728711936
      ],
      [
        0.02074594914219485
      ],
      [
        0.02074594914219485
      ],
      [
        0.0
      ]
    ],
    "breakout": [
      [
        0.0
      ],
      [
        0.0
      ],
      [
        0.0
      ],
      [
        0.0
      ],
      [
        0.0
      ],
      [
        0.0
      ]
    ],
    "reversion": [
      [
        -0.20893389846321703
      ],
      [
        -0.032507468697747205
      ],
      [
        -1.3557738745613772
      ],
      [
        -0.83206508653665
      ],
      [
        -0.83206508653665
      ],
      [
        0.0
      ]
    ],
    "vwap": [
      [
        0.0
      ],
      [
        0.0
      ],
      [
        0.0
      ],
      [
        0.0
      ],
      [
        0.0
      ],
      [
        0.0
      ]
    ]
  },
  "counts": {
    "trend": 1,
    "breakout": 0,
    "reversion": 9,
    "vwap": 0
  },
  "reward_sum": {
    "trend": 0.02074594914219485,
    "breakout": 0.0,
    "reversion": -0.83206508653665,
    "vwap": 0.0
  },
  "disabled_until": {
    "trend": 0.0,
    "breakout": 0.0,
    "reversion": 0.0,
    "vwap": 0.0
  },
  "_snapshot_time": "2025-09-26T05:00:00.386795"
}