{
  "arms": [
    "trend",
    "breakout",
    "reversion",
    "vwap"
  ],
  "d": 6,
  "alpha": 0.6,
  "alpha_base": 0.6,
  "alpha_boost_until": 0.0,
  "A": {
    "trend": [
      [
        1.0745525637491857,
        0.04480286708403421,
        0.8154825689423374,
        0.17477748181169972,
        0.17477748181169972,
        0.0
      ],
      [
        0.04480286708403421,
        1.026924585795637,
        0.4900697616327049,
        0.10503370901148049,
        0.10503370901148049,
        0.0
      ],
      [
        0.8154825689423374,
        0.4900697616327049,
        9.920039590939782,
        1.9117785183160105,
        1.9117785183160105,
        0.0
      ],
      [
        0.17477748181169972,
        0.10503370901148049,
        1.9117785183160105,
        1.409740009092212,
        0.40974000909221303,
        0.0
      ],
      [
        0.17477748181169972,
        0.10503370901148049,
        1.9117785183160105,
        0.40974000909221303,
        1.409740009092212,
        0.0
      ],
      [
        0.0,
        0.0,
        0.0,
        0.0,
        0.0,
        1.0
      ]
    ],
    "breakout": [
      [
        1.0,
        0.0,
        0.0,
        0.0,
        0.0,
        0.0
      ],
      [
        0.0,
        1.0,
        0.0,
        0.0,
        0.0,
        0.0
      ],
      [
        0.0,
        0.0,
        1.0,
        0.0,
        0.0,
        0.0
      ],
      [
        0.0,
        0.0,
        0.0,
        1.0,
        0.0,
        0.0
      ],
      [
        0.0,
        0.0,
        0.0,
        0.0,
        1.0,
        0.0
      ],
      [
        0.0,
        0.0,
        0.0,
        0.0,
        0.0,
        1.0
      ]
    ],
    "reversion": [
      [
        1.0606378456283343,
        0.006147461877503119,
        0.17327973455377774,
        0.20844383219805074,
        0.20844383219805074,
        0.0
      ],
      [
        0.006147461877503119,
        1.0006672030728883,
        0.017919493022793,
        0.02092036929937601,
        0.02092036929937601,
        0.0
      ],
      [
        0.17327973455377774,
        0.017919493022793,
        1.4979912264204711,
        0.5939564260526135,
        0.5939564260526135,
        0.0
      ],
      [
        0.20844383219805074,
        0.02092036929937601,
        0.5939564260526135,
        1.7175486838020957,
        0.7175486838021046,
        0.0
      ],
      [
        0.20844383219805074,
        0.02092036929937601,
        0.5939564260526135,
        0.7175486838021046,
        1.7175486838020957,
        0.0
      ],
      [
        0.0,
        0.0,
        0.0,
        0.0,
        0.0,
        1.0
      ]
    ],
    "vwap": [
      [
        1.0,
        0.0,
        0.0,
        0.0,
        0.0,
        0.0
      ],
      [
        0.0,
        1.0,
        0.0,
        0.0,
        0.0,
        0.0
      ],
      [
        0.0,
        0.0,
        1.0,
        0.0,
        0.0,
        0.0
      ],
      [
        0.0,
        0.0,
        0.0,
        1.0,
        0.0,
        0.0
      ],
      [
        0.0,
        0.0,
        0.0,
        0.0,
        1.0,
        0.0
      ],
      [
        0.0,
        0.0,
        0.0,
        0.0,
        0.0,
        1.0
      ]
    ]
  },
  "b": {
    "trend": [
      [
        0.17819070546692378
      ],
      [
        0.10708490883698295
      ],
      [
        1.9491135776990922
      ],
      [
        0.41774180816282824
      ],
      [
        0.41774180816282824
      ],
      [
        0.0
      ]
    ],
    "breakout": [
      [
        0.0
      ],
      [
        0.0
      ],
      [
        0.0
      ],
      [
        0.0
      ],
      [
        0.0
      ],
      [
        0.0
      ]
    ],
    "reversion": [
      [
        0.08310243733920837
      ],
      [
        0.009041950652749493
      ],
      [
        0.2424197615877822
      ],
      [
        0.28269640637212046
      ],
      [
        0.28269640637212046
      ],
      [
        0.0
      ]
    ],
    "vwap": [
      [
        0.0
      ],
      [
        0.0
      ],
      [
        0.0
      ],
      [
        0.0
      ],
      [
        0.0
      ],
      [
        0.0
      ]
    ]
  },
  "counts": {
    "trend": 1,
    "breakout": 0,
    "reversion": 2,
    "vwap": 0
  },
  "reward_sum": {
    "trend": 0.41774180816282824,
    "breakout": 0.0,
    "reversion": 0.28269640637212046,
    "vwap": 0.0
  },
  "disabled_until": {
    "trend": 0.0,
    "breakout": 0.0,
    "reversion": 0.0,
    "vwap": 0.0
  },
  "_snapshot_time": "2025-09-19T01:00:00.155132"
}