{
  "arms": [
    "trend",
    "breakout",
    "reversion",
    "vwap"
  ],
  "d": 6,
  "alpha": 0.6,
  "alpha_base": 0.6,
  "alpha_boost_until": 0.0,
  "A": {
    "trend": [
      [
        1.1188272573838645,
        0.07141004347536886,
        1.2997749807473762,
        0.27857296612913884,
        0.27857296612913884,
        0.0
      ],
      [
        0.07141004347536886,
        1.0429143482852683,
        0.7811085598275502,
        0.16741030686319414,
        0.16741030686319414,
        0.0
      ],
      [
        1.2997749807473762,
        0.7811085598275502,
        15.2174029576337,
        3.047130596623635,
        3.047130596623635,
        0.0
      ],
      [
        0.27857296612913884,
        0.16741030686319414,
        3.047130596623635,
        1.6530732019446988,
        0.653073201944699,
        0.0
      ],
      [
        0.27857296612913884,
        0.16741030686319414,
        3.047130596623635,
        0.653073201944699,
        1.6530732019446988,
        0.0
      ],
      [
        0.0,
        0.0,
        0.0,
        0.0,
        0.0,
        1.0
      ]
    ],
    "breakout": [
      [
        1.0,
        0.0,
        0.0,
        0.0,
        0.0,
        0.0
      ],
      [
        0.0,
        1.0,
        0.0,
        0.0,
        0.0,
        0.0
      ],
      [
        0.0,
        0.0,
        1.0,
        0.0,
        0.0,
        0.0
      ],
      [
        0.0,
        0.0,
        0.0,
        1.0,
        0.0,
        0.0
      ],
      [
        0.0,
        0.0,
        0.0,
        0.0,
        1.0,
        0.0
      ],
      [
        0.0,
        0.0,
        0.0,
        0.0,
        0.0,
        1.0
      ]
    ],
    "reversion": [
      [
        1.0966489752642437,
        0.009798268470459282,
        0.27618574844053145,
        0.33223282544655836,
        0.33223282544655836,
        0.0
      ],
      [
        0.009798268470459282,
        1.0010634364169704,
        0.02856138142708777,
        0.03334439464302906,
        0.03334439464302906,
        0.0
      ],
      [
        0.27618574844053145,
        0.02856138142708777,
        1.7937343621857318,
        0.9466906242258438,
        0.9466906242258438,
        0.0
      ],
      [
        0.33223282544655836,
        0.03334439464302906,
        0.9466906242258438,
        2.1436808856427234,
        1.1436808856427347,
        0.0
      ],
      [
        0.33223282544655836,
        0.03334439464302906,
        0.9466906242258438,
        1.1436808856427347,
        2.1436808856427234,
        0.0
      ],
      [
        0.0,
        0.0,
        0.0,
        0.0,
        0.0,
        1.0
      ]
    ],
    "vwap": [
      [
        1.0,
        0.0,
        0.0,
        0.0,
        0.0,
        0.0
      ],
      [
        0.0,
        1.0,
        0.0,
        0.0,
        0.0,
        0.0
      ],
      [
        0.0,
        0.0,
        1.0,
        0.0,
        0.0,
        0.0
      ],
      [
        0.0,
        0.0,
        0.0,
        1.0,
        0.0,
        0.0
      ],
      [
        0.0,
        0.0,
        0.0,
        0.0,
        1.0,
        0.0
      ],
      [
        0.0,
        0.0,
        0.0,
        0.0,
        0.0,
        1.0
      ]
    ]
  },
  "b": {
    "trend": [
      [
        0.2840132083608144
      ],
      [
        0.17067965720278425
      ],
      [
        3.1066379091512184
      ],
      [
        0.6658270468814976
      ],
      [
        0.6658270468814976
      ],
      [
        0.0
      ]
    ],
    "breakout": [
      [
        0.0
      ],
      [
        0.0
      ],
      [
        0.0
      ],
      [
        0.0
      ],
      [
        0.0
      ],
      [
        0.0
      ]
    ],
    "reversion": [
      [
        0.13245466305027453
      ],
      [
        0.014411713607611402
      ],
      [
        0.3863861141252953
      ],
      [
        0.4505819377920474
      ],
      [
        0.4505819377920474
      ],
      [
        0.0
      ]
    ],
    "vwap": [
      [
        0.0
      ],
      [
        0.0
      ],
      [
        0.0
      ],
      [
        0.0
      ],
      [
        0.0
      ],
      [
        0.0
      ]
    ]
  },
  "counts": {
    "trend": 1,
    "breakout": 0,
    "reversion": 2,
    "vwap": 0
  },
  "reward_sum": {
    "trend": 0.6658270468814976,
    "breakout": 0.0,
    "reversion": 0.4505819377920474,
    "vwap": 0.0
  },
  "disabled_until": {
    "trend": 0.0,
    "breakout": 0.0,
    "reversion": 0.0,
    "vwap": 0.0
  },
  "_snapshot_time": "2025-09-18T07:26:00.515731"
}