{
  "arms": [
    "trend",
    "breakout",
    "reversion",
    "vwap"
  ],
  "d": 6,
  "alpha": 0.6,
  "alpha_base": 0.6,
  "alpha_boost_until": 0.0,
  "A": {
    "trend": [
      [
        1.0220531790732599,
        0.013253007020975639,
        0.24122554905704718,
        0.05170042330581869,
        0.05170042330581869,
        0.0
      ],
      [
        0.013253007020975639,
        1.0079644841460067,
        0.14496612414343893,
        0.031069718827532726,
        0.031069718827532726,
        0.0
      ],
      [
        0.24122554905704718,
        0.14496612414343893,
        3.6386112099560948,
        0.5655176950678098,
        0.5655176950678098,
        0.0
      ],
      [
        0.05170042330581869,
        0.031069718827532726,
        0.5655176950678098,
        1.1212040114997213,
        0.12120401149972035,
        0.0
      ],
      [
        0.05170042330581869,
        0.031069718827532726,
        0.5655176950678098,
        0.12120401149972035,
        1.1212040114997213,
        0.0
      ],
      [
        0.0,
        0.0,
        0.0,
        0.0,
        0.0,
        1.0
      ]
    ],
    "breakout": [
      [
        1.0,
        0.0,
        0.0,
        0.0,
        0.0,
        0.0
      ],
      [
        0.0,
        1.0,
        0.0,
        0.0,
        0.0,
        0.0
      ],
      [
        0.0,
        0.0,
        1.0,
        0.0,
        0.0,
        0.0
      ],
      [
        0.0,
        0.0,
        0.0,
        1.0,
        0.0,
        0.0
      ],
      [
        0.0,
        0.0,
        0.0,
        0.0,
        1.0,
        0.0
      ],
      [
        0.0,
        0.0,
        0.0,
        0.0,
        0.0,
        1.0
      ]
    ],
    "reversion": [
      [
        1.2543289994916607,
        0.016573007002066553,
        0.4271551774544553,
        0.799061209694806,
        0.799061209694806,
        0.0
      ],
      [
        0.016573007002066553,
        1.0013252566660946,
        0.03374040942583729,
        0.05544823106861904,
        0.05544823106861904,
        0.0
      ],
      [
        0.4271551774544553,
        0.03374040942583729,
        1.912822621860986,
        1.430638717054675,
        1.430638717054675,
        0.0
      ],
      [
        0.799061209694806,
        0.05544823106861904,
        1.430638717054675,
        3.568435554429924,
        2.5684355544299398,
        0.0
      ],
      [
        0.799061209694806,
        0.05544823106861904,
        1.430638717054675,
        2.5684355544299398,
        3.568435554429924,
        0.0
      ],
      [
        0.0,
        0.0,
        0.0,
        0.0,
        0.0,
        1.0
      ]
    ],
    "vwap": [
      [
        1.0,
        0.0,
        0.0,
        0.0,
        0.0,
        0.0
      ],
      [
        0.0,
        1.0,
        0.0,
        0.0,
        0.0,
        0.0
      ],
      [
        0.0,
        0.0,
        1.0,
        0.0,
        0.0,
        0.0
      ],
      [
        0.0,
        0.0,
        0.0,
        1.0,
        0.0,
        0.0
      ],
      [
        0.0,
        0.0,
        0.0,
        0.0,
        1.0,
        0.0
      ],
      [
        0.0,
        0.0,
        0.0,
        0.0,
        0.0,
        1.0
      ]
    ]
  },
  "b": {
    "trend": [
      [
        0.05271007916069959
      ],
      [
        0.03167647833776271
      ],
      [
        0.57656167140987
      ],
      [
        0.12357100062709897
      ],
      [
        0.12357100062709897
      ],
      [
        0.0
      ]
    ],
    "breakout": [
      [
        0.0
      ],
      [
        0.0
      ],
      [
        0.0
      ],
      [
        0.0
      ],
      [
        0.0
      ],
      [
        0.0
      ]
    ],
    "reversion": [
      [
        -0.007269846991724206
      ],
      [
        -0.052632192141271565
      ],
      [
        -1.4496461912838696
      ],
      [
        -0.9128939929281175
      ],
      [
        -0.9128939929281175
      ],
      [
        0.0
      ]
    ],
    "vwap": [
      [
        0.0
      ],
      [
        0.0
      ],
      [
        0.0
      ],
      [
        0.0
      ],
      [
        0.0
      ],
      [
        0.0
      ]
    ]
  },
  "counts": {
    "trend": 1,
    "breakout": 0,
    "reversion": 8,
    "vwap": 0
  },
  "reward_sum": {
    "trend": 0.12357100062709897,
    "breakout": 0.0,
    "reversion": -0.9128939929281175,
    "vwap": 0.0
  },
  "disabled_until": {
    "trend": 0.0,
    "breakout": 0.0,
    "reversion": 0.0,
    "vwap": 0.0
  },
  "_snapshot_time": "2025-09-23T03:59:00.559798"
}