{
  "arms": [
    "trend",
    "breakout",
    "reversion",
    "vwap"
  ],
  "d": 6,
  "alpha": 0.6,
  "alpha_base": 0.6,
  "alpha_boost_until": 0.0,
  "A": {
    "trend": [
      [
        1.0064908699227186,
        0.0039007321516889644,
        0.07099945344678303,
        0.015216886486648118,
        0.015216886486648118,
        0.0
      ],
      [
        0.0039007321516889644,
        1.0023441713515109,
        0.042667601432419475,
        0.009144690784716041,
        0.009144690784716041,
        0.0
      ],
      [
        0.07099945344678303,
        0.042667601432419475,
        1.7766173794515052,
        0.16644773914393127,
        0.16644773914393127,
        0.0
      ],
      [
        0.015216886486648118,
        0.009144690784716041,
        0.16644773914393127,
        1.0356737443677755,
        0.035673744367776934,
        0.0
      ],
      [
        0.015216886486648118,
        0.009144690784716041,
        0.16644773914393127,
        0.035673744367776934,
        1.0356737443677755,
        0.0
      ],
      [
        0.0,
        0.0,
        0.0,
        0.0,
        0.0,
        1.0
      ]
    ],
    "breakout": [
      [
        1.0,
        0.0,
        0.0,
        0.0,
        0.0,
        0.0
      ],
      [
        0.0,
        1.0,
        0.0,
        0.0,
        0.0,
        0.0
      ],
      [
        0.0,
        0.0,
        1.0,
        0.0,
        0.0,
        0.0
      ],
      [
        0.0,
        0.0,
        0.0,
        1.0,
        0.0,
        0.0
      ],
      [
        0.0,
        0.0,
        0.0,
        0.0,
        1.0,
        0.0
      ],
      [
        0.0,
        0.0,
        0.0,
        0.0,
        0.0,
        1.0
      ]
    ],
    "reversion": [
      [
        1.0748561668950947,
        0.004877901381989032,
        0.12572376456300538,
        0.23518615412267027,
        0.23518615412267027,
        0.0
      ],
      [
        0.004877901381989032,
        1.0003900602541373,
        0.009930750029046927,
        0.01631997156127057,
        0.01631997156127057,
        0.0
      ],
      [
        0.12572376456300538,
        0.009930750029046927,
        1.2686693324953846,
        0.421077151187943,
        0.421077151187943,
        0.0
      ],
      [
        0.23518615412267027,
        0.01631997156127057,
        0.421077151187943,
        1.755962713280764,
        0.755962713280777,
        0.0
      ],
      [
        0.23518615412267027,
        0.01631997156127057,
        0.421077151187943,
        0.755962713280777,
        1.755962713280764,
        0.0
      ],
      [
        0.0,
        0.0,
        0.0,
        0.0,
        0.0,
        1.0
      ]
    ],
    "vwap": [
      [
        1.0,
        0.0,
        0.0,
        0.0,
        0.0,
        0.0
      ],
      [
        0.0,
        1.0,
        0.0,
        0.0,
        0.0,
        0.0
      ],
      [
        0.0,
        0.0,
        1.0,
        0.0,
        0.0,
        0.0
      ],
      [
        0.0,
        0.0,
        0.0,
        1.0,
        0.0,
        0.0
      ],
      [
        0.0,
        0.0,
        0.0,
        0.0,
        1.0,
        0.0
      ],
      [
        0.0,
        0.0,
        0.0,
        0.0,
        0.0,
        1.0
      ]
    ]
  },
  "b": {
    "trend": [
      [
        0.015514056558997829
      ],
      [
        0.009323277148259887
      ],
      [
        0.16969829153040353
      ],
      [
        0.03637041574033799
      ],
      [
        0.03637041574033799
      ],
      [
        0.0
      ]
    ],
    "breakout": [
      [
        0.0
      ],
      [
        0.0
      ],
      [
        0.0
      ],
      [
        0.0
      ],
      [
        0.0
      ],
      [
        0.0
      ]
    ],
    "reversion": [
      [
        -0.0021397201294465432
      ],
      [
        -0.015491132221871819
      ],
      [
        -0.4266715846422427
      ],
      [
        -0.2686903390047617
      ],
      [
        -0.2686903390047617
      ],
      [
        0.0
      ]
    ],
    "vwap": [
      [
        0.0
      ],
      [
        0.0
      ],
      [
        0.0
      ],
      [
        0.0
      ],
      [
        0.0
      ],
      [
        0.0
      ]
    ]
  },
  "counts": {
    "trend": 1,
    "breakout": 0,
    "reversion": 8,
    "vwap": 0
  },
  "reward_sum": {
    "trend": 0.03637041574033799,
    "breakout": 0.0,
    "reversion": -0.2686903390047617,
    "vwap": 0.0
  },
  "disabled_until": {
    "trend": 0.0,
    "breakout": 0.0,
    "reversion": 0.0,
    "vwap": 0.0
  },
  "_snapshot_time": "2025-09-25T07:06:00.257741"
}