{
  "arms": [
    "trend",
    "breakout",
    "reversion",
    "vwap"
  ],
  "d": 6,
  "alpha": 0.6,
  "alpha_base": 0.6,
  "alpha_boost_until": 0.0,
  "A": {
    "trend": [
      [
        1.0308549462371537,
        0.018542488489047635,
        0.33750242187113955,
        0.07233486728783615,
        0.07233486728783615,
        0.0
      ],
      [
        0.018542488489047635,
        1.0111432337857207,
        0.20282436159410447,
        0.04347012740623003,
        0.04347012740623003,
        0.0
      ],
      [
        0.33750242187113955,
        0.20282436159410447,
        4.6917220303472895,
        0.7912246129916916,
        0.7912246129916916,
        0.0
      ],
      [
        0.07233486728783615,
        0.04347012740623003,
        0.7912246129916916,
        1.1695784197882761,
        0.16957841978827493,
        0.0
      ],
      [
        0.07233486728783615,
        0.04347012740623003,
        0.7912246129916916,
        0.16957841978827493,
        1.1695784197882761,
        0.0
      ],
      [
        0.0,
        0.0,
        0.0,
        0.0,
        0.0,
        1.0
      ]
    ],
    "breakout": [
      [
        1.0,
        0.0,
        0.0,
        0.0,
        0.0,
        0.0
      ],
      [
        0.0,
        1.0,
        0.0,
        0.0,
        0.0,
        0.0
      ],
      [
        0.0,
        0.0,
        1.0,
        0.0,
        0.0,
        0.0
      ],
      [
        0.0,
        0.0,
        0.0,
        1.0,
        0.0,
        0.0
      ],
      [
        0.0,
        0.0,
        0.0,
        0.0,
        1.0,
        0.0
      ],
      [
        0.0,
        0.0,
        0.0,
        0.0,
        0.0,
        1.0
      ]
    ],
    "reversion": [
      [
        1.3558356634114226,
        0.023187552159170444,
        0.5976394601202937,
        1.1179789808728011,
        1.1179789808728011,
        0.0
      ],
      [
        0.023187552159170444,
        1.0018541872374482,
        0.04720673220833211,
        0.07757848348685421,
        0.07757848348685421,
        0.0
      ],
      [
        0.5976394601202937,
        0.04720673220833211,
        2.2771443440428865,
        2.0016289058767383,
        2.0016289058767383,
        0.0
      ],
      [
        1.1179789808728011,
        0.07757848348685421,
        2.0016289058767383,
        4.5935381779773365,
        3.593538177977351,
        0.0
      ],
      [
        1.1179789808728011,
        0.07757848348685421,
        2.0016289058767383,
        3.593538177977351,
        4.5935381779773365,
        0.0
      ],
      [
        0.0,
        0.0,
        0.0,
        0.0,
        0.0,
        1.0
      ]
    ],
    "vwap": [
      [
        1.0,
        0.0,
        0.0,
        0.0,
        0.0,
        0.0
      ],
      [
        0.0,
        1.0,
        0.0,
        0.0,
        0.0,
        0.0
      ],
      [
        0.0,
        0.0,
        1.0,
        0.0,
        0.0,
        0.0
      ],
      [
        0.0,
        0.0,
        0.0,
        1.0,
        0.0,
        0.0
      ],
      [
        0.0,
        0.0,
        0.0,
        0.0,
        1.0,
        0.0
      ],
      [
        0.0,
        0.0,
        0.0,
        0.0,
        0.0,
        1.0
      ]
    ]
  },
  "b": {
    "trend": [
      [
        0.07374749251601251
      ],
      [
        0.044319054085002085
      ],
      [
        0.8066764122604805
      ],
      [
        0.1728901111333904
      ],
      [
        0.1728901111333904
      ],
      [
        0.0
      ]
    ],
    "breakout": [
      [
        0.0
      ],
      [
        0.0
      ],
      [
        0.0
      ],
      [
        0.0
      ],
      [
        0.0
      ],
      [
        0.0
      ]
    ],
    "reversion": [
      [
        -0.010171356126789412
      ],
      [
        -0.0736385195743318
      ],
      [
        -2.0282225590411036
      ],
      [
        -1.2772442004142417
      ],
      [
        -1.2772442004142417
      ],
      [
        0.0
      ]
    ],
    "vwap": [
      [
        0.0
      ],
      [
        0.0
      ],
      [
        0.0
      ],
      [
        0.0
      ],
      [
        0.0
      ],
      [
        0.0
      ]
    ]
  },
  "counts": {
    "trend": 1,
    "breakout": 0,
    "reversion": 8,
    "vwap": 0
  },
  "reward_sum": {
    "trend": 0.1728901111333904,
    "breakout": 0.0,
    "reversion": -1.2772442004142417,
    "vwap": 0.0
  },
  "disabled_until": {
    "trend": 0.0,
    "breakout": 0.0,
    "reversion": 0.0,
    "vwap": 0.0
  },
  "_snapshot_time": "2025-09-22T12:59:00.548561"
}