{
  "arms": [
    "trend",
    "breakout",
    "reversion",
    "vwap"
  ],
  "d": 6,
  "alpha": 0.6,
  "alpha_base": 0.6,
  "alpha_boost_until": 0.0,
  "A": {
    "trend": [
      [
        1.0102424194708886,
        0.006155251209293393,
        0.1120352422809286,
        0.024011840676644743,
        0.024011840676644743,
        0.0
      ],
      [
        0.006155251209293393,
        1.0036990398174184,
        0.06732833609219578,
        0.014430077950075518,
        0.014430077950075518,
        0.0
      ],
      [
        0.1120352422809286,
        0.06732833609219578,
        2.225481493764542,
        0.26265008921625843,
        0.26265008921625843,
        0.0
      ],
      [
        0.024011840676644743,
        0.014430077950075518,
        0.26265008921625843,
        1.0562922163380808,
        0.056292216338080694,
        0.0
      ],
      [
        0.024011840676644743,
        0.014430077950075518,
        0.26265008921625843,
        0.056292216338080694,
        1.0562922163380808,
        0.0
      ],
      [
        0.0,
        0.0,
        0.0,
        0.0,
        0.0,
        1.0
      ]
    ],
    "breakout": [
      [
        1.0,
        0.0,
        0.0,
        0.0,
        0.0,
        0.0
      ],
      [
        0.0,
        1.0,
        0.0,
        0.0,
        0.0,
        0.0
      ],
      [
        0.0,
        0.0,
        1.0,
        0.0,
        0.0,
        0.0
      ],
      [
        0.0,
        0.0,
        0.0,
        1.0,
        0.0,
        0.0
      ],
      [
        0.0,
        0.0,
        0.0,
        0.0,
        1.0,
        0.0
      ],
      [
        0.0,
        0.0,
        0.0,
        0.0,
        0.0,
        1.0
      ]
    ],
    "reversion": [
      [
        1.1181210331513278,
        0.00769719817016957,
        0.1983887444125804,
        0.3711174731507328,
        0.3711174731507328,
        0.0
      ],
      [
        0.00769719817016957,
        1.000615504668767,
        0.015670458454578748,
        0.025752479478666445,
        0.025752479478666445,
        0.0
      ],
      [
        0.1983887444125804,
        0.015670458454578748,
        1.423953034823532,
        0.6644485043489011,
        0.6644485043489011,
        0.0
      ],
      [
        0.3711174731507328,
        0.025752479478666445,
        0.6644485043489011,
        2.1928889819023856,
        1.192888981902403,
        0.0
      ],
      [
        0.3711174731507328,
        0.025752479478666445,
        0.6644485043489011,
        1.192888981902403,
        2.1928889819023856,
        0.0
      ],
      [
        0.0,
        0.0,
        0.0,
        0.0,
        0.0,
        1.0
      ]
    ],
    "vwap": [
      [
        1.0,
        0.0,
        0.0,
        0.0,
        0.0,
        0.0
      ],
      [
        0.0,
        1.0,
        0.0,
        0.0,
        0.0,
        0.0
      ],
      [
        0.0,
        0.0,
        1.0,
        0.0,
        0.0,
        0.0
      ],
      [
        0.0,
        0.0,
        0.0,
        1.0,
        0.0,
        0.0
      ],
      [
        0.0,
        0.0,
        0.0,
        0.0,
        1.0,
        0.0
      ],
      [
        0.0,
        0.0,
        0.0,
        0.0,
        0.0,
        1.0
      ]
    ]
  },
  "b": {
    "trend": [
      [
        0.024480767118160225
      ],
      [
        0.01471188246456663
      ],
      [
        0.26777937411192654
      ],
      [
        0.057391545167049404
      ],
      [
        0.057391545167049404
      ],
      [
        0.0
      ]
    ],
    "breakout": [
      [
        0.0
      ],
      [
        0.0
      ],
      [
        0.0
      ],
      [
        0.0
      ],
      [
        0.0
      ],
      [
        0.0
      ]
    ],
    "reversion": [
      [
        -0.003376421246617151
      ],
      [
        -0.0244445931261172
      ],
      [
        -0.6732763710020835
      ],
      [
        -0.423986182534582
      ],
      [
        -0.423986182534582
      ],
      [
        0.0
      ]
    ],
    "vwap": [
      [
        0.0
      ],
      [
        0.0
      ],
      [
        0.0
      ],
      [
        0.0
      ],
      [
        0.0
      ],
      [
        0.0
      ]
    ]
  },
  "counts": {
    "trend": 1,
    "breakout": 0,
    "reversion": 8,
    "vwap": 0
  },
  "reward_sum": {
    "trend": 0.057391545167049404,
    "breakout": 0.0,
    "reversion": -0.423986182534582,
    "vwap": 0.0
  },
  "disabled_until": {
    "trend": 0.0,
    "breakout": 0.0,
    "reversion": 0.0,
    "vwap": 0.0
  },
  "_snapshot_time": "2025-09-24T09:17:00.956640"
}