{
  "arms": [
    "trend",
    "breakout",
    "reversion",
    "vwap"
  ],
  "d": 6,
  "alpha": 0.6,
  "alpha_base": 0.6,
  "alpha_boost_until": 0.0,
  "A": {
    "trend": [
      [
        1.101725908352547,
        0.061132872187397824,
        1.112714317248864,
        0.23848137747053763,
        0.23848137747053763,
        0.0
      ],
      [
        0.061132872187397824,
        1.0367382127366116,
        0.6686931897596542,
        0.14331699568073716,
        0.14331699568073716,
        0.0
      ],
      [
        1.112714317248864,
        0.6686931897596542,
        13.171266611055158,
        2.608594481054398,
        2.608594481054398,
        0.0
      ],
      [
        0.23848137747053763,
        0.14331699568073716,
        2.608594481054398,
        1.5590843898207507,
        0.5590843898207511,
        0.0
      ],
      [
        0.23848137747053763,
        0.14331699568073716,
        2.608594481054398,
        0.5590843898207511,
        1.5590843898207507,
        0.0
      ],
      [
        0.0,
        0.0,
        0.0,
        0.0,
        0.0,
        1.0
      ]
    ],
    "breakout": [
      [
        1.0,
        0.0,
        0.0,
        0.0,
        0.0,
        0.0
      ],
      [
        0.0,
        1.0,
        0.0,
        0.0,
        0.0,
        0.0
      ],
      [
        0.0,
        0.0,
        1.0,
        0.0,
        0.0,
        0.0
      ],
      [
        0.0,
        0.0,
        0.0,
        1.0,
        0.0,
        0.0
      ],
      [
        0.0,
        0.0,
        0.0,
        0.0,
        1.0,
        0.0
      ],
      [
        0.0,
        0.0,
        0.0,
        0.0,
        0.0,
        1.0
      ]
    ],
    "reversion": [
      [
        1.0827394742297,
        0.008388123923618759,
        0.23643772273041036,
        0.28441863169412657,
        0.28441863169412657,
        0.0
      ],
      [
        0.008388123923618759,
        1.0009103890628555,
        0.024450892273716763,
        0.028545545089628144,
        0.028545545089628144,
        0.0
      ],
      [
        0.23643772273041036,
        0.024450892273716763,
        1.6795019153150776,
        0.8104450594791829,
        0.8104450594791829,
        0.0
      ],
      [
        0.28441863169412657,
        0.028545545089628144,
        0.8104450594791829,
        1.979084929828987,
        0.9790849298289984,
        0.0
      ],
      [
        0.28441863169412657,
        0.028545545089628144,
        0.8104450594791829,
        0.9790849298289984,
        1.979084929828987,
        0.0
      ],
      [
        0.0,
        0.0,
        0.0,
        0.0,
        0.0,
        1.0
      ]
    ],
    "vwap": [
      [
        1.0,
        0.0,
        0.0,
        0.0,
        0.0,
        0.0
      ],
      [
        0.0,
        1.0,
        0.0,
        0.0,
        0.0,
        0.0
      ],
      [
        0.0,
        0.0,
        1.0,
        0.0,
        0.0,
        0.0
      ],
      [
        0.0,
        0.0,
        0.0,
        1.0,
        0.0,
        0.0
      ],
      [
        0.0,
        0.0,
        0.0,
        0.0,
        1.0,
        0.0
      ],
      [
        0.0,
        0.0,
        0.0,
        0.0,
        0.0,
        1.0
      ]
    ]
  },
  "b": {
    "trend": [
      [
        0.24313867239477643
      ],
      [
        0.14611582854400146
      ],
      [
        2.6595376363014487
      ],
      [
        0.5700027303576555
      ],
      [
        0.5700027303576555
      ],
      [
        0.0
      ]
    ],
    "breakout": [
      [
        0.0
      ],
      [
        0.0
      ],
      [
        0.0
      ],
      [
        0.0
      ],
      [
        0.0
      ],
      [
        0.0
      ]
    ],
    "reversion": [
      [
        0.1133920887426746
      ],
      [
        0.012337612513558811
      ],
      [
        0.3307783020459079
      ],
      [
        0.3857352085563759
      ],
      [
        0.3857352085563759
      ],
      [
        0.0
      ]
    ],
    "vwap": [
      [
        0.0
      ],
      [
        0.0
      ],
      [
        0.0
      ],
      [
        0.0
      ],
      [
        0.0
      ],
      [
        0.0
      ]
    ]
  },
  "counts": {
    "trend": 1,
    "breakout": 0,
    "reversion": 2,
    "vwap": 0
  },
  "reward_sum": {
    "trend": 0.5700027303576555,
    "breakout": 0.0,
    "reversion": 0.3857352085563759,
    "vwap": 0.0
  },
  "disabled_until": {
    "trend": 0.0,
    "breakout": 0.0,
    "reversion": 0.0,
    "vwap": 0.0
  },
  "_snapshot_time": "2025-09-18T12:34:00.894000"
}