{
  "arms": [
    "trend",
    "breakout",
    "reversion",
    "vwap"
  ],
  "d": 6,
  "alpha": 0.6,
  "alpha_base": 0.6,
  "alpha_boost_until": 0.0,
  "A": {
    "trend": [
      [
        1.142326302376481,
        0.08553195339315504,
        1.556815927625358,
        0.3336630086742483,
        0.3336630086742483,
        0.0
      ],
      [
        0.08553195339315504,
        1.051401005500006,
        0.9355790541873681,
        0.20051704028293246,
        0.20051704028293246,
        0.0
      ],
      [
        1.556815927625358,
        0.9355790541873681,
        18.029008637468134,
        3.649725157542668,
        3.649725157542668,
        0.0
      ],
      [
        0.3336630086742483,
        0.20051704028293246,
        3.649725157542668,
        1.7822236754458705,
        0.7822236754458713,
        0.0
      ],
      [
        0.3336630086742483,
        0.20051704028293246,
        3.649725157542668,
        0.7822236754458713,
        1.7822236754458705,
        0.0
      ],
      [
        0.0,
        0.0,
        0.0,
        0.0,
        0.0,
        1.0
      ]
    ],
    "breakout": [
      [
        1.0,
        0.0,
        0.0,
        0.0,
        0.0,
        0.0
      ],
      [
        0.0,
        1.0,
        0.0,
        0.0,
        0.0,
        0.0
      ],
      [
        0.0,
        0.0,
        1.0,
        0.0,
        0.0,
        0.0
      ],
      [
        0.0,
        0.0,
        0.0,
        1.0,
        0.0,
        0.0
      ],
      [
        0.0,
        0.0,
        0.0,
        0.0,
        1.0,
        0.0
      ],
      [
        0.0,
        0.0,
        0.0,
        0.0,
        0.0,
        1.0
      ]
    ],
    "reversion": [
      [
        1.1157620867525284,
        0.011735954795182461,
        0.3308036995050597,
        0.3979345363593401,
        0.3979345363593401,
        0.0
      ],
      [
        0.011735954795182461,
        1.0012737395137457,
        0.03420962411132568,
        0.03993851662496552,
        0.03993851662496552,
        0.0
      ],
      [
        0.3308036995050597,
        0.03420962411132568,
        1.9507017104174227,
        1.1339063023669924,
        1.1339063023669924,
        0.0
      ],
      [
        0.3979345363593401,
        0.03993851662496552,
        1.1339063023669924,
        2.3698529709084557,
        1.369852970908464,
        0.0
      ],
      [
        0.3979345363593401,
        0.03993851662496552,
        1.1339063023669924,
        1.369852970908464,
        2.3698529709084557,
        0.0
      ],
      [
        0.0,
        0.0,
        0.0,
        0.0,
        0.0,
        1.0
      ]
    ],
    "vwap": [
      [
        1.0,
        0.0,
        0.0,
        0.0,
        0.0,
        0.0
      ],
      [
        0.0,
        1.0,
        0.0,
        0.0,
        0.0,
        0.0
      ],
      [
        0.0,
        0.0,
        1.0,
        0.0,
        0.0,
        0.0
      ],
      [
        0.0,
        0.0,
        0.0,
        1.0,
        0.0,
        0.0
      ],
      [
        0.0,
        0.0,
        0.0,
        0.0,
        1.0,
        0.0
      ],
      [
        0.0,
        0.0,
        0.0,
        0.0,
        0.0,
        1.0
      ]
    ]
  },
  "b": {
    "trend": [
      [
        0.34017910252269484
      ],
      [
        0.2044329309232759
      ],
      [
        3.7210005192978626
      ],
      [
        0.7974996957033584
      ],
      [
        0.7974996957033584
      ],
      [
        0.0
      ]
    ],
    "breakout": [
      [
        0.0
      ],
      [
        0.0
      ],
      [
        0.0
      ],
      [
        0.0
      ],
      [
        0.0
      ],
      [
        0.0
      ]
    ],
    "reversion": [
      [
        0.1586486370174221
      ],
      [
        0.017261745779876075
      ],
      [
        0.46279707302693684
      ],
      [
        0.5396881366739397
      ],
      [
        0.5396881366739397
      ],
      [
        0.0
      ]
    ],
    "vwap": [
      [
        0.0
      ],
      [
        0.0
      ],
      [
        0.0
      ],
      [
        0.0
      ],
      [
        0.0
      ],
      [
        0.0
      ]
    ]
  },
  "counts": {
    "trend": 1,
    "breakout": 0,
    "reversion": 2,
    "vwap": 0
  },
  "reward_sum": {
    "trend": 0.7974996957033584,
    "breakout": 0.0,
    "reversion": 0.5396881366739397,
    "vwap": 0.0
  },
  "disabled_until": {
    "trend": 0.0,
    "breakout": 0.0,
    "reversion": 0.0,
    "vwap": 0.0
  },
  "_snapshot_time": "2025-09-18T01:20:00.256288"
}