{
  "arms": [
    "trend",
    "breakout",
    "reversion",
    "vwap"
  ],
  "d": 6,
  "alpha": 0.6,
  "alpha_base": 0.6,
  "alpha_boost_until": 0.0,
  "A": {
    "trend": [
      [
        1.0212927997230192,
        0.012796051911063035,
        0.2329082481525332,
        0.04991782615055819,
        0.04991782615055819,
        0.0
      ],
      [
        0.012796051911063035,
        1.0076898738841558,
        0.13996778594843715,
        0.02999845501854821,
        0.02999845501854821,
        0.0
      ],
      [
        0.2329082481525332,
        0.13996778594843715,
        3.5476336021155634,
        0.5460190107240805,
        0.5460190107240805,
        0.0
      ],
      [
        0.04991782615055819,
        0.02999845501854821,
        0.5460190107240805,
        1.117024975579115,
        0.11702497557911415,
        0.0
      ],
      [
        0.04991782615055819,
        0.02999845501854821,
        0.5460190107240805,
        0.11702497557911415,
        1.117024975579115,
        0.0
      ],
      [
        0.0,
        0.0,
        0.0,
        0.0,
        0.0,
        1.0
      ]
    ],
    "breakout": [
      [
        1.0,
        0.0,
        0.0,
        0.0,
        0.0,
        0.0
      ],
      [
        0.0,
        1.0,
        0.0,
        0.0,
        0.0,
        0.0
      ],
      [
        0.0,
        0.0,
        1.0,
        0.0,
        0.0,
        0.0
      ],
      [
        0.0,
        0.0,
        0.0,
        1.0,
        0.0,
        0.0
      ],
      [
        0.0,
        0.0,
        0.0,
        0.0,
        1.0,
        0.0
      ],
      [
        0.0,
        0.0,
        0.0,
        0.0,
        0.0,
        1.0
      ]
    ],
    "reversion": [
      [
        1.245559900091597,
        0.01600158044021341,
        0.41242714322384566,
        0.7715100960248982,
        0.7715100960248982,
        0.0
      ],
      [
        0.01600158044021341,
        1.001279562673436,
        0.03257706193245123,
        0.053536411925814785,
        0.053536411925814785,
        0.0
      ],
      [
        0.41242714322384566,
        0.03257706193245123,
        1.8813490882815485,
        1.3813112194413208,
        1.3813112194413208,
        0.0
      ],
      [
        0.7715100960248982,
        0.053536411925814785,
        1.3813112194413208,
        3.479877557801656,
        2.4798775578016716,
        0.0
      ],
      [
        0.7715100960248982,
        0.053536411925814785,
        1.3813112194413208,
        2.4798775578016716,
        3.479877557801656,
        0.0
      ],
      [
        0.0,
        0.0,
        0.0,
        0.0,
        0.0,
        1.0
      ]
    ],
    "vwap": [
      [
        1.0,
        0.0,
        0.0,
        0.0,
        0.0,
        0.0
      ],
      [
        0.0,
        1.0,
        0.0,
        0.0,
        0.0,
        0.0
      ],
      [
        0.0,
        0.0,
        1.0,
        0.0,
        0.0,
        0.0
      ],
      [
        0.0,
        0.0,
        0.0,
        1.0,
        0.0,
        0.0
      ],
      [
        0.0,
        0.0,
        0.0,
        0.0,
        1.0,
        0.0
      ],
      [
        0.0,
        0.0,
        0.0,
        0.0,
        0.0,
        1.0
      ]
    ]
  },
  "b": {
    "trend": [
      [
        0.050892669724617784
      ],
      [
        0.030584293853323268
      ],
      [
        0.5566821979052151
      ],
      [
        0.11931035245237177
      ],
      [
        0.11931035245237177
      ],
      [
        0.0
      ]
    ],
    "breakout": [
      [
        0.0
      ],
      [
        0.0
      ],
      [
        0.0
      ],
      [
        0.0
      ],
      [
        0.0
      ],
      [
        0.0
      ]
    ],
    "reversion": [
      [
        -0.0070191873696555385
      ],
      [
        -0.05081746819924157
      ],
      [
        -1.3996633282533075
      ],
      [
        -0.8814179985204489
      ],
      [
        -0.8814179985204489
      ],
      [
        0.0
      ]
    ],
    "vwap": [
      [
        0.0
      ],
      [
        0.0
      ],
      [
        0.0
      ],
      [
        0.0
      ],
      [
        0.0
      ],
      [
        0.0
      ]
    ]
  },
  "counts": {
    "trend": 1,
    "breakout": 0,
    "reversion": 8,
    "vwap": 0
  },
  "reward_sum": {
    "trend": 0.11931035245237177,
    "breakout": 0.0,
    "reversion": -0.8814179985204489,
    "vwap": 0.0
  },
  "disabled_until": {
    "trend": 0.0,
    "breakout": 0.0,
    "reversion": 0.0,
    "vwap": 0.0
  },
  "_snapshot_time": "2025-09-23T05:15:00.681103"
}