{
  "arms": [
    "trend",
    "breakout",
    "reversion",
    "vwap"
  ],
  "d": 6,
  "alpha": 0.6,
  "alpha_base": 0.6,
  "alpha_boost_until": 0.0,
  "A": {
    "trend": [
      [
        1.007735619149749,
        0.004648772612902261,
        0.08461496505765521,
        0.01813501732543795,
        0.01813501732543795,
        0.0
      ],
      [
        0.004648772612902261,
        1.0027937113226646,
        0.050849935161884206,
        0.010898361235862002,
        0.010898361235862002,
        0.0
      ],
      [
        0.08461496505765521,
        0.050849935161884206,
        1.9255487082687446,
        0.1983672964770913,
        0.1983672964770913,
        0.0
      ],
      [
        0.01813501732543795,
        0.010898361235862002,
        0.1983672964770913,
        1.0425148714055612,
        0.04251487140556204,
        0.0
      ],
      [
        0.01813501732543795,
        0.010898361235862002,
        0.1983672964770913,
        0.04251487140556204,
        1.0425148714055612,
        0.0
      ],
      [
        0.0,
        0.0,
        0.0,
        0.0,
        0.0,
        1.0
      ]
    ],
    "breakout": [
      [
        1.0,
        0.0,
        0.0,
        0.0,
        0.0,
        0.0
      ],
      [
        0.0,
        1.0,
        0.0,
        0.0,
        0.0,
        0.0
      ],
      [
        0.0,
        0.0,
        1.0,
        0.0,
        0.0,
        0.0
      ],
      [
        0.0,
        0.0,
        0.0,
        1.0,
        0.0,
        0.0
      ],
      [
        0.0,
        0.0,
        0.0,
        0.0,
        1.0,
        0.0
      ],
      [
        0.0,
        0.0,
        0.0,
        0.0,
        0.0,
        1.0
      ]
    ],
    "reversion": [
      [
        1.0892112775336518,
        0.0058133328491191535,
        0.14983371602133905,
        0.2802876254258791,
        0.2802876254258791,
        0.0
      ],
      [
        0.0058133328491191535,
        1.0004648618147316,
        0.011835162468313159,
        0.019449640192426086,
        0.019449640192426086,
        0.0
      ],
      [
        0.14983371602133905,
        0.011835162468313159,
        1.3201918476485193,
        0.5018267987238872,
        0.5018267987238872,
        0.0
      ],
      [
        0.2802876254258791,
        0.019449640192426086,
        0.5018267987238872,
        1.900933112352575,
        0.9009331123525917,
        0.0
      ],
      [
        0.2802876254258791,
        0.019449640192426086,
        0.5018267987238872,
        0.9009331123525917,
        1.900933112352575,
        0.0
      ],
      [
        0.0,
        0.0,
        0.0,
        0.0,
        0.0,
        1.0
      ]
    ],
    "vwap": [
      [
        1.0,
        0.0,
        0.0,
        0.0,
        0.0,
        0.0
      ],
      [
        0.0,
        1.0,
        0.0,
        0.0,
        0.0,
        0.0
      ],
      [
        0.0,
        0.0,
        1.0,
        0.0,
        0.0,
        0.0
      ],
      [
        0.0,
        0.0,
        0.0,
        1.0,
        0.0,
        0.0
      ],
      [
        0.0,
        0.0,
        0.0,
        0.0,
        1.0,
        0.0
      ],
      [
        0.0,
        0.0,
        0.0,
        0.0,
        0.0,
        1.0
      ]
    ]
  },
  "b": {
    "trend": [
      [
        0.01848917547831585
      ],
      [
        0.011111194971580307
      ],
      [
        0.20224120484183075
      ],
      [
        0.0433451429215267
      ],
      [
        0.0433451429215267
      ],
      [
        0.0
      ]
    ],
    "breakout": [
      [
        0.0
      ],
      [
        0.0
      ],
      [
        0.0
      ],
      [
        0.0
      ],
      [
        0.0
      ],
      [
        0.0
      ]
    ],
    "reversion": [
      [
        -0.0025500526440247425
      ],
      [
        -0.018461854958358018
      ],
      [
        -0.5084940724601247
      ],
      [
        -0.3202168825603482
      ],
      [
        -0.3202168825603482
      ],
      [
        0.0
      ]
    ],
    "vwap": [
      [
        0.0
      ],
      [
        0.0
      ],
      [
        0.0
      ],
      [
        0.0
      ],
      [
        0.0
      ],
      [
        0.0
      ]
    ]
  },
  "counts": {
    "trend": 1,
    "breakout": 0,
    "reversion": 8,
    "vwap": 0
  },
  "reward_sum": {
    "trend": 0.0433451429215267,
    "breakout": 0.0,
    "reversion": -0.3202168825603482,
    "vwap": 0.0
  },
  "disabled_until": {
    "trend": 0.0,
    "breakout": 0.0,
    "reversion": 0.0,
    "vwap": 0.0
  },
  "_snapshot_time": "2025-09-24T19:19:00.790328"
}