{
  "arms": [
    "trend",
    "breakout",
    "reversion",
    "vwap"
  ],
  "d": 6,
  "alpha": 0.6,
  "alpha_base": 0.6,
  "alpha_boost_until": 0.0,
  "A": {
    "trend": [
      [
        1.0089459349977963,
        0.005376120102281415,
        0.0978538320712362,
        0.02097242418954135,
        0.02097242418954135,
        0.0
      ],
      [
        0.005376120102281415,
        1.0032308157125311,
        0.05880592177487516,
        0.012603520068808776,
        0.012603520068808776,
        0.0
      ],
      [
        0.0978538320712362,
        0.05880592177487516,
        2.0703601639611575,
        0.22940386614434088,
        0.22940386614434088,
        0.0
      ],
      [
        0.02097242418954135,
        0.012603520068808776,
        0.22940386614434088,
        1.0491667529994886,
        0.04916675299948831,
        0.0
      ],
      [
        0.02097242418954135,
        0.012603520068808776,
        0.22940386614434088,
        0.04916675299948831,
        1.0491667529994886,
        0.0
      ],
      [
        0.0,
        0.0,
        0.0,
        0.0,
        0.0,
        1.0
      ]
    ],
    "breakout": [
      [
        1.0,
        0.0,
        0.0,
        0.0,
        0.0,
        0.0
      ],
      [
        0.0,
        1.0,
        0.0,
        0.0,
        0.0,
        0.0
      ],
      [
        0.0,
        0.0,
        1.0,
        0.0,
        0.0,
        0.0
      ],
      [
        0.0,
        0.0,
        0.0,
        1.0,
        0.0,
        0.0
      ],
      [
        0.0,
        0.0,
        0.0,
        0.0,
        1.0,
        0.0
      ],
      [
        0.0,
        0.0,
        0.0,
        0.0,
        0.0,
        1.0
      ]
    ],
    "reversion": [
      [
        1.1031692841176515,
        0.006722887564915938,
        0.1732767161951919,
        0.324141459036012,
        0.324141459036012,
        0.0
      ],
      [
        0.006722887564915938,
        1.0005375941468984,
        0.01368689332816001,
        0.022492733099148662,
        0.022492733099148662,
        0.0
      ],
      [
        0.1732767161951919,
        0.01368689332816001,
        1.3702891003858233,
        0.580342676472342,
        0.580342676472342,
        0.0
      ],
      [
        0.324141459036012,
        0.022492733099148662,
        0.580342676472342,
        2.0418932091208046,
        1.0418932091208233,
        0.0
      ],
      [
        0.324141459036012,
        0.022492733099148662,
        0.580342676472342,
        1.0418932091208233,
        2.0418932091208046,
        0.0
      ],
      [
        0.0,
        0.0,
        0.0,
        0.0,
        0.0,
        1.0
      ]
    ],
    "vwap": [
      [
        1.0,
        0.0,
        0.0,
        0.0,
        0.0,
        0.0
      ],
      [
        0.0,
        1.0,
        0.0,
        0.0,
        0.0,
        0.0
      ],
      [
        0.0,
        0.0,
        1.0,
        0.0,
        0.0,
        0.0
      ],
      [
        0.0,
        0.0,
        0.0,
        1.0,
        0.0,
        0.0
      ],
      [
        0.0,
        0.0,
        0.0,
        0.0,
        1.0,
        0.0
      ],
      [
        0.0,
        0.0,
        0.0,
        0.0,
        0.0,
        1.0
      ]
    ]
  },
  "b": {
    "trend": [
      [
        0.02138199396711863
      ],
      [
        0.012849653794915995
      ],
      [
        0.23388388665045678
      ],
      [
        0.05012692889084961
      ],
      [
        0.05012692889084961
      ],
      [
        0.0
      ]
    ],
    "breakout": [
      [
        0.0
      ],
      [
        0.0
      ],
      [
        0.0
      ],
      [
        0.0
      ],
      [
        0.0
      ],
      [
        0.0
      ]
    ],
    "reversion": [
      [
        -0.0029490341694425083
      ],
      [
        -0.02135039887551479
      ],
      [
        -0.5880531126122639
      ],
      [
        -0.37031805226279196
      ],
      [
        -0.37031805226279196
      ],
      [
        0.0
      ]
    ],
    "vwap": [
      [
        0.0
      ],
      [
        0.0
      ],
      [
        0.0
      ],
      [
        0.0
      ],
      [
        0.0
      ],
      [
        0.0
      ]
    ]
  },
  "counts": {
    "trend": 1,
    "breakout": 0,
    "reversion": 8,
    "vwap": 0
  },
  "reward_sum": {
    "trend": 0.05012692889084961,
    "breakout": 0.0,
    "reversion": -0.37031805226279196,
    "vwap": 0.0
  },
  "disabled_until": {
    "trend": 0.0,
    "breakout": 0.0,
    "reversion": 0.0,
    "vwap": 0.0
  },
  "_snapshot_time": "2025-09-24T13:47:00.468887"
}