{
  "arms": [
    "trend",
    "breakout",
    "reversion",
    "vwap"
  ],
  "d": 6,
  "alpha": 0.6,
  "alpha_base": 0.6,
  "alpha_boost_until": 0.0,
  "A": {
    "trend": [
      [
        1.0274951220075392,
        0.016523379409290634,
        0.30075146447712486,
        0.0644582552888504,
        0.0644582552888504,
        0.0
      ],
      [
        0.016523379409290634,
        1.0099298365371308,
        0.1807386253493461,
        0.03873662418761103,
        0.03873662418761103,
        0.0
      ],
      [
        0.30075146447712486,
        0.1807386253493461,
        4.289726932665767,
        0.7050674177930871,
        0.7050674177930871,
        0.0
      ],
      [
        0.0644582552888504,
        0.03873662418761103,
        0.7050674177930871,
        1.1511128655382312,
        0.15111286553822956,
        0.0
      ],
      [
        0.0644582552888504,
        0.03873662418761103,
        0.7050674177930871,
        0.15111286553822956,
        1.1511128655382312,
        0.0
      ],
      [
        0.0,
        0.0,
        0.0,
        0.0,
        0.0,
        1.0
      ]
    ],
    "breakout": [
      [
        1.0,
        0.0,
        0.0,
        0.0,
        0.0,
        0.0
      ],
      [
        0.0,
        1.0,
        0.0,
        0.0,
        0.0,
        0.0
      ],
      [
        0.0,
        0.0,
        1.0,
        0.0,
        0.0,
        0.0
      ],
      [
        0.0,
        0.0,
        0.0,
        1.0,
        0.0,
        0.0
      ],
      [
        0.0,
        0.0,
        0.0,
        0.0,
        1.0,
        0.0
      ],
      [
        0.0,
        0.0,
        0.0,
        0.0,
        0.0,
        1.0
      ]
    ],
    "reversion": [
      [
        1.317088382035477,
        0.020662637710412716,
        0.5325619350047885,
        0.996241194027682,
        0.996241194027682,
        0.0
      ],
      [
        0.020662637710412716,
        1.0016522830384027,
        0.042066346564635995,
        0.0691308891688312,
        0.0691308891688312,
        0.0
      ],
      [
        0.5325619350047885,
        0.042066346564635995,
        2.1380748905150875,
        1.7836696443381928,
        1.7836696443381928,
        0.0
      ],
      [
        0.996241194027682,
        0.0691308891688312,
        1.7836696443381928,
        4.202234412687514,
        3.2022344126875293,
        0.0
      ],
      [
        0.996241194027682,
        0.0691308891688312,
        1.7836696443381928,
        3.2022344126875293,
        4.202234412687514,
        0.0
      ],
      [
        0.0,
        0.0,
        0.0,
        0.0,
        0.0,
        1.0
      ]
    ],
    "vwap": [
      [
        1.0,
        0.0,
        0.0,
        0.0,
        0.0,
        0.0
      ],
      [
        0.0,
        1.0,
        0.0,
        0.0,
        0.0,
        0.0
      ],
      [
        0.0,
        0.0,
        1.0,
        0.0,
        0.0,
        0.0
      ],
      [
        0.0,
        0.0,
        0.0,
        1.0,
        0.0,
        0.0
      ],
      [
        0.0,
        0.0,
        0.0,
        0.0,
        1.0,
        0.0
      ],
      [
        0.0,
        0.0,
        0.0,
        0.0,
        0.0,
        1.0
      ]
    ]
  },
  "b": {
    "trend": [
      [
        0.06571705842210193
      ],
      [
        0.03949311043875823
      ],
      [
        0.7188366560496028
      ],
      [
        0.15406394368581086
      ],
      [
        0.15406394368581086
      ],
      [
        0.0
      ]
    ],
    "breakout": [
      [
        0.0
      ],
      [
        0.0
      ],
      [
        0.0
      ],
      [
        0.0
      ],
      [
        0.0
      ],
      [
        0.0
      ]
    ],
    "reversion": [
      [
        -0.009063787554147558
      ],
      [
        -0.06561995164693527
      ],
      [
        -1.807367489499236
      ],
      [
        -1.1381638734318822
      ],
      [
        -1.1381638734318822
      ],
      [
        0.0
      ]
    ],
    "vwap": [
      [
        0.0
      ],
      [
        0.0
      ],
      [
        0.0
      ],
      [
        0.0
      ],
      [
        0.0
      ],
      [
        0.0
      ]
    ]
  },
  "counts": {
    "trend": 1,
    "breakout": 0,
    "reversion": 8,
    "vwap": 0
  },
  "reward_sum": {
    "trend": 0.15406394368581086,
    "breakout": 0.0,
    "reversion": -1.1381638734318822,
    "vwap": 0.0
  },
  "disabled_until": {
    "trend": 0.0,
    "breakout": 0.0,
    "reversion": 0.0,
    "vwap": 0.0
  },
  "_snapshot_time": "2025-09-22T17:48:00.038966"
}