{
  "arms": [
    "trend",
    "breakout",
    "reversion",
    "vwap"
  ],
  "d": 6,
  "alpha": 0.6,
  "alpha_base": 0.6,
  "alpha_boost_until": 0.0,
  "A": {
    "trend": [
      [
        1.0442652560103882,
        0.026601504787229745,
        0.4841891796998966,
        0.10377335920028023,
        0.10377335920028023,
        0.0
      ],
      [
        0.026601504787229745,
        1.0159863541008072,
        0.2909767601635169,
        0.06236330161301386,
        0.06236330161301386,
        0.0
      ],
      [
        0.4841891796998966,
        0.2909767601635169,
        6.296234177058353,
        1.1351100658740936,
        1.1351100658740936,
        0.0
      ],
      [
        0.10377335920028023,
        0.06236330161301386,
        1.1351100658740936,
        1.2432813237809555,
        0.24328132378095624,
        0.0
      ],
      [
        0.10377335920028023,
        0.06236330161301386,
        1.1351100658740936,
        0.24328132378095624,
        1.2432813237809555,
        0.0
      ],
      [
        0.0,
        0.0,
        0.0,
        0.0,
        0.0,
        1.0
      ]
    ],
    "breakout": [
      [
        1.0,
        0.0,
        0.0,
        0.0,
        0.0,
        0.0
      ],
      [
        0.0,
        1.0,
        0.0,
        0.0,
        0.0,
        0.0
      ],
      [
        0.0,
        0.0,
        1.0,
        0.0,
        0.0,
        0.0
      ],
      [
        0.0,
        0.0,
        0.0,
        1.0,
        0.0,
        0.0
      ],
      [
        0.0,
        0.0,
        0.0,
        0.0,
        1.0,
        0.0
      ],
      [
        0.0,
        0.0,
        0.0,
        0.0,
        0.0,
        1.0
      ]
    ],
    "reversion": [
      [
        1.3794017109654542,
        0.026811812833624053,
        0.6783775164178472,
        1.2326290572237792,
        1.2326290572237792,
        0.0
      ],
      [
        0.026811812833624053,
        1.002342345174418,
        0.05891108116002471,
        0.0930189846711078,
        0.0930189846711078,
        0.0
      ],
      [
        0.6783775164178472,
        0.05891108116002471,
        2.5877712897522565,
        2.3646175033665355,
        2.3646175033665355,
        0.0
      ],
      [
        1.2326290572237792,
        0.0930189846711078,
        2.3646175033665355,
        5.1039742822141525,
        4.103974282214162,
        0.0
      ],
      [
        1.2326290572237792,
        0.0930189846711078,
        2.3646175033665355,
        4.103974282214162,
        5.1039742822141525,
        0.0
      ],
      [
        0.0,
        0.0,
        0.0,
        0.0,
        0.0,
        1.0
      ]
    ],
    "vwap": [
      [
        1.0,
        0.0,
        0.0,
        0.0,
        0.0,
        0.0
      ],
      [
        0.0,
        1.0,
        0.0,
        0.0,
        0.0,
        0.0
      ],
      [
        0.0,
        0.0,
        1.0,
        0.0,
        0.0,
        0.0
      ],
      [
        0.0,
        0.0,
        0.0,
        1.0,
        0.0,
        0.0
      ],
      [
        0.0,
        0.0,
        0.0,
        0.0,
        1.0,
        0.0
      ],
      [
        0.0,
        0.0,
        0.0,
        0.0,
        0.0,
        1.0
      ]
    ]
  },
  "b": {
    "trend": [
      [
        0.10579994569605125
      ],
      [
        0.0635811924652962
      ],
      [
        1.1572775927657937
      ],
      [
        0.24803235669775978
      ],
      [
        0.24803235669775978
      ],
      [
        0.0
      ]
    ],
    "breakout": [
      [
        0.0
      ],
      [
        0.0
      ],
      [
        0.0
      ],
      [
        0.0
      ],
      [
        0.0
      ],
      [
        0.0
      ]
    ],
    "reversion": [
      [
        -0.39175073350608014
      ],
      [
        -0.12421145476364695
      ],
      [
        -3.4247730036002753
      ],
      [
        -2.9005000101034804
      ],
      [
        -2.9005000101034804
      ],
      [
        0.0
      ]
    ],
    "vwap": [
      [
        0.0
      ],
      [
        0.0
      ],
      [
        0.0
      ],
      [
        0.0
      ],
      [
        0.0
      ],
      [
        0.0
      ]
    ]
  },
  "counts": {
    "trend": 1,
    "breakout": 0,
    "reversion": 7,
    "vwap": 0
  },
  "reward_sum": {
    "trend": 0.24803235669775978,
    "breakout": 0.0,
    "reversion": -2.9005000101034804,
    "vwap": 0.0
  },
  "disabled_until": {
    "trend": 0.0,
    "breakout": 0.0,
    "reversion": 0.0,
    "vwap": 0.0
  },
  "_snapshot_time": "2025-09-22T00:52:00.946340"
}