{
  "arms": [
    "trend",
    "breakout",
    "reversion",
    "vwap"
  ],
  "d": 6,
  "alpha": 0.6,
  "alpha_base": 0.6,
  "alpha_boost_until": 0.0,
  "A": {
    "trend": [
      [
        1.077992861766822,
        0.04687033743062243,
        0.853113777371154,
        0.18284275272883302,
        0.18284275272883302,
        0.0
      ],
      [
        0.04687033743062243,
        1.028167046074401,
        0.5126844906864227,
        0.1098805880821013,
        0.1098805880821013,
        0.0
      ],
      [
        0.853113777371154,
        0.5126844906864227,
        10.331663188824043,
        1.9999993321413652,
        1.9999993321413652,
        0.0
      ],
      [
        0.18284275272883302,
        0.1098805880821013,
        1.9999993321413652,
        1.42864784632995,
        0.4286478463299511,
        0.0
      ],
      [
        0.18284275272883302,
        0.1098805880821013,
        1.9999993321413652,
        0.4286478463299511,
        1.42864784632995,
        0.0
      ],
      [
        0.0,
        0.0,
        0.0,
        0.0,
        0.0,
        1.0
      ]
    ],
    "breakout": [
      [
        1.0,
        0.0,
        0.0,
        0.0,
        0.0,
        0.0
      ],
      [
        0.0,
        1.0,
        0.0,
        0.0,
        0.0,
        0.0
      ],
      [
        0.0,
        0.0,
        1.0,
        0.0,
        0.0,
        0.0
      ],
      [
        0.0,
        0.0,
        0.0,
        1.0,
        0.0,
        0.0
      ],
      [
        0.0,
        0.0,
        0.0,
        0.0,
        1.0,
        0.0
      ],
      [
        0.0,
        0.0,
        0.0,
        0.0,
        0.0,
        1.0
      ]
    ],
    "reversion": [
      [
        1.0634360359200943,
        0.006431142274891088,
        0.1812758905181418,
        0.21806266844775693,
        0.21806266844775693,
        0.0
      ],
      [
        0.006431142274891088,
        1.0006979917848198,
        0.01874640484477595,
        0.021885759373297137,
        0.021885759373297137,
        0.0
      ],
      [
        0.1812758905181418,
        0.01874640484477595,
        1.5209714989006735,
        0.6213651027278366,
        0.6213651027278366,
        0.0
      ],
      [
        0.21806266844775693,
        0.021885759373297137,
        0.6213651027278366,
        1.7506606411956187,
        0.7506606411956284,
        0.0
      ],
      [
        0.21806266844775693,
        0.021885759373297137,
        0.6213651027278366,
        0.7506606411956284,
        1.7506606411956187,
        0.0
      ],
      [
        0.0,
        0.0,
        0.0,
        0.0,
        0.0,
        1.0
      ]
    ],
    "vwap": [
      [
        1.0,
        0.0,
        0.0,
        0.0,
        0.0,
        0.0
      ],
      [
        0.0,
        1.0,
        0.0,
        0.0,
        0.0,
        0.0
      ],
      [
        0.0,
        0.0,
        1.0,
        0.0,
        0.0,
        0.0
      ],
      [
        0.0,
        0.0,
        0.0,
        1.0,
        0.0,
        0.0
      ],
      [
        0.0,
        0.0,
        0.0,
        0.0,
        1.0,
        0.0
      ],
      [
        0.0,
        0.0,
        0.0,
        0.0,
        0.0,
        1.0
      ]
    ]
  },
  "b": {
    "trend": [
      [
        0.18641348279274766
      ],
      [
        0.11202644244848835
      ],
      [
        2.039057252876553
      ],
      [
        0.43701889592792265
      ],
      [
        0.43701889592792265
      ],
      [
        0.0
      ]
    ],
    "breakout": [
      [
        0.0
      ],
      [
        0.0
      ],
      [
        0.0
      ],
      [
        0.0
      ],
      [
        0.0
      ],
      [
        0.0
      ]
    ],
    "reversion": [
      [
        0.08693727729723519
      ],
      [
        0.00945919995098771
      ],
      [
        0.25360644898369494
      ],
      [
        0.2957416973389945
      ],
      [
        0.2957416973389945
      ],
      [
        0.0
      ]
    ],
    "vwap": [
      [
        0.0
      ],
      [
        0.0
      ],
      [
        0.0
      ],
      [
        0.0
      ],
      [
        0.0
      ],
      [
        0.0
      ]
    ]
  },
  "counts": {
    "trend": 1,
    "breakout": 0,
    "reversion": 2,
    "vwap": 0
  },
  "reward_sum": {
    "trend": 0.43701889592792265,
    "breakout": 0.0,
    "reversion": 0.2957416973389945,
    "vwap": 0.0
  },
  "disabled_until": {
    "trend": 0.0,
    "breakout": 0.0,
    "reversion": 0.0,
    "vwap": 0.0
  },
  "_snapshot_time": "2025-09-18T23:28:00.645044"
}