{
  "arms": [
    "trend",
    "breakout",
    "reversion",
    "vwap"
  ],
  "d": 6,
  "alpha": 0.6,
  "alpha_base": 0.6,
  "alpha_boost_until": 0.0,
  "A": {
    "trend": [
      [
        1.0334314722254567,
        0.020090869196394395,
        0.3656853833445551,
        0.0783751521742541,
        0.0783751521742541,
        0.0
      ],
      [
        0.020090869196394395,
        1.0120737436372673,
        0.21976110277950311,
        0.047100077434861234,
        0.047100077434861234,
        0.0
      ],
      [
        0.3656853833445551,
        0.21976110277950311,
        4.999997328565925,
        0.8572954063837367,
        0.8572954063837367,
        0.0
      ],
      [
        0.0783751521742541,
        0.047100077434861234,
        0.8572954063837367,
        1.183738976163307,
        0.18373897616330553,
        0.0
      ],
      [
        0.0783751521742541,
        0.047100077434861234,
        0.8572954063837367,
        0.18373897616330553,
        1.183738976163307,
        0.0
      ],
      [
        0.0,
        0.0,
        0.0,
        0.0,
        0.0,
        1.0
      ]
    ],
    "breakout": [
      [
        1.0,
        0.0,
        0.0,
        0.0,
        0.0,
        0.0
      ],
      [
        0.0,
        1.0,
        0.0,
        0.0,
        0.0,
        0.0
      ],
      [
        0.0,
        0.0,
        1.0,
        0.0,
        0.0,
        0.0
      ],
      [
        0.0,
        0.0,
        0.0,
        1.0,
        0.0,
        0.0
      ],
      [
        0.0,
        0.0,
        0.0,
        0.0,
        1.0,
        0.0
      ],
      [
        0.0,
        0.0,
        0.0,
        0.0,
        0.0,
        1.0
      ]
    ],
    "reversion": [
      [
        1.3855495325362508,
        0.025123816454821105,
        0.647545027571285,
        1.2113352251668235,
        1.2113352251668235,
        0.0
      ],
      [
        0.025123816454821105,
        1.0020090201633516,
        0.05114870544733075,
        0.08405663377435281,
        0.08405663377435281,
        0.0
      ],
      [
        0.647545027571285,
        0.05114870544733075,
        2.3837916079190973,
        2.168773870424392,
        2.168773870424392,
        0.0
      ],
      [
        1.2113352251668235,
        0.08405663377435281,
        2.168773870424392,
        4.893614685463411,
        3.8936146854634255,
        0.0
      ],
      [
        1.2113352251668235,
        0.08405663377435281,
        2.168773870424392,
        3.8936146854634255,
        4.893614685463411,
        0.0
      ],
      [
        0.0,
        0.0,
        0.0,
        0.0,
        0.0,
        1.0
      ]
    ],
    "vwap": [
      [
        1.0,
        0.0,
        0.0,
        0.0,
        0.0,
        0.0
      ],
      [
        0.0,
        1.0,
        0.0,
        0.0,
        0.0,
        0.0
      ],
      [
        0.0,
        0.0,
        1.0,
        0.0,
        0.0,
        0.0
      ],
      [
        0.0,
        0.0,
        0.0,
        1.0,
        0.0,
        0.0
      ],
      [
        0.0,
        0.0,
        0.0,
        0.0,
        1.0,
        0.0
      ],
      [
        0.0,
        0.0,
        0.0,
        0.0,
        0.0,
        1.0
      ]
    ]
  },
  "b": {
    "trend": [
      [
        0.07990573792597674
      ],
      [
        0.04801989328755076
      ],
      [
        0.8740374999890015
      ],
      [
        0.1873272085449972
      ],
      [
        0.1873272085449972
      ],
      [
        0.0
      ]
    ],
    "breakout": [
      [
        0.0
      ],
      [
        0.0
      ],
      [
        0.0
      ],
      [
        0.0
      ],
      [
        0.0
      ],
      [
        0.0
      ]
    ],
    "reversion": [
      [
        -0.011020709847762537
      ],
      [
        -0.07978766525635929
      ],
      [
        -2.1975882125497836
      ],
      [
        -1.3838998027439984
      ],
      [
        -1.3838998027439984
      ],
      [
        0.0
      ]
    ],
    "vwap": [
      [
        0.0
      ],
      [
        0.0
      ],
      [
        0.0
      ],
      [
        0.0
      ],
      [
        0.0
      ],
      [
        0.0
      ]
    ]
  },
  "counts": {
    "trend": 1,
    "breakout": 0,
    "reversion": 8,
    "vwap": 0
  },
  "reward_sum": {
    "trend": 0.1873272085449972,
    "breakout": 0.0,
    "reversion": -1.3838998027439984,
    "vwap": 0.0
  },
  "disabled_until": {
    "trend": 0.0,
    "breakout": 0.0,
    "reversion": 0.0,
    "vwap": 0.0
  },
  "_snapshot_time": "2025-09-22T10:18:00.566884"
}