{
  "arms": [
    "trend",
    "breakout",
    "reversion",
    "vwap"
  ],
  "d": 6,
  "alpha": 0.6,
  "alpha_base": 0.6,
  "alpha_boost_until": 0.0,
  "A": {
    "trend": [
      [
        1.06643446468853,
        0.03992424058349992,
        0.7266839020154254,
        0.15574579678886638,
        0.15574579678886638,
        0.0
      ],
      [
        0.03992424058349992,
        1.0239927422256239,
        0.4367056025549518,
        0.09359648926231358,
        0.09359648926231358,
        0.0
      ],
      [
        0.7266839020154254,
        0.4367056025549518,
        8.948728057404448,
        1.7036031503174665,
        1.7036031503174665,
        0.0
      ],
      [
        0.15574579678886638,
        0.09359648926231358,
        1.7036031503174665,
        1.3651230326175354,
        0.36512303261753626,
        0.0
      ],
      [
        0.15574579678886638,
        0.09359648926231358,
        1.7036031503174665,
        0.36512303261753626,
        1.3651230326175354,
        0.0
      ],
      [
        0.0,
        0.0,
        0.0,
        0.0,
        0.0,
        1.0
      ]
    ],
    "breakout": [
      [
        1.0,
        0.0,
        0.0,
        0.0,
        0.0,
        0.0
      ],
      [
        0.0,
        1.0,
        0.0,
        0.0,
        0.0,
        0.0
      ],
      [
        0.0,
        0.0,
        1.0,
        0.0,
        0.0,
        0.0
      ],
      [
        0.0,
        0.0,
        0.0,
        1.0,
        0.0,
        0.0
      ],
      [
        0.0,
        0.0,
        0.0,
        0.0,
        1.0,
        0.0
      ],
      [
        0.0,
        0.0,
        0.0,
        0.0,
        0.0,
        1.0
      ]
    ],
    "reversion": [
      [
        1.1787113736755725,
        0.012379764158705925,
        0.3255932626464979,
        0.5370762205367574,
        0.5370762205367574,
        0.0
      ],
      [
        0.012379764158705925,
        1.0009766079252258,
        0.025444339569067713,
        0.03809088328401721,
        0.03809088328401721,
        0.0
      ],
      [
        0.3255932626464979,
        0.025444339569067713,
        1.678799425344995,
        1.0116599457633721,
        1.0116599457633721,
        0.0
      ],
      [
        0.5370762205367574,
        0.03809088328401721,
        1.0116599457633721,
        2.6294391300992173,
        1.629439130099225,
        0.0
      ],
      [
        0.5370762205367574,
        0.03809088328401721,
        1.0116599457633721,
        1.629439130099225,
        2.6294391300992173,
        0.0
      ],
      [
        0.0,
        0.0,
        0.0,
        0.0,
        0.0,
        1.0
      ]
    ],
    "vwap": [
      [
        1.0,
        0.0,
        0.0,
        0.0,
        0.0,
        0.0
      ],
      [
        0.0,
        1.0,
        0.0,
        0.0,
        0.0,
        0.0
      ],
      [
        0.0,
        0.0,
        1.0,
        0.0,
        0.0,
        0.0
      ],
      [
        0.0,
        0.0,
        0.0,
        1.0,
        0.0,
        0.0
      ],
      [
        0.0,
        0.0,
        0.0,
        0.0,
        1.0,
        0.0
      ],
      [
        0.0,
        0.0,
        0.0,
        0.0,
        0.0,
        1.0
      ]
    ]
  },
  "b": {
    "trend": [
      [
        0.15878735129743976
      ],
      [
        0.09542433200203362
      ],
      [
        1.736872759831823
      ],
      [
        0.37225350823189507
      ],
      [
        0.37225350823189507
      ],
      [
        0.0
      ]
    ],
    "breakout": [
      [
        0.0
      ],
      [
        0.0
      ],
      [
        0.0
      ],
      [
        0.0
      ],
      [
        0.0
      ],
      [
        0.0
      ]
    ],
    "reversion": [
      [
        -0.153299664915233
      ],
      [
        -0.004528200384086064
      ],
      [
        -0.09613572056258624
      ],
      [
        -0.38875251747968087
      ],
      [
        -0.38875251747968087
      ],
      [
        0.0
      ]
    ],
    "vwap": [
      [
        0.0
      ],
      [
        0.0
      ],
      [
        0.0
      ],
      [
        0.0
      ],
      [
        0.0
      ],
      [
        0.0
      ]
    ]
  },
  "counts": {
    "trend": 1,
    "breakout": 0,
    "reversion": 3,
    "vwap": 0
  },
  "reward_sum": {
    "trend": 0.37225350823189507,
    "breakout": 0.0,
    "reversion": -0.38875251747968087,
    "vwap": 0.0
  },
  "disabled_until": {
    "trend": 0.0,
    "breakout": 0.0,
    "reversion": 0.0,
    "vwap": 0.0
  },
  "_snapshot_time": "2025-09-19T04:55:00.171352"
}