{
  "arms": [
    "trend",
    "breakout",
    "reversion",
    "vwap"
  ],
  "d": 6,
  "alpha": 0.6,
  "alpha_base": 0.6,
  "alpha_boost_until": 0.0,
  "A": {
    "trend": [
      [
        1.0187849389447021,
        0.0112889360257635,
        0.2054763712699075,
        0.04403851671402146,
        0.04403851671402146,
        0.0
      ],
      [
        0.0112889360257635,
        1.0067841624063254,
        0.12348241412443603,
        0.026465244274552286,
        0.026465244274552286,
        0.0
      ],
      [
        0.2054763712699075,
        0.12348241412443603,
        3.2475739354029183,
        0.48170902429566237,
        0.48170902429566237,
        0.0
      ],
      [
        0.04403851671402146,
        0.026465244274552286,
        0.48170902429566237,
        1.103241802386484,
        0.1032418023864836,
        0.0
      ],
      [
        0.04403851671402146,
        0.026465244274552286,
        0.48170902429566237,
        0.1032418023864836,
        1.103241802386484,
        0.0
      ],
      [
        0.0,
        0.0,
        0.0,
        0.0,
        0.0,
        1.0
      ]
    ],
    "breakout": [
      [
        1.0,
        0.0,
        0.0,
        0.0,
        0.0,
        0.0
      ],
      [
        0.0,
        1.0,
        0.0,
        0.0,
        0.0,
        0.0
      ],
      [
        0.0,
        0.0,
        1.0,
        0.0,
        0.0,
        0.0
      ],
      [
        0.0,
        0.0,
        0.0,
        1.0,
        0.0,
        0.0
      ],
      [
        0.0,
        0.0,
        0.0,
        0.0,
        1.0,
        0.0
      ],
      [
        0.0,
        0.0,
        0.0,
        0.0,
        0.0,
        1.0
      ]
    ],
    "reversion": [
      [
        1.2166379147172917,
        0.014116918183529857,
        0.36385157449362104,
        0.6806418243525385,
        0.6806418243525385,
        0.0
      ],
      [
        0.014116918183529857,
        1.001128856092628,
        0.028740143492605286,
        0.04723090633579943,
        0.04723090633579943,
        0.0
      ],
      [
        0.36385157449362104,
        0.028740143492605286,
        1.7775440067864525,
        1.2186207196034275,
        1.2186207196034275,
        0.0
      ],
      [
        0.6806418243525385,
        0.04723090633579943,
        1.2186207196034275,
        3.1877981815270537,
        2.1877981815270693,
        0.0
      ],
      [
        0.6806418243525385,
        0.04723090633579943,
        1.2186207196034275,
        2.1877981815270693,
        3.1877981815270537,
        0.0
      ],
      [
        0.0,
        0.0,
        0.0,
        0.0,
        0.0,
        1.0
      ]
    ],
    "vwap": [
      [
        1.0,
        0.0,
        0.0,
        0.0,
        0.0,
        0.0
      ],
      [
        0.0,
        1.0,
        0.0,
        0.0,
        0.0,
        0.0
      ],
      [
        0.0,
        0.0,
        1.0,
        0.0,
        0.0,
        0.0
      ],
      [
        0.0,
        0.0,
        0.0,
        1.0,
        0.0,
        0.0
      ],
      [
        0.0,
        0.0,
        0.0,
        0.0,
        1.0,
        0.0
      ],
      [
        0.0,
        0.0,
        0.0,
        0.0,
        0.0,
        1.0
      ]
    ]
  },
  "b": {
    "trend": [
      [
        0.0448985434487654
      ],
      [
        0.026982083153696376
      ],
      [
        0.4911163038812117
      ],
      [
        0.10525800812683854
      ],
      [
        0.10525800812683854
      ],
      [
        0.0
      ]
    ],
    "breakout": [
      [
        0.0
      ],
      [
        0.0
      ],
      [
        0.0
      ],
      [
        0.0
      ],
      [
        0.0
      ],
      [
        0.0
      ]
    ],
    "reversion": [
      [
        -0.006192469186560668
      ],
      [
        -0.04483219914077787
      ],
      [
        -1.2348113214981606
      ],
      [
        -0.7776048007941567
      ],
      [
        -0.7776048007941567
      ],
      [
        0.0
      ]
    ],
    "vwap": [
      [
        0.0
      ],
      [
        0.0
      ],
      [
        0.0
      ],
      [
        0.0
      ],
      [
        0.0
      ],
      [
        0.0
      ]
    ]
  },
  "counts": {
    "trend": 1,
    "breakout": 0,
    "reversion": 8,
    "vwap": 0
  },
  "reward_sum": {
    "trend": 0.10525800812683854,
    "breakout": 0.0,
    "reversion": -0.7776048007941567,
    "vwap": 0.0
  },
  "disabled_until": {
    "trend": 0.0,
    "breakout": 0.0,
    "reversion": 0.0,
    "vwap": 0.0
  },
  "_snapshot_time": "2025-09-23T09:24:00.626247"
}