{
  "arms": [
    "trend",
    "breakout",
    "reversion",
    "vwap"
  ],
  "d": 6,
  "alpha": 0.6,
  "alpha_base": 0.6,
  "alpha_boost_until": 0.0,
  "A": {
    "trend": [
      [
        1.0034515254489902,
        0.002074217547346841,
        0.037754018082884096,
        0.008091591972784935,
        0.008091591972784935,
        0.0
      ],
      [
        0.002074217547346841,
        1.0012465150546621,
        0.022688532345397118,
        0.0048626968869180205,
        0.0048626968869180205,
        0.0
      ],
      [
        0.037754018082884096,
        0.022688532345397118,
        1.4129669337422572,
        0.0885087229327099,
        0.0885087229327099,
        0.0
      ],
      [
        0.008091591972784935,
        0.0048626968869180205,
        0.0885087229327099,
        1.0189695430677461,
        0.018969543067746772,
        0.0
      ],
      [
        0.008091591972784935,
        0.0048626968869180205,
        0.0885087229327099,
        0.018969543067746772,
        1.0189695430677461,
        0.0
      ],
      [
        0.0,
        0.0,
        0.0,
        0.0,
        0.0,
        1.0
      ]
    ],
    "breakout": [
      [
        1.0,
        0.0,
        0.0,
        0.0,
        0.0,
        0.0
      ],
      [
        0.0,
        1.0,
        0.0,
        0.0,
        0.0,
        0.0
      ],
      [
        0.0,
        0.0,
        1.0,
        0.0,
        0.0,
        0.0
      ],
      [
        0.0,
        0.0,
        0.0,
        1.0,
        0.0,
        0.0
      ],
      [
        0.0,
        0.0,
        0.0,
        0.0,
        1.0,
        0.0
      ],
      [
        0.0,
        0.0,
        0.0,
        0.0,
        0.0,
        1.0
      ]
    ],
    "reversion": [
      [
        1.0921552160255117,
        0.008559727863843408,
        0.3472132574762278,
        0.2961401922385828,
        0.2961401922385828,
        0.0
      ],
      [
        0.008559727863843408,
        1.0008872944557885,
        0.03723072367498752,
        0.02817457002930811,
        0.02817457002930811,
        0.0
      ],
      [
        0.3472132574762278,
        0.03723072367498752,
        2.64431482448035,
        1.140116113300034,
        1.140116113300034,
        0.0
      ],
      [
        0.2961401922385828,
        0.02817457002930811,
        1.140116113300034,
        1.9610681877464602,
        0.9610681877464766,
        0.0
      ],
      [
        0.2961401922385828,
        0.02817457002930811,
        1.140116113300034,
        0.9610681877464766,
        1.9610681877464602,
        0.0
      ],
      [
        0.0,
        0.0,
        0.0,
        0.0,
        0.0,
        1.0
      ]
    ],
    "vwap": [
      [
        1.0,
        0.0,
        0.0,
        0.0,
        0.0,
        0.0
      ],
      [
        0.0,
        1.0,
        0.0,
        0.0,
        0.0,
        0.0
      ],
      [
        0.0,
        0.0,
        1.0,
        0.0,
        0.0,
        0.0
      ],
      [
        0.0,
        0.0,
        0.0,
        1.0,
        0.0,
        0.0
      ],
      [
        0.0,
        0.0,
        0.0,
        0.0,
        1.0,
        0.0
      ],
      [
        0.0,
        0.0,
        0.0,
        0.0,
        0.0,
        1.0
      ]
    ]
  },
  "b": {
    "trend": [
      [
        0.008249612404499843
      ],
      [
        0.004957660333413345
      ],
      [
        0.09023720685224064
      ],
      [
        0.01933999864621422
      ],
      [
        0.01933999864621422
      ],
      [
        0.0
      ]
    ],
    "breakout": [
      [
        0.0
      ],
      [
        0.0
      ],
      [
        0.0
      ],
      [
        0.0
      ],
      [
        0.0
      ],
      [
        0.0
      ]
    ],
    "reversion": [
      [
        -0.19477447311429086
      ],
      [
        -0.030304441425993412
      ],
      [
        -1.263893240982639
      ],
      [
        -0.7756761349834503
      ],
      [
        -0.7756761349834503
      ],
      [
        0.0
      ]
    ],
    "vwap": [
      [
        0.0
      ],
      [
        0.0
      ],
      [
        0.0
      ],
      [
        0.0
      ],
      [
        0.0
      ],
      [
        0.0
      ]
    ]
  },
  "counts": {
    "trend": 1,
    "breakout": 0,
    "reversion": 9,
    "vwap": 0
  },
  "reward_sum": {
    "trend": 0.01933999864621422,
    "breakout": 0.0,
    "reversion": -0.7756761349834503,
    "vwap": 0.0
  },
  "disabled_until": {
    "trend": 0.0,
    "breakout": 0.0,
    "reversion": 0.0,
    "vwap": 0.0
  },
  "_snapshot_time": "2025-09-26T07:18:00.279673"
}