{
  "arms": [
    "trend",
    "breakout",
    "reversion",
    "vwap"
  ],
  "d": 6,
  "alpha": 0.6,
  "alpha_base": 0.6,
  "alpha_boost_until": 0.0,
  "A": {
    "trend": [
      [
        1.0456167663279672,
        0.027413704047404317,
        0.49897248224921614,
        0.10694177565801234,
        0.10694177565801234,
        0.0
      ],
      [
        0.027413704047404317,
        1.0164744507358443,
        0.2998608857505122,
        0.06426738289853758,
        0.06426738289853758,
        0.0
      ],
      [
        0.49897248224921614,
        0.2998608857505122,
        6.457939220240088,
        1.1697673366974433,
        1.1697673366974433,
        0.0
      ],
      [
        0.10694177565801234,
        0.06426738289853758,
        1.1697673366974433,
        1.2507092085103948,
        0.2507092085103961,
        0.0
      ],
      [
        0.10694177565801234,
        0.06426738289853758,
        1.1697673366974433,
        0.2507092085103961,
        1.2507092085103948,
        0.0
      ],
      [
        0.0,
        0.0,
        0.0,
        0.0,
        0.0,
        1.0
      ]
    ],
    "breakout": [
      [
        1.0,
        0.0,
        0.0,
        0.0,
        0.0,
        0.0
      ],
      [
        0.0,
        1.0,
        0.0,
        0.0,
        0.0,
        0.0
      ],
      [
        0.0,
        0.0,
        1.0,
        0.0,
        0.0,
        0.0
      ],
      [
        0.0,
        0.0,
        0.0,
        1.0,
        0.0,
        0.0
      ],
      [
        0.0,
        0.0,
        0.0,
        0.0,
        1.0,
        0.0
      ],
      [
        0.0,
        0.0,
        0.0,
        0.0,
        0.0,
        1.0
      ]
    ],
    "reversion": [
      [
        1.390985634184077,
        0.027630433235800046,
        0.699089792710508,
        1.2702637856481442,
        1.2702637856481442,
        0.0
      ],
      [
        0.027630433235800046,
        1.0024138618436051,
        0.06070975897607164,
        0.09585904771026084,
        0.09585904771026084,
        0.0
      ],
      [
        0.699089792710508,
        0.06070975897607164,
        2.6362492490698926,
        2.4368141930723044,
        2.4368141930723044,
        0.0
      ],
      [
        1.2702637856481442,
        0.09585904771026084,
        2.4368141930723044,
        5.229277151448452,
        4.2292771514484615,
        0.0
      ],
      [
        1.2702637856481442,
        0.09585904771026084,
        2.4368141930723044,
        4.2292771514484615,
        5.229277151448452,
        0.0
      ],
      [
        0.0,
        0.0,
        0.0,
        0.0,
        0.0,
        1.0
      ]
    ],
    "vwap": [
      [
        1.0,
        0.0,
        0.0,
        0.0,
        0.0,
        0.0
      ],
      [
        0.0,
        1.0,
        0.0,
        0.0,
        0.0,
        0.0
      ],
      [
        0.0,
        0.0,
        1.0,
        0.0,
        0.0,
        0.0
      ],
      [
        0.0,
        0.0,
        0.0,
        1.0,
        0.0,
        0.0
      ],
      [
        0.0,
        0.0,
        0.0,
        0.0,
        1.0,
        0.0
      ],
      [
        0.0,
        0.0,
        0.0,
        0.0,
        0.0,
        1.0
      ]
    ]
  },
  "b": {
    "trend": [
      [
        0.1090302380538766
      ],
      [
        0.06552245849119867
      ],
      [
        1.1926116842835117
      ],
      [
        0.2556053003421353
      ],
      [
        0.2556053003421353
      ],
      [
        0.0
      ]
    ],
    "breakout": [
      [
        0.0
      ],
      [
        0.0
      ],
      [
        0.0
      ],
      [
        0.0
      ],
      [
        0.0
      ],
      [
        0.0
      ]
    ],
    "reversion": [
      [
        -0.4037116980632141
      ],
      [
        -0.12800388878086363
      ],
      [
        -3.529338445369018
      ],
      [
        -2.9890583071315984
      ],
      [
        -2.9890583071315984
      ],
      [
        0.0
      ]
    ],
    "vwap": [
      [
        0.0
      ],
      [
        0.0
      ],
      [
        0.0
      ],
      [
        0.0
      ],
      [
        0.0
      ],
      [
        0.0
      ]
    ]
  },
  "counts": {
    "trend": 1,
    "breakout": 0,
    "reversion": 7,
    "vwap": 0
  },
  "reward_sum": {
    "trend": 0.2556053003421353,
    "breakout": 0.0,
    "reversion": -2.9890583071315984,
    "vwap": 0.0
  },
  "disabled_until": {
    "trend": 0.0,
    "breakout": 0.0,
    "reversion": 0.0,
    "vwap": 0.0
  },
  "_snapshot_time": "2025-09-21T23:58:00.690162"
}