{
  "arms": [
    "trend",
    "breakout",
    "reversion",
    "vwap"
  ],
  "d": 6,
  "alpha": 0.6,
  "alpha_base": 0.6,
  "alpha_boost_until": 0.0,
  "A": {
    "trend": [
      [
        1.0122066005238288,
        0.007335639088909761,
        0.1335201561506702,
        0.02861657324372456,
        0.02861657324372456,
        0.0
      ],
      [
        0.007335639088909761,
        1.0044084018918866,
        0.08023984029822616,
        0.017197323109537314,
        0.017197323109537314,
        0.0
      ],
      [
        0.1335201561506702,
        0.08023984029822616,
        2.4604911550680177,
        0.31301829862791286,
        0.31301829862791286,
        0.0
      ],
      [
        0.02861657324372456,
        0.017197323109537314,
        0.31301829862791286,
        1.0670873321867869,
        0.06708733218678724,
        0.0
      ],
      [
        0.02861657324372456,
        0.017197323109537314,
        0.31301829862791286,
        0.06708733218678724,
        1.0670873321867869,
        0.0
      ],
      [
        0.0,
        0.0,
        0.0,
        0.0,
        0.0,
        1.0
      ]
    ],
    "breakout": [
      [
        1.0,
        0.0,
        0.0,
        0.0,
        0.0,
        0.0
      ],
      [
        0.0,
        1.0,
        0.0,
        0.0,
        0.0,
        0.0
      ],
      [
        0.0,
        0.0,
        1.0,
        0.0,
        0.0,
        0.0
      ],
      [
        0.0,
        0.0,
        0.0,
        1.0,
        0.0,
        0.0
      ],
      [
        0.0,
        0.0,
        0.0,
        0.0,
        1.0,
        0.0
      ],
      [
        0.0,
        0.0,
        0.0,
        0.0,
        0.0,
        1.0
      ]
    ],
    "reversion": [
      [
        1.1407730145439112,
        0.009173284054910644,
        0.2364336042232333,
        0.4422863909293568,
        0.4422863909293568,
        0.0
      ],
      [
        0.009173284054910644,
        1.0007335395346328,
        0.018675570447390502,
        0.030691013035313377,
        0.030691013035313377,
        0.0
      ],
      [
        0.2364336042232333,
        0.018675570447390502,
        1.505254188394114,
        0.7918692926310259,
        0.7918692926310259,
        0.0
      ],
      [
        0.4422863909293568,
        0.030691013035313377,
        0.7918692926310259,
        2.421648401800562,
        1.4216484018005795,
        0.0
      ],
      [
        0.4422863909293568,
        0.030691013035313377,
        0.7918692926310259,
        1.4216484018005795,
        2.421648401800562,
        0.0
      ],
      [
        0.0,
        0.0,
        0.0,
        0.0,
        0.0,
        1.0
      ]
    ],
    "vwap": [
      [
        1.0,
        0.0,
        0.0,
        0.0,
        0.0,
        0.0
      ],
      [
        0.0,
        1.0,
        0.0,
        0.0,
        0.0,
        0.0
      ],
      [
        0.0,
        0.0,
        1.0,
        0.0,
        0.0,
        0.0
      ],
      [
        0.0,
        0.0,
        0.0,
        1.0,
        0.0,
        0.0
      ],
      [
        0.0,
        0.0,
        0.0,
        0.0,
        1.0,
        0.0
      ],
      [
        0.0,
        0.0,
        0.0,
        0.0,
        0.0,
        1.0
      ]
    ]
  },
  "b": {
    "trend": [
      [
        0.029175425355074728
      ],
      [
        0.017533169063121
      ],
      [
        0.3191312226174338
      ],
      [
        0.06839747847572702
      ],
      [
        0.06839747847572702
      ],
      [
        0.0
      ]
    ],
    "breakout": [
      [
        0.0
      ],
      [
        0.0
      ],
      [
        0.0
      ],
      [
        0.0
      ],
      [
        0.0
      ],
      [
        0.0
      ]
    ],
    "reversion": [
      [
        -0.004023915001213008
      ],
      [
        -0.02913231430387473
      ],
      [
        -0.8023900726107275
      ],
      [
        -0.5052936928166982
      ],
      [
        -0.5052936928166982
      ],
      [
        0.0
      ]
    ],
    "vwap": [
      [
        0.0
      ],
      [
        0.0
      ],
      [
        0.0
      ],
      [
        0.0
      ],
      [
        0.0
      ],
      [
        0.0
      ]
    ]
  },
  "counts": {
    "trend": 1,
    "breakout": 0,
    "reversion": 8,
    "vwap": 0
  },
  "reward_sum": {
    "trend": 0.06839747847572702,
    "breakout": 0.0,
    "reversion": -0.5052936928166982,
    "vwap": 0.0
  },
  "disabled_until": {
    "trend": 0.0,
    "breakout": 0.0,
    "reversion": 0.0,
    "vwap": 0.0
  },
  "_snapshot_time": "2025-09-24T03:23:00.536168"
}