{
  "arms": [
    "trend",
    "breakout",
    "reversion",
    "vwap"
  ],
  "d": 6,
  "alpha": 0.6,
  "alpha_base": 0.6,
  "alpha_boost_until": 0.0,
  "A": {
    "trend": [
      [
        1.0987120249546067,
        0.05932165858864108,
        1.079747384225424,
        0.2314157726908244,
        0.2314157726908244,
        0.0
      ],
      [
        0.05932165858864108,
        1.0356497516824903,
        0.6488814885365211,
        0.13907087273211802,
        0.13907087273211802,
        0.0
      ],
      [
        1.079747384225424,
        0.6488814885365211,
        12.810662523413727,
        2.5313083724736622,
        2.5313083724736622,
        0.0
      ],
      [
        0.2314157726908244,
        0.13907087273211802,
        2.5313083724736622,
        1.5425201222922782,
        0.5425201222922789,
        0.0
      ],
      [
        0.2314157726908244,
        0.13907087273211802,
        2.5313083724736622,
        0.5425201222922789,
        1.5425201222922782,
        0.0
      ],
      [
        0.0,
        0.0,
        0.0,
        0.0,
        0.0,
        1.0
      ]
    ],
    "breakout": [
      [
        1.0,
        0.0,
        0.0,
        0.0,
        0.0,
        0.0
      ],
      [
        0.0,
        1.0,
        0.0,
        0.0,
        0.0,
        0.0
      ],
      [
        0.0,
        0.0,
        1.0,
        0.0,
        0.0,
        0.0
      ],
      [
        0.0,
        0.0,
        0.0,
        1.0,
        0.0,
        0.0
      ],
      [
        0.0,
        0.0,
        0.0,
        0.0,
        1.0,
        0.0
      ],
      [
        0.0,
        0.0,
        0.0,
        0.0,
        0.0,
        1.0
      ]
    ],
    "reversion": [
      [
        1.0802881112310923,
        0.00813960486055326,
        0.22943266631238926,
        0.2759920213447051,
        0.2759920213447051,
        0.0
      ],
      [
        0.00813960486055326,
        1.0008834165194136,
        0.023726473691646262,
        0.027699812219564888,
        0.027699812219564888,
        0.0
      ],
      [
        0.22943266631238926,
        0.023726473691646262,
        1.6593699786766805,
        0.7864336060622026,
        0.7864336060622026,
        0.0
      ],
      [
        0.2759920213447051,
        0.027699812219564888,
        0.7864336060622026,
        1.9500771002310575,
        0.9500771002310685,
        0.0
      ],
      [
        0.2759920213447051,
        0.027699812219564888,
        0.7864336060622026,
        0.9500771002310685,
        1.9500771002310575,
        0.0
      ],
      [
        0.0,
        0.0,
        0.0,
        0.0,
        0.0,
        1.0
      ]
    ],
    "vwap": [
      [
        1.0,
        0.0,
        0.0,
        0.0,
        0.0,
        0.0
      ],
      [
        0.0,
        1.0,
        0.0,
        0.0,
        0.0,
        0.0
      ],
      [
        0.0,
        0.0,
        1.0,
        0.0,
        0.0,
        0.0
      ],
      [
        0.0,
        0.0,
        0.0,
        1.0,
        0.0,
        0.0
      ],
      [
        0.0,
        0.0,
        0.0,
        0.0,
        1.0,
        0.0
      ],
      [
        0.0,
        0.0,
        0.0,
        0.0,
        0.0,
        1.0
      ]
    ]
  },
  "b": {
    "trend": [
      [
        0.23593508365327018
      ],
      [
        0.14178678320091256
      ],
      [
        2.5807422098652677
      ],
      [
        0.553114979797081
      ],
      [
        0.553114979797081
      ],
      [
        0.0
      ]
    ],
    "breakout": [
      [
        0.0
      ],
      [
        0.0
      ],
      [
        0.0
      ],
      [
        0.0
      ],
      [
        0.0
      ],
      [
        0.0
      ]
    ],
    "reversion": [
      [
        0.11003256569437751
      ],
      [
        0.01197208001424733
      ],
      [
        0.3209781709968924
      ],
      [
        0.37430684227391287
      ],
      [
        0.37430684227391287
      ],
      [
        0.0
      ]
    ],
    "vwap": [
      [
        0.0
      ],
      [
        0.0
      ],
      [
        0.0
      ],
      [
        0.0
      ],
      [
        0.0
      ],
      [
        0.0
      ]
    ]
  },
  "counts": {
    "trend": 1,
    "breakout": 0,
    "reversion": 2,
    "vwap": 0
  },
  "reward_sum": {
    "trend": 0.553114979797081,
    "breakout": 0.0,
    "reversion": 0.37430684227391287,
    "vwap": 0.0
  },
  "disabled_until": {
    "trend": 0.0,
    "breakout": 0.0,
    "reversion": 0.0,
    "vwap": 0.0
  },
  "_snapshot_time": "2025-09-18T13:30:00.951239"
}