{
  "arms": [
    "trend",
    "breakout",
    "reversion",
    "vwap"
  ],
  "d": 6,
  "alpha": 0.6,
  "alpha_base": 0.6,
  "alpha_boost_until": 0.0,
  "A": {
    "trend": [
      [
        1.0741798009304397,
        0.04457885274861404,
        0.8114051560976258,
        0.17390359440264122,
        0.17390359440264122,
        0.0
      ],
      [
        0.04457885274861404,
        1.0267899628666588,
        0.48761941282454135,
        0.10450854046642308,
        0.10450854046642308,
        0.0
      ],
      [
        0.8114051560976258,
        0.48761941282454135,
        9.875439392985083,
        1.9022196257244304,
        1.9022196257244304,
        0.0
      ],
      [
        0.17390359440264122,
        0.10450854046642308,
        1.9022196257244304,
        1.407691309046751,
        0.40769130904675194,
        0.0
      ],
      [
        0.17390359440264122,
        0.10450854046642308,
        1.9022196257244304,
        0.40769130904675194,
        1.407691309046751,
        0.0
      ],
      [
        0.0,
        0.0,
        0.0,
        0.0,
        0.0,
        1.0
      ]
    ],
    "breakout": [
      [
        1.0,
        0.0,
        0.0,
        0.0,
        0.0,
        0.0
      ],
      [
        0.0,
        1.0,
        0.0,
        0.0,
        0.0,
        0.0
      ],
      [
        0.0,
        0.0,
        1.0,
        0.0,
        0.0,
        0.0
      ],
      [
        0.0,
        0.0,
        0.0,
        1.0,
        0.0,
        0.0
      ],
      [
        0.0,
        0.0,
        0.0,
        0.0,
        1.0,
        0.0
      ],
      [
        0.0,
        0.0,
        0.0,
        0.0,
        0.0,
        1.0
      ]
    ],
    "reversion": [
      [
        1.0603346564001925,
        0.006116724568115603,
        0.17241333588100885,
        0.20740161303706048,
        0.20740161303706048,
        0.0
      ],
      [
        0.006116724568115603,
        1.0006638670575239,
        0.017829895557679033,
        0.020815767452879132,
        0.020815767452879132,
        0.0
      ],
      [
        0.17241333588100885,
        0.017829895557679033,
        1.4955012702883685,
        0.5909866439223503,
        0.5909866439223503,
        0.0
      ],
      [
        0.20740161303706048,
        0.020815767452879132,
        0.5909866439223503,
        1.7139609403830853,
        0.713960940383094,
        0.0
      ],
      [
        0.20740161303706048,
        0.020815767452879132,
        0.5909866439223503,
        0.713960940383094,
        1.7139609403830853,
        0.0
      ],
      [
        0.0,
        0.0,
        0.0,
        0.0,
        0.0,
        1.0
      ]
    ],
    "vwap": [
      [
        1.0,
        0.0,
        0.0,
        0.0,
        0.0,
        0.0
      ],
      [
        0.0,
        1.0,
        0.0,
        0.0,
        0.0,
        0.0
      ],
      [
        0.0,
        0.0,
        1.0,
        0.0,
        0.0,
        0.0
      ],
      [
        0.0,
        0.0,
        0.0,
        1.0,
        0.0,
        0.0
      ],
      [
        0.0,
        0.0,
        0.0,
        0.0,
        1.0,
        0.0
      ],
      [
        0.0,
        0.0,
        0.0,
        0.0,
        0.0,
        1.0
      ]
    ]
  },
  "b": {
    "trend": [
      [
        0.17729975193958916
      ],
      [
        0.10654948429279804
      ],
      [
        1.9393680098105968
      ],
      [
        0.4156530991220141
      ],
      [
        0.4156530991220141
      ],
      [
        0.0
      ]
    ],
    "breakout": [
      [
        0.0
      ],
      [
        0.0
      ],
      [
        0.0
      ],
      [
        0.0
      ],
      [
        0.0
      ],
      [
        0.0
      ]
    ],
    "reversion": [
      [
        0.08268692515251233
      ],
      [
        0.008996740899485746
      ],
      [
        0.2412076627798433
      ],
      [
        0.28128292434025987
      ],
      [
        0.28128292434025987
      ],
      [
        0.0
      ]
    ],
    "vwap": [
      [
        0.0
      ],
      [
        0.0
      ],
      [
        0.0
      ],
      [
        0.0
      ],
      [
        0.0
      ],
      [
        0.0
      ]
    ]
  },
  "counts": {
    "trend": 1,
    "breakout": 0,
    "reversion": 2,
    "vwap": 0
  },
  "reward_sum": {
    "trend": 0.4156530991220141,
    "breakout": 0.0,
    "reversion": 0.28128292434025987,
    "vwap": 0.0
  },
  "disabled_until": {
    "trend": 0.0,
    "breakout": 0.0,
    "reversion": 0.0,
    "vwap": 0.0
  },
  "_snapshot_time": "2025-09-19T01:12:00.149061"
}