{
  "arms": [
    "trend",
    "breakout",
    "reversion",
    "vwap"
  ],
  "d": 6,
  "alpha": 0.6,
  "alpha_base": 0.6,
  "alpha_boost_until": 0.0,
  "A": {
    "trend": [
      [
        1.0146940239843532,
        0.008830473029946032,
        0.1607284823520275,
        0.034447970405226326,
        0.034447970405226326,
        0.0
      ],
      [
        0.008830473029946032,
        1.0053067324522984,
        0.09659086782934548,
        0.020701740648013077,
        0.020701740648013077,
        0.0
      ],
      [
        0.1607284823520275,
        0.09659086782934548,
        2.7581055445872056,
        0.37680420347999755,
        0.37680420347999755,
        0.0
      ],
      [
        0.034447970405226326,
        0.020701740648013077,
        0.37680420347999755,
        1.0807581821224108,
        0.08075818212241151,
        0.0
      ],
      [
        0.034447970405226326,
        0.020701740648013077,
        0.37680420347999755,
        0.08075818212241151,
        1.0807581821224108,
        0.0
      ],
      [
        0.0,
        0.0,
        0.0,
        0.0,
        0.0,
        1.0
      ]
    ],
    "breakout": [
      [
        1.0,
        0.0,
        0.0,
        0.0,
        0.0,
        0.0
      ],
      [
        0.0,
        1.0,
        0.0,
        0.0,
        0.0,
        0.0
      ],
      [
        0.0,
        0.0,
        1.0,
        0.0,
        0.0,
        0.0
      ],
      [
        0.0,
        0.0,
        0.0,
        1.0,
        0.0,
        0.0
      ],
      [
        0.0,
        0.0,
        0.0,
        0.0,
        1.0,
        0.0
      ],
      [
        0.0,
        0.0,
        0.0,
        0.0,
        0.0,
        1.0
      ]
    ],
    "reversion": [
      [
        1.1694593058910896,
        0.011042587627489381,
        0.28461331591716743,
        0.5324141495072257,
        0.5324141495072257,
        0.0
      ],
      [
        0.011042587627489381,
        1.0008830179618249,
        0.022481220675627443,
        0.036945133148628725,
        0.036945133148628725,
        0.0
      ],
      [
        0.28461331591716743,
        0.022481220675627443,
        1.608213330809408,
        0.9532339782626855,
        0.9532339782626855,
        0.0
      ],
      [
        0.5324141495072257,
        0.036945133148628725,
        0.9532339782626855,
        2.711347534687881,
        1.711347534687898,
        0.0
      ],
      [
        0.5324141495072257,
        0.036945133148628725,
        0.9532339782626855,
        1.711347534687898,
        2.711347534687881,
        0.0
      ],
      [
        0.0,
        0.0,
        0.0,
        0.0,
        0.0,
        1.0
      ]
    ],
    "vwap": [
      [
        1.0,
        0.0,
        0.0,
        0.0,
        0.0,
        0.0
      ],
      [
        0.0,
        1.0,
        0.0,
        0.0,
        0.0,
        0.0
      ],
      [
        0.0,
        0.0,
        1.0,
        0.0,
        0.0,
        0.0
      ],
      [
        0.0,
        0.0,
        0.0,
        1.0,
        0.0,
        0.0
      ],
      [
        0.0,
        0.0,
        0.0,
        0.0,
        1.0,
        0.0
      ],
      [
        0.0,
        0.0,
        0.0,
        0.0,
        0.0,
        1.0
      ]
    ]
  },
  "b": {
    "trend": [
      [
        0.03512070367865942
      ],
      [
        0.021106024255670503
      ],
      [
        0.3841628002933527
      ],
      [
        0.08233530598708706
      ],
      [
        0.08233530598708706
      ],
      [
        0.0
      ]
    ],
    "breakout": [
      [
        0.0
      ],
      [
        0.0
      ],
      [
        0.0
      ],
      [
        0.0
      ],
      [
        0.0
      ],
      [
        0.0
      ]
    ],
    "reversion": [
      [
        -0.0048438960071967895
      ],
      [
        -0.03506880759022049
      ],
      [
        -0.9658986503844651
      ],
      [
        -0.6082608853215592
      ],
      [
        -0.6082608853215592
      ],
      [
        0.0
      ]
    ],
    "vwap": [
      [
        0.0
      ],
      [
        0.0
      ],
      [
        0.0
      ],
      [
        0.0
      ],
      [
        0.0
      ],
      [
        0.0
      ]
    ]
  },
  "counts": {
    "trend": 1,
    "breakout": 0,
    "reversion": 8,
    "vwap": 0
  },
  "reward_sum": {
    "trend": 0.08233530598708706,
    "breakout": 0.0,
    "reversion": -0.6082608853215592,
    "vwap": 0.0
  },
  "disabled_until": {
    "trend": 0.0,
    "breakout": 0.0,
    "reversion": 0.0,
    "vwap": 0.0
  },
  "_snapshot_time": "2025-09-23T19:02:00.730832"
}