{
  "arms": [
    "trend",
    "breakout",
    "reversion",
    "vwap"
  ],
  "d": 6,
  "alpha": 0.6,
  "alpha_base": 0.6,
  "alpha_boost_until": 0.0,
  "A": {
    "trend": [
      [
        1.070200394340171,
        0.04218740146147999,
        0.7678769855572297,
        0.16457446300895895,
        0.16457446300895895,
        0.0
      ],
      [
        0.04218740146147999,
        1.025352804051895,
        0.46146086453244667,
        0.098902135900018,
        0.098902135900018,
        0.0
      ],
      [
        0.7678769855572297,
        0.46146086453244667,
        9.399312717408087,
        1.800174254615328,
        1.800174254615328,
        0.0
      ],
      [
        0.16457446300895895,
        0.098902135900018,
        1.800174254615328,
        1.3858205374665302,
        0.3858205374665315,
        0.0
      ],
      [
        0.16457446300895895,
        0.098902135900018,
        1.800174254615328,
        0.3858205374665315,
        1.3858205374665302,
        0.0
      ],
      [
        0.0,
        0.0,
        0.0,
        0.0,
        0.0,
        1.0
      ]
    ],
    "breakout": [
      [
        1.0,
        0.0,
        0.0,
        0.0,
        0.0,
        0.0
      ],
      [
        0.0,
        1.0,
        0.0,
        0.0,
        0.0,
        0.0
      ],
      [
        0.0,
        0.0,
        1.0,
        0.0,
        0.0,
        0.0
      ],
      [
        0.0,
        0.0,
        0.0,
        1.0,
        0.0,
        0.0
      ],
      [
        0.0,
        0.0,
        0.0,
        0.0,
        1.0,
        0.0
      ],
      [
        0.0,
        0.0,
        0.0,
        0.0,
        0.0,
        1.0
      ]
    ],
    "reversion": [
      [
        1.0570979784057926,
        0.005788590308493605,
        0.1631641500319061,
        0.19627546635831764,
        0.19627546635831764,
        0.0
      ],
      [
        0.005788590308493605,
        1.0006282536302753,
        0.01687340331860492,
        0.019699096861363775,
        0.019699096861363775,
        0.0
      ],
      [
        0.1631641500319061,
        0.01687340331860492,
        1.468919896440776,
        0.5592829170844927,
        0.5592829170844927,
        0.0
      ],
      [
        0.19627546635831764,
        0.019699096861363775,
        0.5592829170844927,
        1.6756602057394456,
        0.6756602057394535,
        0.0
      ],
      [
        0.19627546635831764,
        0.019699096861363775,
        0.5592829170844927,
        0.6756602057394535,
        1.6756602057394456,
        0.0
      ],
      [
        0.0,
        0.0,
        0.0,
        0.0,
        0.0,
        1.0
      ]
    ],
    "vwap": [
      [
        1.0,
        0.0,
        0.0,
        0.0,
        0.0,
        0.0
      ],
      [
        0.0,
        1.0,
        0.0,
        0.0,
        0.0,
        0.0
      ],
      [
        0.0,
        0.0,
        1.0,
        0.0,
        0.0,
        0.0
      ],
      [
        0.0,
        0.0,
        0.0,
        1.0,
        0.0,
        0.0
      ],
      [
        0.0,
        0.0,
        0.0,
        0.0,
        1.0,
        0.0
      ],
      [
        0.0,
        0.0,
        0.0,
        0.0,
        0.0,
        1.0
      ]
    ]
  },
  "b": {
    "trend": [
      [
        0.16778843224781756
      ],
      [
        0.10083359243724993
      ],
      [
        1.8353297980279406
      ],
      [
        0.39335521396776907
      ],
      [
        0.39335521396776907
      ],
      [
        0.0
      ]
    ],
    "breakout": [
      [
        0.0
      ],
      [
        0.0
      ],
      [
        0.0
      ],
      [
        0.0
      ],
      [
        0.0
      ],
      [
        0.0
      ]
    ],
    "reversion": [
      [
        0.07825115030877142
      ],
      [
        0.00851410695362325
      ],
      [
        0.22826797635780124
      ],
      [
        0.26619338367272305
      ],
      [
        0.26619338367272305
      ],
      [
        0.0
      ]
    ],
    "vwap": [
      [
        0.0
      ],
      [
        0.0
      ],
      [
        0.0
      ],
      [
        0.0
      ],
      [
        0.0
      ],
      [
        0.0
      ]
    ]
  },
  "counts": {
    "trend": 1,
    "breakout": 0,
    "reversion": 2,
    "vwap": 0
  },
  "reward_sum": {
    "trend": 0.39335521396776907,
    "breakout": 0.0,
    "reversion": 0.26619338367272305,
    "vwap": 0.0
  },
  "disabled_until": {
    "trend": 0.0,
    "breakout": 0.0,
    "reversion": 0.0,
    "vwap": 0.0
  },
  "_snapshot_time": "2025-09-19T02:56:00.440345"
}