{
  "arms": [
    "trend",
    "breakout",
    "reversion",
    "vwap"
  ],
  "d": 6,
  "alpha": 0.6,
  "alpha_base": 0.6,
  "alpha_boost_until": 0.0,
  "A": {
    "trend": [
      [
        1.1519095638675614,
        0.0912910791592505,
        1.661641064503063,
        0.35612955075842084,
        0.35612955075842084,
        0.0
      ],
      [
        0.0912910791592505,
        1.0548619910549313,
        0.9985744287045704,
        0.21401846059922622,
        0.21401846059922622,
        0.0
      ],
      [
        1.661641064503063,
        0.9985744287045704,
        19.175623423223215,
        3.895472218846811,
        3.895472218846811,
        0.0
      ],
      [
        0.35612955075842084,
        0.21401846059922622,
        3.895472218846811,
        1.8348931673187265,
        0.8348931673187264,
        0.0
      ],
      [
        0.35612955075842084,
        0.21401846059922622,
        3.895472218846811,
        0.8348931673187264,
        1.8348931673187265,
        0.0
      ],
      [
        0.0,
        0.0,
        0.0,
        0.0,
        0.0,
        1.0
      ]
    ],
    "breakout": [
      [
        1.0,
        0.0,
        0.0,
        0.0,
        0.0,
        0.0
      ],
      [
        0.0,
        1.0,
        0.0,
        0.0,
        0.0,
        0.0
      ],
      [
        0.0,
        0.0,
        1.0,
        0.0,
        0.0,
        0.0
      ],
      [
        0.0,
        0.0,
        0.0,
        1.0,
        0.0,
        0.0
      ],
      [
        0.0,
        0.0,
        0.0,
        0.0,
        1.0,
        0.0
      ],
      [
        0.0,
        0.0,
        0.0,
        0.0,
        0.0,
        1.0
      ]
    ],
    "reversion": [
      [
        1.1235566990594514,
        0.012526172216500892,
        0.3530777156330691,
        0.4247286752822766,
        0.4247286752822766,
        0.0
      ],
      [
        0.012526172216500892,
        1.0013595042573522,
        0.036513061830821786,
        0.04262769804816072,
        0.04262769804816072,
        0.0
      ],
      [
        0.3530777156330691,
        0.036513061830821786,
        2.0147153392324775,
        1.2102556518584349,
        1.2102556518584349,
        0.0
      ],
      [
        0.4247286752822766,
        0.04262769804816072,
        1.2102556518584349,
        2.4620893250141336,
        1.4620893250141411,
        0.0
      ],
      [
        0.4247286752822766,
        0.04262769804816072,
        1.2102556518584349,
        1.4620893250141411,
        2.4620893250141336,
        0.0
      ],
      [
        0.0,
        0.0,
        0.0,
        0.0,
        0.0,
        1.0
      ]
    ],
    "vwap": [
      [
        1.0,
        0.0,
        0.0,
        0.0,
        0.0,
        0.0
      ],
      [
        0.0,
        1.0,
        0.0,
        0.0,
        0.0,
        0.0
      ],
      [
        0.0,
        0.0,
        1.0,
        0.0,
        0.0,
        0.0
      ],
      [
        0.0,
        0.0,
        0.0,
        1.0,
        0.0,
        0.0
      ],
      [
        0.0,
        0.0,
        0.0,
        0.0,
        1.0,
        0.0
      ],
      [
        0.0,
        0.0,
        0.0,
        0.0,
        0.0,
        1.0
      ]
    ]
  },
  "b": {
    "trend": [
      [
        0.36308439296333694
      ],
      [
        0.21819802002987956
      ],
      [
        3.9715467668252558
      ],
      [
        0.8511977683390533
      ],
      [
        0.8511977683390533
      ],
      [
        0.0
      ]
    ],
    "breakout": [
      [
        0.0
      ],
      [
        0.0
      ],
      [
        0.0
      ],
      [
        0.0
      ],
      [
        0.0
      ],
      [
        0.0
      ]
    ],
    "reversion": [
      [
        0.16933093079134265
      ],
      [
        0.018424031463119106
      ],
      [
        0.4939586032154463
      ],
      [
        0.5760269753216218
      ],
      [
        0.5760269753216218
      ],
      [
        0.0
      ]
    ],
    "vwap": [
      [
        0.0
      ],
      [
        0.0
      ],
      [
        0.0
      ],
      [
        0.0
      ],
      [
        0.0
      ],
      [
        0.0
      ]
    ]
  },
  "counts": {
    "trend": 1,
    "breakout": 0,
    "reversion": 2,
    "vwap": 0
  },
  "reward_sum": {
    "trend": 0.8511977683390533,
    "breakout": 0.0,
    "reversion": 0.5760269753216218,
    "vwap": 0.0
  },
  "disabled_until": {
    "trend": 0.0,
    "breakout": 0.0,
    "reversion": 0.0,
    "vwap": 0.0
  },
  "_snapshot_time": "2025-09-17T23:09:00.303184"
}