{
  "arms": [
    "trend",
    "breakout",
    "reversion",
    "vwap"
  ],
  "d": 6,
  "alpha": 0.6,
  "alpha_base": 0.6,
  "alpha_boost_until": 0.0,
  "A": {
    "trend": [
      [
        1.1654218007652473,
        0.09941134925179478,
        1.8094427376226256,
        0.3878069957697803,
        0.3878069957697803,
        0.0
      ],
      [
        0.09941134925179478,
        1.059741922251753,
        1.0873968431536771,
        0.23305523528588143,
        0.23305523528588143,
        0.0
      ],
      [
        1.8094427376226256,
        1.0873968431536771,
        20.792330911580166,
        4.2419714260679084,
        4.2419714260679084,
        0.0
      ],
      [
        0.3878069957697803,
        0.23305523528588143,
        4.2419714260679084,
        1.9091562615825302,
        0.9091562615825302,
        0.0
      ],
      [
        0.3878069957697803,
        0.23305523528588143,
        4.2419714260679084,
        0.9091562615825302,
        1.9091562615825302,
        0.0
      ],
      [
        0.0,
        0.0,
        0.0,
        0.0,
        0.0,
        1.0
      ]
    ],
    "breakout": [
      [
        1.0,
        0.0,
        0.0,
        0.0,
        0.0,
        0.0
      ],
      [
        0.0,
        1.0,
        0.0,
        0.0,
        0.0,
        0.0
      ],
      [
        0.0,
        0.0,
        1.0,
        0.0,
        0.0,
        0.0
      ],
      [
        0.0,
        0.0,
        0.0,
        1.0,
        0.0,
        0.0
      ],
      [
        0.0,
        0.0,
        0.0,
        0.0,
        1.0,
        0.0
      ],
      [
        0.0,
        0.0,
        0.0,
        0.0,
        0.0,
        1.0
      ]
    ],
    "reversion": [
      [
        1.1345469708072065,
        0.013640365438450599,
        0.38448370229686607,
        0.4625079587687193,
        0.4625079587687193,
        0.0
      ],
      [
        0.013640365438450599,
        1.0014804310977765,
        0.03976087012384049,
        0.046419398450460225,
        0.046419398450460225,
        0.0
      ],
      [
        0.38448370229686607,
        0.03976087012384049,
        2.1049734750492513,
        1.3179069455513837,
        1.3179069455513837,
        0.0
      ],
      [
        0.4625079587687193,
        0.046419398450460225,
        1.3179069455513837,
        2.5921410269753946,
        1.5921410269754004,
        0.0
      ],
      [
        0.4625079587687193,
        0.046419398450460225,
        1.3179069455513837,
        1.5921410269754004,
        2.5921410269753946,
        0.0
      ],
      [
        0.0,
        0.0,
        0.0,
        0.0,
        0.0,
        1.0
      ]
    ],
    "vwap": [
      [
        1.0,
        0.0,
        0.0,
        0.0,
        0.0,
        0.0
      ],
      [
        0.0,
        1.0,
        0.0,
        0.0,
        0.0,
        0.0
      ],
      [
        0.0,
        0.0,
        1.0,
        0.0,
        0.0,
        0.0
      ],
      [
        0.0,
        0.0,
        0.0,
        1.0,
        0.0,
        0.0
      ],
      [
        0.0,
        0.0,
        0.0,
        0.0,
        1.0,
        0.0
      ],
      [
        0.0,
        0.0,
        0.0,
        0.0,
        0.0,
        1.0
      ]
    ]
  },
  "b": {
    "trend": [
      [
        0.3953804657494479
      ],
      [
        0.23760656325906163
      ],
      [
        4.324812745591199
      ],
      [
        0.9269111441118014
      ],
      [
        0.9269111441118014
      ],
      [
        0.0
      ]
    ],
    "breakout": [
      [
        0.0
      ],
      [
        0.0
      ],
      [
        0.0
      ],
      [
        0.0
      ],
      [
        0.0
      ],
      [
        0.0
      ]
    ],
    "reversion": [
      [
        0.1843927846516636
      ],
      [
        0.02006283465234508
      ],
      [
        0.5378958346468798
      ],
      [
        0.6272641242662995
      ],
      [
        0.6272641242662995
      ],
      [
        0.0
      ]
    ],
    "vwap": [
      [
        0.0
      ],
      [
        0.0
      ],
      [
        0.0
      ],
      [
        0.0
      ],
      [
        0.0
      ],
      [
        0.0
      ]
    ]
  },
  "counts": {
    "trend": 1,
    "breakout": 0,
    "reversion": 2,
    "vwap": 0
  },
  "reward_sum": {
    "trend": 0.9269111441118014,
    "breakout": 0.0,
    "reversion": 0.6272641242662995,
    "vwap": 0.0
  },
  "disabled_until": {
    "trend": 0.0,
    "breakout": 0.0,
    "reversion": 0.0,
    "vwap": 0.0
  },
  "_snapshot_time": "2025-09-17T18:53:00.894515"
}