{
  "arms": [
    "trend",
    "breakout",
    "reversion",
    "vwap"
  ],
  "d": 6,
  "alpha": 0.6,
  "alpha_base": 0.6,
  "alpha_boost_until": 0.0,
  "A": {
    "trend": [
      [
        1.0112095222836555,
        0.006736438181249844,
        0.1226137582504068,
        0.02627907047758115,
        0.02627907047758115,
        0.0
      ],
      [
        0.006736438181249844,
        1.004048308056444,
        0.0736855667639853,
        0.01579258502309922,
        0.01579258502309922,
        0.0
      ],
      [
        0.1226137582504068,
        0.0736855667639853,
        2.3411930795848477,
        0.28744985852627697,
        0.28744985852627697,
        0.0
      ],
      [
        0.02627907047758115,
        0.01579258502309922,
        0.28744985852627697,
        1.0616074019650856,
        0.061607401965086545,
        0.0
      ],
      [
        0.02627907047758115,
        0.01579258502309922,
        0.28744985852627697,
        0.061607401965086545,
        1.0616074019650856,
        0.0
      ],
      [
        0.0,
        0.0,
        0.0,
        0.0,
        0.0,
        1.0
      ]
    ],
    "breakout": [
      [
        1.0,
        0.0,
        0.0,
        0.0,
        0.0,
        0.0
      ],
      [
        0.0,
        1.0,
        0.0,
        0.0,
        0.0,
        0.0
      ],
      [
        0.0,
        0.0,
        1.0,
        0.0,
        0.0,
        0.0
      ],
      [
        0.0,
        0.0,
        0.0,
        1.0,
        0.0,
        0.0
      ],
      [
        0.0,
        0.0,
        0.0,
        0.0,
        1.0,
        0.0
      ],
      [
        0.0,
        0.0,
        0.0,
        0.0,
        0.0,
        1.0
      ]
    ],
    "reversion": [
      [
        1.1292741775555628,
        0.008423977816516956,
        0.21712087243057332,
        0.406158876519445,
        0.406158876519445,
        0.0
      ],
      [
        0.008423977816516956,
        1.0006736214348426,
        0.017150083897750794,
        0.02818406270080677,
        0.02818406270080677,
        0.0
      ],
      [
        0.21712087243057332,
        0.017150083897750794,
        1.4639832419073335,
        0.727186612207193,
        0.727186612207193,
        0.0
      ],
      [
        0.406158876519445,
        0.02818406270080677,
        0.727186612207193,
        2.3055231395831184,
        1.305523139583135,
        0.0
      ],
      [
        0.406158876519445,
        0.02818406270080677,
        0.727186612207193,
        1.305523139583135,
        2.3055231395831184,
        0.0
      ],
      [
        0.0,
        0.0,
        0.0,
        0.0,
        0.0,
        1.0
      ]
    ],
    "vwap": [
      [
        1.0,
        0.0,
        0.0,
        0.0,
        0.0,
        0.0
      ],
      [
        0.0,
        1.0,
        0.0,
        0.0,
        0.0,
        0.0
      ],
      [
        0.0,
        0.0,
        1.0,
        0.0,
        0.0,
        0.0
      ],
      [
        0.0,
        0.0,
        0.0,
        1.0,
        0.0,
        0.0
      ],
      [
        0.0,
        0.0,
        0.0,
        0.0,
        1.0,
        0.0
      ],
      [
        0.0,
        0.0,
        0.0,
        0.0,
        0.0,
        1.0
      ]
    ]
  },
  "b": {
    "trend": [
      [
        0.02679227357480862
      ],
      [
        0.016100997893105286
      ],
      [
        0.2930634572956525
      ],
      [
        0.06281053087817336
      ],
      [
        0.06281053087817336
      ],
      [
        0.0
      ]
    ],
    "breakout": [
      [
        0.0
      ],
      [
        0.0
      ],
      [
        0.0
      ],
      [
        0.0
      ],
      [
        0.0
      ],
      [
        0.0
      ]
    ],
    "reversion": [
      [
        -0.003695227412872079
      ],
      [
        -0.026752683986523595
      ],
      [
        -0.7368480177224858
      ],
      [
        -0.46401951946916586
      ],
      [
        -0.46401951946916586
      ],
      [
        0.0
      ]
    ],
    "vwap": [
      [
        0.0
      ],
      [
        0.0
      ],
      [
        0.0
      ],
      [
        0.0
      ],
      [
        0.0
      ],
      [
        0.0
      ]
    ]
  },
  "counts": {
    "trend": 1,
    "breakout": 0,
    "reversion": 8,
    "vwap": 0
  },
  "reward_sum": {
    "trend": 0.06281053087817336,
    "breakout": 0.0,
    "reversion": -0.46401951946916586,
    "vwap": 0.0
  },
  "disabled_until": {
    "trend": 0.0,
    "breakout": 0.0,
    "reversion": 0.0,
    "vwap": 0.0
  },
  "_snapshot_time": "2025-09-24T06:15:00.515275"
}