{
  "arms": [
    "trend",
    "breakout",
    "reversion",
    "vwap"
  ],
  "d": 6,
  "alpha": 0.6,
  "alpha_base": 0.6,
  "alpha_boost_until": 0.0,
  "A": {
    "trend": [
      [
        1.0138362281090134,
        0.008314974800839476,
        0.15134560470340383,
        0.03243699458547256,
        0.03243699458547256,
        0.0
      ],
      [
        0.008314974800839476,
        1.0049969403072774,
        0.09095216408776373,
        0.01949323113699551,
        0.01949323113699551,
        0.0
      ],
      [
        0.15134560470340383,
        0.09095216408776373,
        2.6554722777459303,
        0.35480743173797097,
        0.35480743173797097,
        0.0
      ],
      [
        0.03243699458547256,
        0.01949323113699551,
        0.35480743173797097,
        1.0760437461314067,
        0.07604374613140748,
        0.0
      ],
      [
        0.03243699458547256,
        0.01949323113699551,
        0.35480743173797097,
        0.07604374613140748,
        1.0760437461314067,
        0.0
      ],
      [
        0.0,
        0.0,
        0.0,
        0.0,
        0.0,
        1.0
      ]
    ],
    "breakout": [
      [
        1.0,
        0.0,
        0.0,
        0.0,
        0.0,
        0.0
      ],
      [
        0.0,
        1.0,
        0.0,
        0.0,
        0.0,
        0.0
      ],
      [
        0.0,
        0.0,
        1.0,
        0.0,
        0.0,
        0.0
      ],
      [
        0.0,
        0.0,
        0.0,
        1.0,
        0.0,
        0.0
      ],
      [
        0.0,
        0.0,
        0.0,
        0.0,
        1.0,
        0.0
      ],
      [
        0.0,
        0.0,
        0.0,
        0.0,
        0.0,
        1.0
      ]
    ],
    "reversion": [
      [
        1.15956674727093,
        0.01039795235739451,
        0.26799838941913107,
        0.501333305899924,
        0.501333305899924,
        0.0
      ],
      [
        0.01039795235739451,
        1.0008314698517695,
        0.02116883011544581,
        0.03478837997723713,
        0.03478837997723713,
        0.0
      ],
      [
        0.26799838941913107,
        0.02116883011544581,
        1.5727075437594964,
        0.8975868542578672,
        0.8975868542578672,
        0.0
      ],
      [
        0.501333305899924,
        0.03478837997723713,
        0.8975868542578672,
        2.6114438692187987,
        1.6114438692188153,
        0.0
      ],
      [
        0.501333305899924,
        0.03478837997723713,
        0.8975868542578672,
        1.6114438692188153,
        2.6114438692187987,
        0.0
      ],
      [
        0.0,
        0.0,
        0.0,
        0.0,
        0.0,
        1.0
      ]
    ],
    "vwap": [
      [
        1.0,
        0.0,
        0.0,
        0.0,
        0.0,
        0.0
      ],
      [
        0.0,
        1.0,
        0.0,
        0.0,
        0.0,
        0.0
      ],
      [
        0.0,
        0.0,
        1.0,
        0.0,
        0.0,
        0.0
      ],
      [
        0.0,
        0.0,
        0.0,
        1.0,
        0.0,
        0.0
      ],
      [
        0.0,
        0.0,
        0.0,
        0.0,
        1.0,
        0.0
      ],
      [
        0.0,
        0.0,
        0.0,
        0.0,
        0.0,
        1.0
      ]
    ]
  },
  "b": {
    "trend": [
      [
        0.03307045557870733
      ],
      [
        0.019873913802427364
      ],
      [
        0.36173645432431356
      ],
      [
        0.07752880193171492
      ],
      [
        0.07752880193171492
      ],
      [
        0.0
      ]
    ],
    "breakout": [
      [
        0.0
      ],
      [
        0.0
      ],
      [
        0.0
      ],
      [
        0.0
      ],
      [
        0.0
      ],
      [
        0.0
      ]
    ],
    "reversion": [
      [
        -0.00456112295469798
      ],
      [
        -0.03302158903824358
      ],
      [
        -0.9095121983698273
      ],
      [
        -0.5727523221727099
      ],
      [
        -0.5727523221727099
      ],
      [
        0.0
      ]
    ],
    "vwap": [
      [
        0.0
      ],
      [
        0.0
      ],
      [
        0.0
      ],
      [
        0.0
      ],
      [
        0.0
      ],
      [
        0.0
      ]
    ]
  },
  "counts": {
    "trend": 1,
    "breakout": 0,
    "reversion": 8,
    "vwap": 0
  },
  "reward_sum": {
    "trend": 0.07752880193171492,
    "breakout": 0.0,
    "reversion": -0.5727523221727099,
    "vwap": 0.0
  },
  "disabled_until": {
    "trend": 0.0,
    "breakout": 0.0,
    "reversion": 0.0,
    "vwap": 0.0
  },
  "_snapshot_time": "2025-09-23T23:19:00.627564"
}