{
  "arms": [
    "trend",
    "breakout",
    "reversion",
    "vwap"
  ],
  "d": 6,
  "alpha": 0.6,
  "alpha_base": 0.6,
  "alpha_boost_until": 0.0,
  "A": {
    "trend": [
      [
        1.018137246400166,
        0.010899700813386065,
        0.19839167889258683,
        0.04252009714225228,
        0.04252009714225228,
        0.0
      ],
      [
        0.010899700813386065,
        1.0065502488746154,
        0.11922482035502206,
        0.02555273976993672,
        0.02555273976993672,
        0.0
      ],
      [
        0.19839167889258683,
        0.11922482035502206,
        3.170079039862363,
        0.4651000087119136,
        0.4651000087119136,
        0.0
      ],
      [
        0.04252009714225228,
        0.02555273976993672,
        0.4651000087119136,
        1.0996820918179746,
        0.0996820918179746,
        0.0
      ],
      [
        0.04252009714225228,
        0.02555273976993672,
        0.4651000087119136,
        0.0996820918179746,
        1.0996820918179746,
        0.0
      ],
      [
        0.0,
        0.0,
        0.0,
        0.0,
        0.0,
        1.0
      ]
    ],
    "breakout": [
      [
        1.0,
        0.0,
        0.0,
        0.0,
        0.0,
        0.0
      ],
      [
        0.0,
        1.0,
        0.0,
        0.0,
        0.0,
        0.0
      ],
      [
        0.0,
        0.0,
        1.0,
        0.0,
        0.0,
        0.0
      ],
      [
        0.0,
        0.0,
        0.0,
        1.0,
        0.0,
        0.0
      ],
      [
        0.0,
        0.0,
        0.0,
        0.0,
        1.0,
        0.0
      ],
      [
        0.0,
        0.0,
        0.0,
        0.0,
        0.0,
        1.0
      ]
    ],
    "reversion": [
      [
        1.2091683795412975,
        0.013630175975518318,
        0.3513062075477302,
        0.6571737344944503,
        0.6571737344944503,
        0.0
      ],
      [
        0.013630175975518318,
        1.001089933864709,
        0.027749201934377646,
        0.04560241523473925,
        0.04560241523473925,
        0.0
      ],
      [
        0.3513062075477302,
        0.027749201934377646,
        1.7507347923552934,
        1.1766034654069404,
        1.1766034654069404,
        0.0
      ],
      [
        0.6571737344944503,
        0.04560241523473925,
        1.1766034654069404,
        3.1123643153166136,
        2.1123643153166296,
        0.0
      ],
      [
        0.6571737344944503,
        0.04560241523473925,
        1.1766034654069404,
        2.1123643153166296,
        3.1123643153166136,
        0.0
      ],
      [
        0.0,
        0.0,
        0.0,
        0.0,
        0.0,
        1.0
      ]
    ],
    "vwap": [
      [
        1.0,
        0.0,
        0.0,
        0.0,
        0.0,
        0.0
      ],
      [
        0.0,
        1.0,
        0.0,
        0.0,
        0.0,
        0.0
      ],
      [
        0.0,
        0.0,
        1.0,
        0.0,
        0.0,
        0.0
      ],
      [
        0.0,
        0.0,
        0.0,
        1.0,
        0.0,
        0.0
      ],
      [
        0.0,
        0.0,
        0.0,
        0.0,
        1.0,
        0.0
      ],
      [
        0.0,
        0.0,
        0.0,
        0.0,
        0.0,
        1.0
      ]
    ]
  },
  "b": {
    "trend": [
      [
        0.043350470711455695
      ],
      [
        0.026051758378824213
      ],
      [
        0.4741829313820707
      ],
      [
        0.10162878008850311
      ],
      [
        0.10162878008850311
      ],
      [
        0.0
      ]
    ],
    "breakout": [
      [
        0.0
      ],
      [
        0.0
      ],
      [
        0.0
      ],
      [
        0.0
      ],
      [
        0.0
      ],
      [
        0.0
      ]
    ],
    "reversion": [
      [
        -0.0059789568543558574
      ],
      [
        -0.04328641391229546
      ],
      [
        -1.192235825820578
      ],
      [
        -0.7507934902249342
      ],
      [
        -0.7507934902249342
      ],
      [
        0.0
      ]
    ],
    "vwap": [
      [
        0.0
      ],
      [
        0.0
      ],
      [
        0.0
      ],
      [
        0.0
      ],
      [
        0.0
      ],
      [
        0.0
      ]
    ]
  },
  "counts": {
    "trend": 1,
    "breakout": 0,
    "reversion": 8,
    "vwap": 0
  },
  "reward_sum": {
    "trend": 0.10162878008850311,
    "breakout": 0.0,
    "reversion": -0.7507934902249342,
    "vwap": 0.0
  },
  "disabled_until": {
    "trend": 0.0,
    "breakout": 0.0,
    "reversion": 0.0,
    "vwap": 0.0
  },
  "_snapshot_time": "2025-09-23T10:36:00.258642"
}