{
  "arms": [
    "trend",
    "breakout",
    "reversion",
    "vwap"
  ],
  "d": 6,
  "alpha": 0.6,
  "alpha_base": 0.6,
  "alpha_boost_until": 0.0,
  "A": {
    "trend": [
      [
        1.0404462660024096,
        0.02430645692947495,
        0.44241570302981914,
        0.09482030080641994,
        0.09482030080641994,
        0.0
      ],
      [
        0.02430645692947495,
        1.0146071295785162,
        0.26587270701272314,
        0.05698290065772006,
        0.05698290065772006,
        0.0
      ],
      [
        0.44241570302981914,
        0.26587270701272314,
        5.839300969728641,
        1.0371783155525534,
        1.0371783155525534,
        0.0
      ],
      [
        0.09482030080641994,
        0.05698290065772006,
        1.0371783155525534,
        1.2222921998407474,
        0.22229219984074702,
        0.0
      ],
      [
        0.09482030080641994,
        0.05698290065772006,
        1.0371783155525534,
        0.22229219984074702,
        1.2222921998407474,
        0.0
      ],
      [
        0.0,
        0.0,
        0.0,
        0.0,
        0.0,
        1.0
      ]
    ],
    "breakout": [
      [
        1.0,
        0.0,
        0.0,
        0.0,
        0.0,
        0.0
      ],
      [
        0.0,
        1.0,
        0.0,
        0.0,
        0.0,
        0.0
      ],
      [
        0.0,
        0.0,
        1.0,
        0.0,
        0.0,
        0.0
      ],
      [
        0.0,
        0.0,
        0.0,
        1.0,
        0.0,
        0.0
      ],
      [
        0.0,
        0.0,
        0.0,
        0.0,
        1.0,
        0.0
      ],
      [
        0.0,
        0.0,
        0.0,
        0.0,
        0.0,
        1.0
      ]
    ],
    "reversion": [
      [
        1.4664478681914583,
        0.030395447633133624,
        0.7834168431787808,
        1.4655049112040044,
        1.4655049112040044,
        0.0
      ],
      [
        0.030395447633133624,
        1.0024305649294498,
        0.06188103629568524,
        0.10169390525122848,
        0.10169390525122848,
        0.0
      ],
      [
        0.7834168431787808,
        0.06188103629568524,
        2.6741471356197373,
        2.623839125920034,
        2.623839125920034,
        0.0
      ],
      [
        1.4655049112040044,
        0.10169390525122848,
        2.623839125920034,
        5.710596476790173,
        4.710596476790187,
        0.0
      ],
      [
        1.4655049112040044,
        0.10169390525122848,
        2.623839125920034,
        4.710596476790187,
        5.710596476790173,
        0.0
      ],
      [
        0.0,
        0.0,
        0.0,
        0.0,
        0.0,
        1.0
      ]
    ],
    "vwap": [
      [
        1.0,
        0.0,
        0.0,
        0.0,
        0.0,
        0.0
      ],
      [
        0.0,
        1.0,
        0.0,
        0.0,
        0.0,
        0.0
      ],
      [
        0.0,
        0.0,
        1.0,
        0.0,
        0.0,
        0.0
      ],
      [
        0.0,
        0.0,
        0.0,
        1.0,
        0.0,
        0.0
      ],
      [
        0.0,
        0.0,
        0.0,
        0.0,
        1.0,
        0.0
      ],
      [
        0.0,
        0.0,
        0.0,
        0.0,
        0.0,
        1.0
      ]
    ]
  },
  "b": {
    "trend": [
      [
        0.09667204332126297
      ],
      [
        0.05809571783789752
      ],
      [
        1.0574333365348532
      ],
      [
        0.2266333368510954
      ],
      [
        0.2266333368510954
      ],
      [
        0.0
      ]
    ],
    "breakout": [
      [
        0.0
      ],
      [
        0.0
      ],
      [
        0.0
      ],
      [
        0.0
      ],
      [
        0.0
      ],
      [
        0.0
      ]
    ],
    "reversion": [
      [
        -0.013333141867996168
      ],
      [
        -0.0965291959297166
      ],
      [
        -2.658699467649185
      ],
      [
        -1.6742780325374207
      ],
      [
        -1.6742780325374207
      ],
      [
        0.0
      ]
    ],
    "vwap": [
      [
        0.0
      ],
      [
        0.0
      ],
      [
        0.0
      ],
      [
        0.0
      ],
      [
        0.0
      ],
      [
        0.0
      ]
    ]
  },
  "counts": {
    "trend": 1,
    "breakout": 0,
    "reversion": 8,
    "vwap": 0
  },
  "reward_sum": {
    "trend": 0.2266333368510954,
    "breakout": 0.0,
    "reversion": -1.6742780325374207,
    "vwap": 0.0
  },
  "disabled_until": {
    "trend": 0.0,
    "breakout": 0.0,
    "reversion": 0.0,
    "vwap": 0.0
  },
  "_snapshot_time": "2025-09-22T03:59:00.577493"
}