{
  "arms": [
    "trend",
    "breakout",
    "reversion",
    "vwap"
  ],
  "d": 6,
  "alpha": 0.6,
  "alpha_base": 0.6,
  "alpha_boost_until": 0.0,
  "A": {
    "trend": [
      [
        1.0787786790907523,
        0.04734257966275845,
        0.8617093279171274,
        0.1846849854587844,
        0.1846849854587844,
        0.0
      ],
      [
        0.04734257966275845,
        1.0284508432356767,
        0.517850044884142,
        0.1109876902927717,
        0.1109876902927717,
        0.0
      ],
      [
        0.8617093279171274,
        0.517850044884142,
        10.425684390620482,
        2.0201503317000733,
        2.0201503317000733,
        0.0
      ],
      [
        0.1846849854587844,
        0.1109876902927717,
        2.0201503317000733,
        1.4329666890532562,
        0.43296668905325736,
        0.0
      ],
      [
        0.1846849854587844,
        0.1109876902927717,
        2.0201503317000733,
        0.43296668905325736,
        1.4329666890532562,
        0.0
      ],
      [
        0.0,
        0.0,
        0.0,
        0.0,
        0.0,
        1.0
      ]
    ],
    "breakout": [
      [
        1.0,
        0.0,
        0.0,
        0.0,
        0.0,
        0.0
      ],
      [
        0.0,
        1.0,
        0.0,
        0.0,
        0.0,
        0.0
      ],
      [
        0.0,
        0.0,
        1.0,
        0.0,
        0.0,
        0.0
      ],
      [
        0.0,
        0.0,
        0.0,
        1.0,
        0.0,
        0.0
      ],
      [
        0.0,
        0.0,
        0.0,
        0.0,
        1.0,
        0.0
      ],
      [
        0.0,
        0.0,
        0.0,
        0.0,
        0.0,
        1.0
      ]
    ],
    "reversion": [
      [
        1.064075185899441,
        0.0064959392691003644,
        0.18310233632296338,
        0.22025975954926083,
        0.22025975954926083,
        0.0
      ],
      [
        0.0064959392691003644,
        1.000705024403242,
        0.01893528430572556,
        0.022106269410668556,
        0.022106269410668556,
        0.0
      ],
      [
        0.18310233632296338,
        0.01893528430572556,
        1.5262205488757083,
        0.6276256687738558,
        0.6276256687738558,
        0.0
      ],
      [
        0.22025975954926083,
        0.022106269410668556,
        0.6276256687738558,
        1.7582239248459572,
        0.7582239248459669,
        0.0
      ],
      [
        0.22025975954926083,
        0.022106269410668556,
        0.6276256687738558,
        0.7582239248459669,
        1.7582239248459572,
        0.0
      ],
      [
        0.0,
        0.0,
        0.0,
        0.0,
        0.0,
        1.0
      ]
    ],
    "vwap": [
      [
        1.0,
        0.0,
        0.0,
        0.0,
        0.0,
        0.0
      ],
      [
        0.0,
        1.0,
        0.0,
        0.0,
        0.0,
        0.0
      ],
      [
        0.0,
        0.0,
        1.0,
        0.0,
        0.0,
        0.0
      ],
      [
        0.0,
        0.0,
        0.0,
        1.0,
        0.0,
        0.0
      ],
      [
        0.0,
        0.0,
        0.0,
        0.0,
        1.0,
        0.0
      ],
      [
        0.0,
        0.0,
        0.0,
        0.0,
        0.0,
        1.0
      ]
    ]
  },
  "b": {
    "trend": [
      [
        0.1882916924246839
      ],
      [
        0.11315516522157354
      ],
      [
        2.0596017806384213
      ],
      [
        0.44142208118777065
      ],
      [
        0.44142208118777065
      ],
      [
        0.0
      ]
    ],
    "breakout": [
      [
        0.0
      ],
      [
        0.0
      ],
      [
        0.0
      ],
      [
        0.0
      ],
      [
        0.0
      ],
      [
        0.0
      ]
    ],
    "reversion": [
      [
        0.08781321410796211
      ],
      [
        0.009554506149832288
      ],
      [
        0.25616166155773334
      ],
      [
        0.29872144374030407
      ],
      [
        0.29872144374030407
      ],
      [
        0.0
      ]
    ],
    "vwap": [
      [
        0.0
      ],
      [
        0.0
      ],
      [
        0.0
      ],
      [
        0.0
      ],
      [
        0.0
      ],
      [
        0.0
      ]
    ]
  },
  "counts": {
    "trend": 1,
    "breakout": 0,
    "reversion": 2,
    "vwap": 0
  },
  "reward_sum": {
    "trend": 0.44142208118777065,
    "breakout": 0.0,
    "reversion": 0.29872144374030407,
    "vwap": 0.0
  },
  "disabled_until": {
    "trend": 0.0,
    "breakout": 0.0,
    "reversion": 0.0,
    "vwap": 0.0
  },
  "_snapshot_time": "2025-09-18T23:11:00.519832"
}