{
  "arms": [
    "trend",
    "breakout",
    "reversion",
    "vwap"
  ],
  "d": 6,
  "alpha": 0.6,
  "alpha_base": 0.6,
  "alpha_boost_until": 0.0,
  "A": {
    "trend": [
      [
        1.1503942659679822,
        0.09038045064463697,
        1.6450661948846448,
        0.3525771584896056,
        0.3525771584896056,
        0.0
      ],
      [
        0.09038045064463697,
        1.0543147426941584,
        0.9886136487782423,
        0.21188362645474895,
        0.21188362645474895,
        0.0
      ],
      [
        1.6450661948846448,
        0.9886136487782423,
        18.99432157957656,
        3.856614883463814,
        3.856614883463814,
        0.0
      ],
      [
        0.3525771584896056,
        0.21188362645474895,
        3.856614883463814,
        1.826565107974722,
        0.8265651079747222,
        0.0
      ],
      [
        0.3525771584896056,
        0.21188362645474895,
        3.856614883463814,
        0.8265651079747222,
        1.826565107974722,
        0.0
      ],
      [
        0.0,
        0.0,
        0.0,
        0.0,
        0.0,
        1.0
      ]
    ],
    "breakout": [
      [
        1.0,
        0.0,
        0.0,
        0.0,
        0.0,
        0.0
      ],
      [
        0.0,
        1.0,
        0.0,
        0.0,
        0.0,
        0.0
      ],
      [
        0.0,
        0.0,
        1.0,
        0.0,
        0.0,
        0.0
      ],
      [
        0.0,
        0.0,
        0.0,
        1.0,
        0.0,
        0.0
      ],
      [
        0.0,
        0.0,
        0.0,
        0.0,
        1.0,
        0.0
      ],
      [
        0.0,
        0.0,
        0.0,
        0.0,
        0.0,
        1.0
      ]
    ],
    "reversion": [
      [
        1.1223242209863336,
        0.012401223648641295,
        0.34955576541962924,
        0.42049200674633586,
        0.42049200674633586,
        0.0
      ],
      [
        0.012401223648641295,
        1.0013459432023852,
        0.03614884403905934,
        0.04220248676013032,
        0.04220248676013032,
        0.0
      ],
      [
        0.34955576541962924,
        0.03614884403905934,
        2.004593553723633,
        1.198183351731147,
        1.198183351731147,
        0.0
      ],
      [
        0.42049200674633586,
        0.04220248676013032,
        1.198183351731147,
        2.4475049839971175,
        1.4475049839971252,
        0.0
      ],
      [
        0.42049200674633586,
        0.04220248676013032,
        1.198183351731147,
        1.4475049839971252,
        2.4475049839971175,
        0.0
      ],
      [
        0.0,
        0.0,
        0.0,
        0.0,
        0.0,
        1.0
      ]
    ],
    "vwap": [
      [
        1.0,
        0.0,
        0.0,
        0.0,
        0.0,
        0.0
      ],
      [
        0.0,
        1.0,
        0.0,
        0.0,
        0.0,
        0.0
      ],
      [
        0.0,
        0.0,
        1.0,
        0.0,
        0.0,
        0.0
      ],
      [
        0.0,
        0.0,
        0.0,
        1.0,
        0.0,
        0.0
      ],
      [
        0.0,
        0.0,
        0.0,
        0.0,
        1.0,
        0.0
      ],
      [
        0.0,
        0.0,
        0.0,
        0.0,
        0.0,
        1.0
      ]
    ]
  },
  "b": {
    "trend": [
      [
        0.35946262614352764
      ],
      [
        0.2160214947800815
      ],
      [
        3.931930587826174
      ],
      [
        0.8427070705998712
      ],
      [
        0.8427070705998712
      ],
      [
        0.0
      ]
    ],
    "breakout": [
      [
        0.0
      ],
      [
        0.0
      ],
      [
        0.0
      ],
      [
        0.0
      ],
      [
        0.0
      ],
      [
        0.0
      ]
    ],
    "reversion": [
      [
        0.167641854756699
      ],
      [
        0.018240251749274492
      ],
      [
        0.4890313661483722
      ],
      [
        0.5702811062427887
      ],
      [
        0.5702811062427887
      ],
      [
        0.0
      ]
    ],
    "vwap": [
      [
        0.0
      ],
      [
        0.0
      ],
      [
        0.0
      ],
      [
        0.0
      ],
      [
        0.0
      ],
      [
        0.0
      ]
    ]
  },
  "counts": {
    "trend": 1,
    "breakout": 0,
    "reversion": 2,
    "vwap": 0
  },
  "reward_sum": {
    "trend": 0.8427070705998712,
    "breakout": 0.0,
    "reversion": 0.5702811062427887,
    "vwap": 0.0
  },
  "disabled_until": {
    "trend": 0.0,
    "breakout": 0.0,
    "reversion": 0.0,
    "vwap": 0.0
  },
  "_snapshot_time": "2025-09-17T23:30:00.355657"
}