{
  "arms": [
    "trend",
    "breakout",
    "reversion",
    "vwap"
  ],
  "d": 6,
  "alpha": 0.6,
  "alpha_base": 0.6,
  "alpha_boost_until": 0.0,
  "A": {
    "trend": [
      [
        1.008297971701022,
        0.004986722179516656,
        0.09076617810923839,
        0.019453369879113423,
        0.019453369879113423,
        0.0
      ],
      [
        0.004986722179516656,
        1.0029968043989148,
        0.0545465482211322,
        0.011690634113706053,
        0.011690634113706053,
        0.0
      ],
      [
        0.09076617810923839,
        0.0545465482211322,
        1.9928328735496659,
        0.21278790756244398,
        0.21278790756244398,
        0.0
      ],
      [
        0.019453369879113423,
        0.011690634113706053,
        0.21278790756244398,
        1.0456055543798812,
        0.045605554379880814,
        0.0
      ],
      [
        0.019453369879113423,
        0.011690634113706053,
        0.21278790756244398,
        0.045605554379880814,
        1.0456055543798812,
        0.0
      ],
      [
        0.0,
        0.0,
        0.0,
        0.0,
        0.0,
        1.0
      ]
    ],
    "breakout": [
      [
        1.0,
        0.0,
        0.0,
        0.0,
        0.0,
        0.0
      ],
      [
        0.0,
        1.0,
        0.0,
        0.0,
        0.0,
        0.0
      ],
      [
        0.0,
        0.0,
        1.0,
        0.0,
        0.0,
        0.0
      ],
      [
        0.0,
        0.0,
        0.0,
        1.0,
        0.0,
        0.0
      ],
      [
        0.0,
        0.0,
        0.0,
        0.0,
        1.0,
        0.0
      ],
      [
        0.0,
        0.0,
        0.0,
        0.0,
        0.0,
        1.0
      ]
    ],
    "reversion": [
      [
        1.0956966264827352,
        0.006235941886070635,
        0.1607261049614002,
        0.3006635589093019,
        0.3006635589093019,
        0.0
      ],
      [
        0.006235941886070635,
        1.0004986556484814,
        0.01269553753072783,
        0.020863561246683194,
        0.020863561246683194,
        0.0
      ],
      [
        0.1607261049614002,
        0.01269553753072783,
        1.3434686790095443,
        0.5383078579767188,
        0.5383078579767188,
        0.0
      ],
      [
        0.3006635589093019,
        0.020863561246683194,
        0.5383078579767188,
        1.966427809603002,
        0.9664278096030202,
        0.0
      ],
      [
        0.3006635589093019,
        0.020863561246683194,
        0.5383078579767188,
        0.9664278096030202,
        1.966427809603002,
        0.0
      ],
      [
        0.0,
        0.0,
        0.0,
        0.0,
        0.0,
        1.0
      ]
    ],
    "vwap": [
      [
        1.0,
        0.0,
        0.0,
        0.0,
        0.0,
        0.0
      ],
      [
        0.0,
        1.0,
        0.0,
        0.0,
        0.0,
        0.0
      ],
      [
        0.0,
        0.0,
        1.0,
        0.0,
        0.0,
        0.0
      ],
      [
        0.0,
        0.0,
        0.0,
        1.0,
        0.0,
        0.0
      ],
      [
        0.0,
        0.0,
        0.0,
        0.0,
        1.0,
        0.0
      ],
      [
        0.0,
        0.0,
        0.0,
        0.0,
        0.0,
        1.0
      ]
    ]
  },
  "b": {
    "trend": [
      [
        0.019833274095359933
      ],
      [
        0.011918940120222741
      ],
      [
        0.21694343556358686
      ],
      [
        0.04649618374131502
      ],
      [
        0.04649618374131502
      ],
      [
        0.0
      ]
    ],
    "breakout": [
      [
        0.0
      ],
      [
        0.0
      ],
      [
        0.0
      ],
      [
        0.0
      ],
      [
        0.0
      ],
      [
        0.0
      ]
    ],
    "reversion": [
      [
        -0.0027354325835598006
      ],
      [
        -0.01980396746882124
      ],
      [
        -0.5454598192761654
      ],
      [
        -0.34349553387220955
      ],
      [
        -0.34349553387220955
      ],
      [
        0.0
      ]
    ],
    "vwap": [
      [
        0.0
      ],
      [
        0.0
      ],
      [
        0.0
      ],
      [
        0.0
      ],
      [
        0.0
      ],
      [
        0.0
      ]
    ]
  },
  "counts": {
    "trend": 1,
    "breakout": 0,
    "reversion": 8,
    "vwap": 0
  },
  "reward_sum": {
    "trend": 0.04649618374131502,
    "breakout": 0.0,
    "reversion": -0.34349553387220955,
    "vwap": 0.0
  },
  "disabled_until": {
    "trend": 0.0,
    "breakout": 0.0,
    "reversion": 0.0,
    "vwap": 0.0
  },
  "_snapshot_time": "2025-09-24T16:52:00.981074"
}