{
  "arms": [
    "trend",
    "breakout",
    "reversion",
    "vwap"
  ],
  "d": 6,
  "alpha": 0.6,
  "alpha_base": 0.6,
  "alpha_boost_until": 0.0,
  "A": {
    "trend": [
      [
        1.0571591632163249,
        0.034350185472242487,
        0.6252273418129604,
        0.13400122151429933,
        0.13400122151429933,
        0.0
      ],
      [
        0.034350185472242487,
        1.0206429761316103,
        0.3757345969588626,
        0.08052893978000819,
        0.08052893978000819,
        0.0
      ],
      [
        0.6252273418129604,
        0.3757345969588626,
        7.838959966419621,
        1.4657532198292238,
        1.4657532198292238,
        0.0
      ],
      [
        0.13400122151429933,
        0.08052893978000819,
        1.4657532198292238,
        1.3141460853680815,
        0.3141460853680822,
        0.0
      ],
      [
        0.13400122151429933,
        0.08052893978000819,
        1.4657532198292238,
        0.3141460853680822,
        1.3141460853680815,
        0.0
      ],
      [
        0.0,
        0.0,
        0.0,
        0.0,
        0.0,
        1.0
      ]
    ],
    "breakout": [
      [
        1.0,
        0.0,
        0.0,
        0.0,
        0.0,
        0.0
      ],
      [
        0.0,
        1.0,
        0.0,
        0.0,
        0.0,
        0.0
      ],
      [
        0.0,
        0.0,
        1.0,
        0.0,
        0.0,
        0.0
      ],
      [
        0.0,
        0.0,
        0.0,
        1.0,
        0.0,
        0.0
      ],
      [
        0.0,
        0.0,
        0.0,
        0.0,
        1.0,
        0.0
      ],
      [
        0.0,
        0.0,
        0.0,
        0.0,
        0.0,
        1.0
      ]
    ],
    "reversion": [
      [
        1.441747216920429,
        0.026958631380835863,
        0.7073515754857471,
        1.371100089072572,
        1.371100089072572,
        0.0
      ],
      [
        0.026958631380835863,
        1.0018055378829827,
        0.04924450631698568,
        0.0850231273143506,
        0.0850231273143506,
        0.0
      ],
      [
        0.7073515754857471,
        0.04924450631698568,
        2.459943089765644,
        2.281212991504088,
        2.281212991504088,
        0.0
      ],
      [
        1.371100089072572,
        0.0850231273143506,
        2.281212991504088,
        5.28933439471441,
        4.289334394714419,
        0.0
      ],
      [
        1.371100089072572,
        0.0850231273143506,
        2.281212991504088,
        4.289334394714419,
        5.28933439471441,
        0.0
      ],
      [
        0.0,
        0.0,
        0.0,
        0.0,
        0.0,
        1.0
      ]
    ],
    "vwap": [
      [
        1.0,
        0.0,
        0.0,
        0.0,
        0.0,
        0.0
      ],
      [
        0.0,
        1.0,
        0.0,
        0.0,
        0.0,
        0.0
      ],
      [
        0.0,
        0.0,
        1.0,
        0.0,
        0.0,
        0.0
      ],
      [
        0.0,
        0.0,
        0.0,
        1.0,
        0.0,
        0.0
      ],
      [
        0.0,
        0.0,
        0.0,
        0.0,
        1.0,
        0.0
      ],
      [
        0.0,
        0.0,
        0.0,
        0.0,
        0.0,
        1.0
      ]
    ]
  },
  "b": {
    "trend": [
      [
        0.13661812693232275
      ],
      [
        0.08210158677856937
      ],
      [
        1.494377865926551
      ],
      [
        0.3202810338675098
      ],
      [
        0.3202810338675098
      ],
      [
        0.0
      ]
    ],
    "breakout": [
      [
        0.0
      ],
      [
        0.0
      ],
      [
        0.0
      ],
      [
        0.0
      ],
      [
        0.0
      ],
      [
        0.0
      ]
    ],
    "reversion": [
      [
        0.6662512330266013
      ],
      [
        0.026075359090524837
      ],
      [
        -0.3190955369076301
      ],
      [
        1.621986563291992
      ],
      [
        1.621986563291992
      ],
      [
        0.0
      ]
    ],
    "vwap": [
      [
        0.0
      ],
      [
        0.0
      ],
      [
        0.0
      ],
      [
        0.0
      ],
      [
        0.0
      ],
      [
        0.0
      ]
    ]
  },
  "counts": {
    "trend": 1,
    "breakout": 0,
    "reversion": 6,
    "vwap": 0
  },
  "reward_sum": {
    "trend": 0.3202810338675098,
    "breakout": 0.0,
    "reversion": 1.621986563291992,
    "vwap": 0.0
  },
  "disabled_until": {
    "trend": 0.0,
    "breakout": 0.0,
    "reversion": 0.0,
    "vwap": 0.0
  },
  "_snapshot_time": "2025-09-19T09:55:00.876409"
}