{
  "arms": [
    "trend",
    "breakout",
    "reversion",
    "vwap"
  ],
  "d": 6,
  "alpha": 0.6,
  "alpha_base": 0.6,
  "alpha_boost_until": 0.0,
  "A": {
    "trend": [
      [
        1.0586098295776871,
        0.035221973227121686,
        0.6410952485830318,
        0.13740209468132838,
        0.13740209468132838,
        0.0
      ],
      [
        0.035221973227121686,
        1.0211668828752973,
        0.3852705227831322,
        0.08257271749615316,
        0.08257271749615316,
        0.0
      ],
      [
        0.6410952485830318,
        0.3852705227831322,
        8.012528797937328,
        1.5029531851614184,
        1.5029531851614184,
        0.0
      ],
      [
        0.13740209468132838,
        0.08257271749615316,
        1.5029531851614184,
        1.3221189305420453,
        0.322118930542046,
        0.0
      ],
      [
        0.13740209468132838,
        0.08257271749615316,
        1.5029531851614184,
        0.322118930542046,
        1.3221189305420453,
        0.0
      ],
      [
        0.0,
        0.0,
        0.0,
        0.0,
        0.0,
        1.0
      ]
    ],
    "breakout": [
      [
        1.0,
        0.0,
        0.0,
        0.0,
        0.0,
        0.0
      ],
      [
        0.0,
        1.0,
        0.0,
        0.0,
        0.0,
        0.0
      ],
      [
        0.0,
        0.0,
        1.0,
        0.0,
        0.0,
        0.0
      ],
      [
        0.0,
        0.0,
        0.0,
        1.0,
        0.0,
        0.0
      ],
      [
        0.0,
        0.0,
        0.0,
        0.0,
        1.0,
        0.0
      ],
      [
        0.0,
        0.0,
        0.0,
        0.0,
        0.0,
        1.0
      ]
    ],
    "reversion": [
      [
        1.371518213191071,
        0.021439965728278616,
        0.4841674105736613,
        1.119086300922236,
        1.119086300922236,
        0.0
      ],
      [
        0.021439965728278616,
        1.0013789235764994,
        0.032128271852779715,
        0.06533610605751115,
        0.06533610605751115,
        0.0
      ],
      [
        0.4841674105736613,
        0.032128271852779715,
        1.7830156746295547,
        1.4898894284150168,
        1.4898894284150168,
        0.0
      ],
      [
        1.119086300922236,
        0.06533610605751115,
        1.4898894284150168,
        4.388119707035897,
        3.388119707035906,
        0.0
      ],
      [
        1.119086300922236,
        0.06533610605751115,
        1.4898894284150168,
        3.388119707035906,
        4.388119707035897,
        0.0
      ],
      [
        0.0,
        0.0,
        0.0,
        0.0,
        0.0,
        1.0
      ]
    ],
    "vwap": [
      [
        1.0,
        0.0,
        0.0,
        0.0,
        0.0,
        0.0
      ],
      [
        0.0,
        1.0,
        0.0,
        0.0,
        0.0,
        0.0
      ],
      [
        0.0,
        0.0,
        1.0,
        0.0,
        0.0,
        0.0
      ],
      [
        0.0,
        0.0,
        0.0,
        1.0,
        0.0,
        0.0
      ],
      [
        0.0,
        0.0,
        0.0,
        0.0,
        1.0,
        0.0
      ],
      [
        0.0,
        0.0,
        0.0,
        0.0,
        0.0,
        1.0
      ]
    ]
  },
  "b": {
    "trend": [
      [
        0.14008541563882404
      ],
      [
        0.08418527736206118
      ],
      [
        1.5323043081499856
      ],
      [
        0.32840958047088614
      ],
      [
        0.32840958047088614
      ],
      [
        0.0
      ]
    ],
    "breakout": [
      [
        0.0
      ],
      [
        0.0
      ],
      [
        0.0
      ],
      [
        0.0
      ],
      [
        0.0
      ],
      [
        0.0
      ]
    ],
    "reversion": [
      [
        1.051084578790415
      ],
      [
        0.054759909520933694
      ],
      [
        0.7621919905751183
      ],
      [
        2.9588851902674915
      ],
      [
        2.9588851902674915
      ],
      [
        0.0
      ]
    ],
    "vwap": [
      [
        0.0
      ],
      [
        0.0
      ],
      [
        0.0
      ],
      [
        0.0
      ],
      [
        0.0
      ],
      [
        0.0
      ]
    ]
  },
  "counts": {
    "trend": 1,
    "breakout": 0,
    "reversion": 5,
    "vwap": 0
  },
  "reward_sum": {
    "trend": 0.32840958047088614,
    "breakout": 0.0,
    "reversion": 2.9588851902674915,
    "vwap": 0.0
  },
  "disabled_until": {
    "trend": 0.0,
    "breakout": 0.0,
    "reversion": 0.0,
    "vwap": 0.0
  },
  "_snapshot_time": "2025-09-19T09:00:00.605904"
}