{
  "arms": [
    "trend",
    "breakout",
    "reversion",
    "vwap"
  ],
  "d": 6,
  "alpha": 0.6,
  "alpha_base": 0.6,
  "alpha_boost_until": 0.0,
  "A": {
    "trend": [
      [
        1.0160010459255777,
        0.0096159366996547,
        0.17502515515163855,
        0.03751209043104446,
        0.03751209043104446,
        0.0
      ],
      [
        0.0096159366996547,
        1.0057787621535392,
        0.10518254997913473,
        0.022543144287841065,
        0.022543144287841065,
        0.0
      ],
      [
        0.17502515515163855,
        0.10518254997913473,
        2.9144876577654717,
        0.410320642681314,
        0.410320642681314,
        0.0
      ],
      [
        0.03751209043104446,
        0.022543144287841065,
        0.410320642681314,
        1.087941559261298,
        0.08794155926129824,
        0.0
      ],
      [
        0.03751209043104446,
        0.022543144287841065,
        0.410320642681314,
        0.08794155926129824,
        1.087941559261298,
        0.0
      ],
      [
        0.0,
        0.0,
        0.0,
        0.0,
        0.0,
        1.0
      ]
    ],
    "breakout": [
      [
        1.0,
        0.0,
        0.0,
        0.0,
        0.0,
        0.0
      ],
      [
        0.0,
        1.0,
        0.0,
        0.0,
        0.0,
        0.0
      ],
      [
        0.0,
        0.0,
        1.0,
        0.0,
        0.0,
        0.0
      ],
      [
        0.0,
        0.0,
        0.0,
        1.0,
        0.0,
        0.0
      ],
      [
        0.0,
        0.0,
        0.0,
        0.0,
        1.0,
        0.0
      ],
      [
        0.0,
        0.0,
        0.0,
        0.0,
        0.0,
        1.0
      ]
    ],
    "reversion": [
      [
        1.184532578616131,
        0.012024817160556686,
        0.30992944777218057,
        0.5797719717052648,
        0.5797719717052648,
        0.0
      ],
      [
        0.012024817160556686,
        1.0009615617189218,
        0.024480907672181987,
        0.04023137384744378,
        0.04023137384744378,
        0.0
      ],
      [
        0.30992944777218057,
        0.024480907672181987,
        1.662313430901805,
        1.0380233951057127,
        1.0380233951057127,
        0.0
      ],
      [
        0.5797719717052648,
        0.04023137384744378,
        1.0380233951057127,
        2.8635705594549985,
        1.8635705594550156,
        0.0
      ],
      [
        0.5797719717052648,
        0.04023137384744378,
        1.0380233951057127,
        1.8635705594550156,
        2.8635705594549985,
        0.0
      ],
      [
        0.0,
        0.0,
        0.0,
        0.0,
        0.0,
        1.0
      ]
    ],
    "vwap": [
      [
        1.0,
        0.0,
        0.0,
        0.0,
        0.0,
        0.0
      ],
      [
        0.0,
        1.0,
        0.0,
        0.0,
        0.0,
        0.0
      ],
      [
        0.0,
        0.0,
        1.0,
        0.0,
        0.0,
        0.0
      ],
      [
        0.0,
        0.0,
        0.0,
        1.0,
        0.0,
        0.0
      ],
      [
        0.0,
        0.0,
        0.0,
        0.0,
        1.0,
        0.0
      ],
      [
        0.0,
        0.0,
        0.0,
        0.0,
        0.0,
        1.0
      ]
    ]
  },
  "b": {
    "trend": [
      [
        0.03824466280300534
      ],
      [
        0.022983388606209767
      ],
      [
        0.4183337809260651
      ],
      [
        0.08965896706026952
      ],
      [
        0.08965896706026952
      ],
      [
        0.0
      ]
    ],
    "breakout": [
      [
        0.0
      ],
      [
        0.0
      ],
      [
        0.0
      ],
      [
        0.0
      ],
      [
        0.0
      ],
      [
        0.0
      ]
    ],
    "reversion": [
      [
        -0.005274756768630224
      ],
      [
        -0.03818815059808767
      ],
      [
        -1.0518145799076954
      ],
      [
        -0.6623652153506197
      ],
      [
        -0.6623652153506197
      ],
      [
        0.0
      ]
    ],
    "vwap": [
      [
        0.0
      ],
      [
        0.0
      ],
      [
        0.0
      ],
      [
        0.0
      ],
      [
        0.0
      ],
      [
        0.0
      ]
    ]
  },
  "counts": {
    "trend": 1,
    "breakout": 0,
    "reversion": 8,
    "vwap": 0
  },
  "reward_sum": {
    "trend": 0.08965896706026952,
    "breakout": 0.0,
    "reversion": -0.6623652153506197,
    "vwap": 0.0
  },
  "disabled_until": {
    "trend": 0.0,
    "breakout": 0.0,
    "reversion": 0.0,
    "vwap": 0.0
  },
  "_snapshot_time": "2025-09-23T15:49:00.033578"
}