{
  "arms": [
    "trend",
    "breakout",
    "reversion",
    "vwap"
  ],
  "d": 6,
  "alpha": 0.6,
  "alpha_base": 0.6,
  "alpha_boost_until": 0.0,
  "A": {
    "trend": [
      [
        1.0058423504134004,
        0.0035109999692361873,
        0.06390571543332112,
        0.013696528218006238,
        0.013696528218006238,
        0.0
      ],
      [
        0.0035109999692361873,
        1.0021099591622744,
        0.0384045716268272,
        0.008231021207111222,
        0.008231021207111222,
        0.0
      ],
      [
        0.06390571543332112,
        0.0384045716268272,
        1.6990235395121651,
        0.1498175174013778,
        0.1498175174013778,
        0.0
      ],
      [
        0.013696528218006238,
        0.008231021207111222,
        0.1498175174013778,
        1.0321094888105984,
        0.032109488810599975,
        0.0
      ],
      [
        0.013696528218006238,
        0.008231021207111222,
        0.1498175174013778,
        0.032109488810599975,
        1.0321094888105984,
        0.0
      ],
      [
        0.0,
        0.0,
        0.0,
        0.0,
        0.0,
        1.0
      ]
    ],
    "breakout": [
      [
        1.0,
        0.0,
        0.0,
        0.0,
        0.0,
        0.0
      ],
      [
        0.0,
        1.0,
        0.0,
        0.0,
        0.0,
        0.0
      ],
      [
        0.0,
        0.0,
        1.0,
        0.0,
        0.0,
        0.0
      ],
      [
        0.0,
        0.0,
        0.0,
        1.0,
        0.0,
        0.0
      ],
      [
        0.0,
        0.0,
        0.0,
        0.0,
        1.0,
        0.0
      ],
      [
        0.0,
        0.0,
        0.0,
        0.0,
        0.0,
        1.0
      ]
    ],
    "reversion": [
      [
        1.1559898869066996,
        0.014488935504892345,
        0.5877231816290224,
        0.5012724953413007,
        0.5012724953413007,
        0.0
      ],
      [
        0.014488935504892345,
        1.0015019113163728,
        0.0630199420715171,
        0.047690713364504436,
        0.047690713364504436,
        0.0
      ],
      [
        0.5877231816290224,
        0.0630199420715171,
        3.783309448688114,
        1.929859114268087,
        1.929859114268087,
        0.0
      ],
      [
        0.5012724953413007,
        0.047690713364504436,
        1.929859114268087,
        2.626787113978404,
        1.626787113978417,
        0.0
      ],
      [
        0.5012724953413007,
        0.047690713364504436,
        1.929859114268087,
        1.626787113978417,
        2.626787113978404,
        0.0
      ],
      [
        0.0,
        0.0,
        0.0,
        0.0,
        0.0,
        1.0
      ]
    ],
    "vwap": [
      [
        1.0,
        0.0,
        0.0,
        0.0,
        0.0,
        0.0
      ],
      [
        0.0,
        1.0,
        0.0,
        0.0,
        0.0,
        0.0
      ],
      [
        0.0,
        0.0,
        1.0,
        0.0,
        0.0,
        0.0
      ],
      [
        0.0,
        0.0,
        0.0,
        1.0,
        0.0,
        0.0
      ],
      [
        0.0,
        0.0,
        0.0,
        0.0,
        1.0,
        0.0
      ],
      [
        0.0,
        0.0,
        0.0,
        0.0,
        0.0,
        1.0
      ]
    ]
  },
  "b": {
    "trend": [
      [
        0.013964007264068394
      ],
      [
        0.00839176454772664
      ],
      [
        0.1527432987380849
      ],
      [
        0.0327365539544014
      ],
      [
        0.0327365539544014
      ],
      [
        0.0
      ]
    ],
    "breakout": [
      [
        0.0
      ],
      [
        0.0
      ],
      [
        0.0
      ],
      [
        0.0
      ],
      [
        0.0
      ],
      [
        0.0
      ]
    ],
    "reversion": [
      [
        -0.32969211449734176
      ],
      [
        -0.05129591785127796
      ],
      [
        -2.139374983055165
      ],
      [
        -1.312976495424829
      ],
      [
        -1.312976495424829
      ],
      [
        0.0
      ]
    ],
    "vwap": [
      [
        0.0
      ],
      [
        0.0
      ],
      [
        0.0
      ],
      [
        0.0
      ],
      [
        0.0
      ],
      [
        0.0
      ]
    ]
  },
  "counts": {
    "trend": 1,
    "breakout": 0,
    "reversion": 9,
    "vwap": 0
  },
  "reward_sum": {
    "trend": 0.0327365539544014,
    "breakout": 0.0,
    "reversion": -1.312976495424829,
    "vwap": 0.0
  },
  "disabled_until": {
    "trend": 0.0,
    "breakout": 0.0,
    "reversion": 0.0,
    "vwap": 0.0
  },
  "_snapshot_time": "2025-09-25T10:38:00.433379"
}