{
  "arms": [
    "trend",
    "breakout",
    "reversion",
    "vwap"
  ],
  "d": 6,
  "alpha": 0.6,
  "alpha_base": 0.6,
  "alpha_boost_until": 0.0,
  "A": {
    "trend": [
      [
        1.0089908894450215,
        0.005403135781187352,
        0.09834555987058914,
        0.021077813255820452,
        0.021077813255820452,
        0.0
      ],
      [
        0.005403135781187352,
        1.003247050967368,
        0.05910142891947252,
        0.012666854340511333,
        0.012666854340511333,
        0.0
      ],
      [
        0.09834555987058914,
        0.05910142891947252,
        2.0757388582524197,
        0.23055664939129739,
        0.23055664939129739,
        0.0
      ],
      [
        0.021077813255820452,
        0.012666854340511333,
        0.23055664939129739,
        1.0494138221100386,
        0.0494138221100385,
        0.0
      ],
      [
        0.021077813255820452,
        0.012666854340511333,
        0.23055664939129739,
        0.0494138221100385,
        1.0494138221100386,
        0.0
      ],
      [
        0.0,
        0.0,
        0.0,
        0.0,
        0.0,
        1.0
      ]
    ],
    "breakout": [
      [
        1.0,
        0.0,
        0.0,
        0.0,
        0.0,
        0.0
      ],
      [
        0.0,
        1.0,
        0.0,
        0.0,
        0.0,
        0.0
      ],
      [
        0.0,
        0.0,
        1.0,
        0.0,
        0.0,
        0.0
      ],
      [
        0.0,
        0.0,
        0.0,
        1.0,
        0.0,
        0.0
      ],
      [
        0.0,
        0.0,
        0.0,
        0.0,
        1.0,
        0.0
      ],
      [
        0.0,
        0.0,
        0.0,
        0.0,
        0.0,
        1.0
      ]
    ],
    "reversion": [
      [
        1.103687722731308,
        0.0067566709195135055,
        0.1741474534625044,
        0.3257703105889568,
        0.3257703105889568,
        0.0
      ],
      [
        0.0067566709195135055,
        1.0005402956250236,
        0.013755671686592974,
        0.022605761908692124,
        0.022605761908692124,
        0.0
      ],
      [
        0.1741474534625044,
        0.013755671686592974,
        1.3721498496339932,
        0.5832589713289869,
        0.5832589713289869,
        0.0
      ],
      [
        0.3257703105889568,
        0.022605761908692124,
        0.5832589713289869,
        2.0471288533877434,
        1.047128853387762,
        0.0
      ],
      [
        0.3257703105889568,
        0.022605761908692124,
        0.5832589713289869,
        1.047128853387762,
        2.0471288533877434,
        0.0
      ],
      [
        0.0,
        0.0,
        0.0,
        0.0,
        0.0,
        1.0
      ]
    ],
    "vwap": [
      [
        1.0,
        0.0,
        0.0,
        0.0,
        0.0,
        0.0
      ],
      [
        0.0,
        1.0,
        0.0,
        0.0,
        0.0,
        0.0
      ],
      [
        0.0,
        0.0,
        1.0,
        0.0,
        0.0,
        0.0
      ],
      [
        0.0,
        0.0,
        0.0,
        1.0,
        0.0,
        0.0
      ],
      [
        0.0,
        0.0,
        0.0,
        0.0,
        1.0,
        0.0
      ],
      [
        0.0,
        0.0,
        0.0,
        0.0,
        0.0,
        1.0
      ]
    ]
  },
  "b": {
    "trend": [
      [
        0.02148944117298355
      ],
      [
        0.012914224919513563
      ],
      [
        0.23505918256327316
      ],
      [
        0.05037882300587901
      ],
      [
        0.05037882300587901
      ],
      [
        0.0
      ]
    ],
    "breakout": [
      [
        0.0
      ],
      [
        0.0
      ],
      [
        0.0
      ],
      [
        0.0
      ],
      [
        0.0
      ],
      [
        0.0
      ]
    ],
    "reversion": [
      [
        -0.0029638534366256365
      ],
      [
        -0.021457687312075164
      ],
      [
        -0.5910081533791597
      ],
      [
        -0.37217894699778087
      ],
      [
        -0.37217894699778087
      ],
      [
        0.0
      ]
    ],
    "vwap": [
      [
        0.0
      ],
      [
        0.0
      ],
      [
        0.0
      ],
      [
        0.0
      ],
      [
        0.0
      ],
      [
        0.0
      ]
    ]
  },
  "counts": {
    "trend": 1,
    "breakout": 0,
    "reversion": 8,
    "vwap": 0
  },
  "reward_sum": {
    "trend": 0.05037882300587901,
    "breakout": 0.0,
    "reversion": -0.37217894699778087,
    "vwap": 0.0
  },
  "disabled_until": {
    "trend": 0.0,
    "breakout": 0.0,
    "reversion": 0.0,
    "vwap": 0.0
  },
  "_snapshot_time": "2025-09-24T13:38:00.837855"
}