{
  "arms": [
    "trend",
    "breakout",
    "reversion",
    "vwap"
  ],
  "d": 6,
  "alpha": 0.6,
  "alpha_base": 0.6,
  "alpha_boost_until": 0.0,
  "A": {
    "trend": [
      [
        1.0247480136468265,
        0.014872486072282136,
        0.2707026120903267,
        0.058018065208138285,
        0.058018065208138285,
        0.0
      ],
      [
        0.014872486072282136,
        1.0089377210279085,
        0.16268056440803885,
        0.034866348429519314,
        0.034866348429519314,
        0.0
      ],
      [
        0.2707026120903267,
        0.16268056440803885,
        3.9610418532284655,
        0.63462231855861,
        0.63462231855861,
        0.0
      ],
      [
        0.058018065208138285,
        0.034866348429519314,
        0.63462231855861,
        1.1360147904608615,
        0.13601479046086049,
        0.0
      ],
      [
        0.058018065208138285,
        0.034866348429519314,
        0.63462231855861,
        0.13601479046086049,
        1.1360147904608615,
        0.0
      ],
      [
        0.0,
        0.0,
        0.0,
        0.0,
        0.0,
        1.0
      ]
    ],
    "breakout": [
      [
        1.0,
        0.0,
        0.0,
        0.0,
        0.0,
        0.0
      ],
      [
        0.0,
        1.0,
        0.0,
        0.0,
        0.0,
        0.0
      ],
      [
        0.0,
        0.0,
        1.0,
        0.0,
        0.0,
        0.0
      ],
      [
        0.0,
        0.0,
        0.0,
        1.0,
        0.0,
        0.0
      ],
      [
        0.0,
        0.0,
        0.0,
        0.0,
        1.0,
        0.0
      ],
      [
        0.0,
        0.0,
        0.0,
        0.0,
        0.0,
        1.0
      ]
    ],
    "reversion": [
      [
        1.285407266194802,
        0.01859818042984209,
        0.4793523022616579,
        0.8967041738737461,
        0.8967041738737461,
        0.0
      ],
      [
        0.01859818042984209,
        1.001487199190154,
        0.03786338967938771,
        0.062223844218563626,
        0.062223844218563626,
        0.0
      ],
      [
        0.4793523022616579,
        0.03786338967938771,
        2.024366900930848,
        1.6054586223479483,
        1.6054586223479483,
        0.0
      ],
      [
        0.8967041738737461,
        0.062223844218563626,
        1.6054586223479483,
        3.882290935963093,
        2.8822909359631077,
        0.0
      ],
      [
        0.8967041738737461,
        0.062223844218563626,
        1.6054586223479483,
        2.8822909359631077,
        3.882290935963093,
        0.0
      ],
      [
        0.0,
        0.0,
        0.0,
        0.0,
        0.0,
        1.0
      ]
    ],
    "vwap": [
      [
        1.0,
        0.0,
        0.0,
        0.0,
        0.0,
        0.0
      ],
      [
        0.0,
        1.0,
        0.0,
        0.0,
        0.0,
        0.0
      ],
      [
        0.0,
        0.0,
        1.0,
        0.0,
        0.0,
        0.0
      ],
      [
        0.0,
        0.0,
        0.0,
        1.0,
        0.0,
        0.0
      ],
      [
        0.0,
        0.0,
        0.0,
        0.0,
        1.0,
        0.0
      ],
      [
        0.0,
        0.0,
        0.0,
        0.0,
        0.0,
        1.0
      ]
    ]
  },
  "b": {
    "trend": [
      [
        0.059151098082545456
      ],
      [
        0.03554725219353587
      ],
      [
        0.6470158368046912
      ],
      [
        0.13867101880016988
      ],
      [
        0.13867101880016988
      ],
      [
        0.0
      ]
    ],
    "breakout": [
      [
        0.0
      ],
      [
        0.0
      ],
      [
        0.0
      ],
      [
        0.0
      ],
      [
        0.0
      ],
      [
        0.0
      ]
    ],
    "reversion": [
      [
        -0.008158201226402201
      ],
      [
        -0.05906369349505663
      ],
      [
        -1.6267887548450901
      ],
      [
        -1.0244469933355516
      ],
      [
        -1.0244469933355516
      ],
      [
        0.0
      ]
    ],
    "vwap": [
      [
        0.0
      ],
      [
        0.0
      ],
      [
        0.0
      ],
      [
        0.0
      ],
      [
        0.0
      ],
      [
        0.0
      ]
    ]
  },
  "counts": {
    "trend": 1,
    "breakout": 0,
    "reversion": 8,
    "vwap": 0
  },
  "reward_sum": {
    "trend": 0.13867101880016988,
    "breakout": 0.0,
    "reversion": -1.0244469933355516,
    "vwap": 0.0
  },
  "disabled_until": {
    "trend": 0.0,
    "breakout": 0.0,
    "reversion": 0.0,
    "vwap": 0.0
  },
  "_snapshot_time": "2025-09-23T00:14:00.825989"
}