{
  "arms": [
    "trend",
    "breakout",
    "reversion",
    "vwap"
  ],
  "d": 6,
  "alpha": 0.6,
  "alpha_base": 0.6,
  "alpha_boost_until": 0.0,
  "A": {
    "trend": [
      [
        1.0414727687402183,
        0.02492334068786799,
        0.4536439565942529,
        0.09722678496423612,
        0.09722678496423612,
        0.0
      ],
      [
        0.02492334068786799,
        1.0149778500426248,
        0.2726204018837618,
        0.058429093577727464,
        0.058429093577727464,
        0.0
      ],
      [
        0.4536439565942529,
        0.2726204018837618,
        5.9621196174181454,
        1.0635012987532004,
        1.0635012987532004,
        0.0
      ],
      [
        0.09722678496423612,
        0.058429093577727464,
        1.0635012987532004,
        1.227933846753627,
        0.22793384675362674,
        0.0
      ],
      [
        0.09722678496423612,
        0.058429093577727464,
        1.0635012987532004,
        0.22793384675362674,
        1.227933846753627,
        0.0
      ],
      [
        0.0,
        0.0,
        0.0,
        0.0,
        0.0,
        1.0
      ]
    ],
    "breakout": [
      [
        1.0,
        0.0,
        0.0,
        0.0,
        0.0,
        0.0
      ],
      [
        0.0,
        1.0,
        0.0,
        0.0,
        0.0,
        0.0
      ],
      [
        0.0,
        0.0,
        1.0,
        0.0,
        0.0,
        0.0
      ],
      [
        0.0,
        0.0,
        0.0,
        1.0,
        0.0,
        0.0
      ],
      [
        0.0,
        0.0,
        0.0,
        0.0,
        1.0,
        0.0
      ],
      [
        0.0,
        0.0,
        0.0,
        0.0,
        0.0,
        1.0
      ]
    ],
    "reversion": [
      [
        1.478286044148541,
        0.031166866438777353,
        0.8032995076086796,
        1.5026985746075217,
        1.5026985746075217,
        0.0
      ],
      [
        0.031166866438777353,
        1.0024922512555583,
        0.0634515410530877,
        0.10427483749730053,
        0.10427483749730053,
        0.0
      ],
      [
        0.8032995076086796,
        0.0634515410530877,
        2.7166360174884767,
        2.690430638871207,
        2.690430638871207,
        0.0
      ],
      [
        1.5026985746075217,
        0.10427483749730053,
        2.690430638871207,
        5.830148679207284,
        4.830148679207296,
        0.0
      ],
      [
        1.5026985746075217,
        0.10427483749730053,
        2.690430638871207,
        4.830148679207296,
        5.830148679207284,
        0.0
      ],
      [
        0.0,
        0.0,
        0.0,
        0.0,
        0.0,
        1.0
      ]
    ],
    "vwap": [
      [
        1.0,
        0.0,
        0.0,
        0.0,
        0.0,
        0.0
      ],
      [
        0.0,
        1.0,
        0.0,
        0.0,
        0.0,
        0.0
      ],
      [
        0.0,
        0.0,
        1.0,
        0.0,
        0.0,
        0.0
      ],
      [
        0.0,
        0.0,
        0.0,
        1.0,
        0.0,
        0.0
      ],
      [
        0.0,
        0.0,
        0.0,
        0.0,
        1.0,
        0.0
      ],
      [
        0.0,
        0.0,
        0.0,
        0.0,
        0.0,
        1.0
      ]
    ]
  },
  "b": {
    "trend": [
      [
        0.0991255236285158
      ],
      [
        0.059570153411554694
      ],
      [
        1.0842703804028426
      ],
      [
        0.23238515929973558
      ],
      [
        0.23238515929973558
      ],
      [
        0.0
      ]
    ],
    "breakout": [
      [
        0.0
      ],
      [
        0.0
      ],
      [
        0.0
      ],
      [
        0.0
      ],
      [
        0.0
      ],
      [
        0.0
      ]
    ],
    "reversion": [
      [
        -0.01367152926401122
      ],
      [
        -0.09897905085314528
      ],
      [
        -2.726175715824712
      ],
      [
        -1.7167702364938981
      ],
      [
        -1.7167702364938981
      ],
      [
        0.0
      ]
    ],
    "vwap": [
      [
        0.0
      ],
      [
        0.0
      ],
      [
        0.0
      ],
      [
        0.0
      ],
      [
        0.0
      ],
      [
        0.0
      ]
    ]
  },
  "counts": {
    "trend": 1,
    "breakout": 0,
    "reversion": 8,
    "vwap": 0
  },
  "reward_sum": {
    "trend": 0.23238515929973558,
    "breakout": 0.0,
    "reversion": -1.7167702364938981,
    "vwap": 0.0
  },
  "disabled_until": {
    "trend": 0.0,
    "breakout": 0.0,
    "reversion": 0.0,
    "vwap": 0.0
  },
  "_snapshot_time": "2025-09-22T03:09:00.111938"
}