{
  "arms": [
    "trend",
    "breakout",
    "reversion",
    "vwap"
  ],
  "d": 6,
  "alpha": 0.6,
  "alpha_base": 0.6,
  "alpha_boost_until": 0.0,
  "A": {
    "trend": [
      [
        1.1416146708645987,
        0.08510429362618926,
        1.5490318479872311,
        0.3319946936308771,
        0.3319946936308771,
        0.0
      ],
      [
        0.08510429362618926,
        1.051144000472506,
        0.9309011589164312,
        0.1995144550815178,
        0.1995144550815178,
        0.0
      ],
      [
        1.5490318479872311,
        0.9309011589164312,
        17.943863594280792,
        3.6314765317549544,
        3.6314765317549544,
        0.0
      ],
      [
        0.3319946936308771,
        0.1995144550815178,
        3.6314765317549544,
        1.778312557068641,
        0.778312557068642,
        0.0
      ],
      [
        0.3319946936308771,
        0.1995144550815178,
        3.6314765317549544,
        0.778312557068642,
        1.778312557068641,
        0.0
      ],
      [
        0.0,
        0.0,
        0.0,
        0.0,
        0.0,
        1.0
      ]
    ],
    "breakout": [
      [
        1.0,
        0.0,
        0.0,
        0.0,
        0.0,
        0.0
      ],
      [
        0.0,
        1.0,
        0.0,
        0.0,
        0.0,
        0.0
      ],
      [
        0.0,
        0.0,
        1.0,
        0.0,
        0.0,
        0.0
      ],
      [
        0.0,
        0.0,
        0.0,
        1.0,
        0.0,
        0.0
      ],
      [
        0.0,
        0.0,
        0.0,
        0.0,
        1.0,
        0.0
      ],
      [
        0.0,
        0.0,
        0.0,
        0.0,
        0.0,
        1.0
      ]
    ],
    "reversion": [
      [
        1.1151832763187657,
        0.01167727502120655,
        0.32914968100753444,
        0.3959448636775434,
        0.3959448636775434,
        0.0
      ],
      [
        0.01167727502120655,
        1.0012673708161768,
        0.03403857599076905,
        0.03973882404184069,
        0.03973882404184069,
        0.0
      ],
      [
        0.32914968100753444,
        0.03403857599076905,
        1.9459482018653356,
        1.1282367708551575,
        1.1282367708551575,
        0.0
      ],
      [
        0.3959448636775434,
        0.03973882404184069,
        1.1282367708551575,
        2.3630037060539135,
        1.3630037060539215,
        0.0
      ],
      [
        0.3959448636775434,
        0.03973882404184069,
        1.1282367708551575,
        1.3630037060539215,
        2.3630037060539135,
        0.0
      ],
      [
        0.0,
        0.0,
        0.0,
        0.0,
        0.0,
        1.0
      ]
    ],
    "vwap": [
      [
        1.0,
        0.0,
        0.0,
        0.0,
        0.0,
        0.0
      ],
      [
        0.0,
        1.0,
        0.0,
        0.0,
        0.0,
        0.0
      ],
      [
        0.0,
        0.0,
        1.0,
        0.0,
        0.0,
        0.0
      ],
      [
        0.0,
        0.0,
        0.0,
        1.0,
        0.0,
        0.0
      ],
      [
        0.0,
        0.0,
        0.0,
        0.0,
        1.0,
        0.0
      ],
      [
        0.0,
        0.0,
        0.0,
        0.0,
        0.0,
        1.0
      ]
    ]
  },
  "b": {
    "trend": [
      [
        0.33847820701008136
      ],
      [
        0.20341076626865953
      ],
      [
        3.7023955167013733
      ],
      [
        0.7935121972248417
      ],
      [
        0.7935121972248417
      ],
      [
        0.0
      ]
    ],
    "breakout": [
      [
        0.0
      ],
      [
        0.0
      ],
      [
        0.0
      ],
      [
        0.0
      ],
      [
        0.0
      ],
      [
        0.0
      ]
    ],
    "reversion": [
      [
        0.157855393832335
      ],
      [
        0.017175437050976693
      ],
      [
        0.4604830876618022
      ],
      [
        0.53698969599057
      ],
      [
        0.53698969599057
      ],
      [
        0.0
      ]
    ],
    "vwap": [
      [
        0.0
      ],
      [
        0.0
      ],
      [
        0.0
      ],
      [
        0.0
      ],
      [
        0.0
      ],
      [
        0.0
      ]
    ]
  },
  "counts": {
    "trend": 1,
    "breakout": 0,
    "reversion": 2,
    "vwap": 0
  },
  "reward_sum": {
    "trend": 0.7935121972248417,
    "breakout": 0.0,
    "reversion": 0.53698969599057,
    "vwap": 0.0
  },
  "disabled_until": {
    "trend": 0.0,
    "breakout": 0.0,
    "reversion": 0.0,
    "vwap": 0.0
  },
  "_snapshot_time": "2025-09-18T01:34:00.344961"
}