{
  "arms": [
    "trend",
    "breakout",
    "reversion",
    "vwap"
  ],
  "d": 6,
  "alpha": 0.6,
  "alpha_base": 0.6,
  "alpha_boost_until": 0.0,
  "A": {
    "trend": [
      [
        1.0607028236748341,
        0.03647977217629781,
        0.6639891655362312,
        0.1423088104178475,
        0.1423088104178475,
        0.0
      ],
      [
        0.03647977217629781,
        1.0219227656552379,
        0.39902877691558414,
        0.08552144148238638,
        0.08552144148238638,
        0.0
      ],
      [
        0.6639891655362312,
        0.39902877691558414,
        8.262950638197,
        1.5566245943345216,
        1.5566245943345216,
        0.0
      ],
      [
        0.1423088104178475,
        0.08552144148238638,
        1.5566245943345216,
        1.3336220013590299,
        0.33362200135903064,
        0.0
      ],
      [
        0.1423088104178475,
        0.08552144148238638,
        1.5566245943345216,
        0.33362200135903064,
        1.3336220013590299,
        0.0
      ],
      [
        0.0,
        0.0,
        0.0,
        0.0,
        0.0,
        1.0
      ]
    ],
    "breakout": [
      [
        1.0,
        0.0,
        0.0,
        0.0,
        0.0,
        0.0
      ],
      [
        0.0,
        1.0,
        0.0,
        0.0,
        0.0,
        0.0
      ],
      [
        0.0,
        0.0,
        1.0,
        0.0,
        0.0,
        0.0
      ],
      [
        0.0,
        0.0,
        0.0,
        1.0,
        0.0,
        0.0
      ],
      [
        0.0,
        0.0,
        0.0,
        0.0,
        1.0,
        0.0
      ],
      [
        0.0,
        0.0,
        0.0,
        0.0,
        0.0,
        1.0
      ]
    ],
    "reversion": [
      [
        1.282478124425158,
        0.017194759351157416,
        0.39453707810323513,
        0.835971851993582,
        0.835971851993582,
        0.0
      ],
      [
        0.017194759351157416,
        1.001182743013733,
        0.028038813587942264,
        0.051845481407541485,
        0.051845481407541485,
        0.0
      ],
      [
        0.39453707810323513,
        0.028038813587942264,
        1.6992363846652172,
        1.2054490682497423,
        1.2054490682497423,
        0.0
      ],
      [
        0.835971851993582,
        0.051845481407541485,
        1.2054490682497423,
        3.4888590834143645,
        2.488859083414374,
        0.0
      ],
      [
        0.835971851993582,
        0.051845481407541485,
        1.2054490682497423,
        2.488859083414374,
        3.4888590834143645,
        0.0
      ],
      [
        0.0,
        0.0,
        0.0,
        0.0,
        0.0,
        1.0
      ]
    ],
    "vwap": [
      [
        1.0,
        0.0,
        0.0,
        0.0,
        0.0,
        0.0
      ],
      [
        0.0,
        1.0,
        0.0,
        0.0,
        0.0,
        0.0
      ],
      [
        0.0,
        0.0,
        1.0,
        0.0,
        0.0,
        0.0
      ],
      [
        0.0,
        0.0,
        0.0,
        1.0,
        0.0,
        0.0
      ],
      [
        0.0,
        0.0,
        0.0,
        0.0,
        1.0,
        0.0
      ],
      [
        0.0,
        0.0,
        0.0,
        0.0,
        0.0,
        1.0
      ]
    ]
  },
  "b": {
    "trend": [
      [
        0.1450879544644948
      ],
      [
        0.08719158688138602
      ],
      [
        1.5870238644957106
      ],
      [
        0.3401372943769763
      ],
      [
        0.3401372943769763
      ],
      [
        0.0
      ]
    ],
    "breakout": [
      [
        0.0
      ],
      [
        0.0
      ],
      [
        0.0
      ],
      [
        0.0
      ],
      [
        0.0
      ],
      [
        0.0
      ]
    ],
    "reversion": [
      [
        1.6216008505456896
      ],
      [
        0.08281997595919968
      ],
      [
        1.3464237742163725
      ],
      [
        4.747659587306547
      ],
      [
        4.747659587306547
      ],
      [
        0.0
      ]
    ],
    "vwap": [
      [
        0.0
      ],
      [
        0.0
      ],
      [
        0.0
      ],
      [
        0.0
      ],
      [
        0.0
      ],
      [
        0.0
      ]
    ]
  },
  "counts": {
    "trend": 1,
    "breakout": 0,
    "reversion": 4,
    "vwap": 0
  },
  "reward_sum": {
    "trend": 0.3401372943769763,
    "breakout": 0.0,
    "reversion": 4.747659587306547,
    "vwap": 0.0
  },
  "disabled_until": {
    "trend": 0.0,
    "breakout": 0.0,
    "reversion": 0.0,
    "vwap": 0.0
  },
  "_snapshot_time": "2025-09-19T07:54:00.272829"
}