{
  "arms": [
    "trend",
    "breakout",
    "reversion",
    "vwap"
  ],
  "d": 6,
  "alpha": 0.6,
  "alpha_base": 0.6,
  "alpha_boost_until": 0.0,
  "A": {
    "trend": [
      [
        1.0514482441987685,
        0.030918170088679624,
        0.5627592699284533,
        0.12061281480467854,
        0.12061281480467854,
        0.0
      ],
      [
        0.030918170088679624,
        1.0185804832899499,
        0.3381939869396929,
        0.07248308627594695,
        0.07248308627594695,
        0.0
      ],
      [
        0.5627592699284533,
        0.3381939869396929,
        7.155661885502724,
        1.3193060455330121,
        1.3193060455330121,
        0.0
      ],
      [
        0.12061281480467854,
        0.07248308627594695,
        1.3193060455330121,
        1.282758941955405,
        0.2827589419554058,
        0.0
      ],
      [
        0.12061281480467854,
        0.07248308627594695,
        1.3193060455330121,
        0.2827589419554058,
        1.282758941955405,
        0.0
      ],
      [
        0.0,
        0.0,
        0.0,
        0.0,
        0.0,
        1.0
      ]
    ],
    "breakout": [
      [
        1.0,
        0.0,
        0.0,
        0.0,
        0.0,
        0.0
      ],
      [
        0.0,
        1.0,
        0.0,
        0.0,
        0.0,
        0.0
      ],
      [
        0.0,
        0.0,
        1.0,
        0.0,
        0.0,
        0.0
      ],
      [
        0.0,
        0.0,
        0.0,
        1.0,
        0.0,
        0.0
      ],
      [
        0.0,
        0.0,
        0.0,
        0.0,
        1.0,
        0.0
      ],
      [
        0.0,
        0.0,
        0.0,
        0.0,
        0.0,
        1.0
      ]
    ],
    "reversion": [
      [
        1.440967784544176,
        0.03116260513103702,
        0.7884588336150019,
        1.4326495870184348,
        1.4326495870184348,
        0.0
      ],
      [
        0.03116260513103702,
        1.0027224409704765,
        0.06847066893328688,
        0.10811331210549517,
        0.10811331210549517,
        0.0
      ],
      [
        0.7884588336150019,
        0.06847066893328688,
        2.8454212718841783,
        2.748327462995716,
        2.748327462995716,
        0.0
      ],
      [
        1.4326495870184348,
        0.10811331210549517,
        2.748327462995716,
        5.769932224209262,
        4.7699322242092705,
        0.0
      ],
      [
        1.4326495870184348,
        0.10811331210549517,
        2.748327462995716,
        4.7699322242092705,
        5.769932224209262,
        0.0
      ],
      [
        0.0,
        0.0,
        0.0,
        0.0,
        0.0,
        1.0
      ]
    ],
    "vwap": [
      [
        1.0,
        0.0,
        0.0,
        0.0,
        0.0,
        0.0
      ],
      [
        0.0,
        1.0,
        0.0,
        0.0,
        0.0,
        0.0
      ],
      [
        0.0,
        0.0,
        1.0,
        0.0,
        0.0,
        0.0
      ],
      [
        0.0,
        0.0,
        0.0,
        1.0,
        0.0,
        0.0
      ],
      [
        0.0,
        0.0,
        0.0,
        0.0,
        1.0,
        0.0
      ],
      [
        0.0,
        0.0,
        0.0,
        0.0,
        0.0,
        1.0
      ]
    ]
  },
  "b": {
    "trend": [
      [
        0.1229682584713748
      ],
      [
        0.07389860606783447
      ],
      [
        1.345070729612538
      ],
      [
        0.2882809319703903
      ],
      [
        0.2882809319703903
      ],
      [
        0.0
      ]
    ],
    "breakout": [
      [
        0.0
      ],
      [
        0.0
      ],
      [
        0.0
      ],
      [
        0.0
      ],
      [
        0.0
      ],
      [
        0.0
      ]
    ],
    "reversion": [
      [
        -0.45532070113268747
      ],
      [
        -0.1443674301909561
      ],
      [
        -3.9805159552952705
      ],
      [
        -3.3711684121586627
      ],
      [
        -3.3711684121586627
      ],
      [
        0.0
      ]
    ],
    "vwap": [
      [
        0.0
      ],
      [
        0.0
      ],
      [
        0.0
      ],
      [
        0.0
      ],
      [
        0.0
      ],
      [
        0.0
      ]
    ]
  },
  "counts": {
    "trend": 1,
    "breakout": 0,
    "reversion": 7,
    "vwap": 0
  },
  "reward_sum": {
    "trend": 0.2882809319703903,
    "breakout": 0.0,
    "reversion": -3.3711684121586627,
    "vwap": 0.0
  },
  "disabled_until": {
    "trend": 0.0,
    "breakout": 0.0,
    "reversion": 0.0,
    "vwap": 0.0
  },
  "_snapshot_time": "2025-09-19T13:25:00.410649"
}