{
  "arms": [
    "trend",
    "breakout",
    "reversion",
    "vwap"
  ],
  "d": 6,
  "alpha": 0.6,
  "alpha_base": 0.6,
  "alpha_boost_until": 0.0,
  "A": {
    "trend": [
      [
        1.0122679402249535,
        0.007372501596894232,
        0.13419111170921627,
        0.028760375119321165,
        0.028760375119321165,
        0.0
      ],
      [
        0.007372501596894232,
        1.0044305546652128,
        0.0806430555761067,
        0.017283741818630467,
        0.017283741818630467,
        0.0
      ],
      [
        0.13419111170921627,
        0.0806430555761067,
        2.467830306601023,
        0.314591254902425,
        0.314591254902425,
        0.0
      ],
      [
        0.028760375119321165,
        0.017283741818630467,
        0.314591254902425,
        1.0674244544590823,
        0.06742445445908266,
        0.0
      ],
      [
        0.028760375119321165,
        0.017283741818630467,
        0.314591254902425,
        0.06742445445908266,
        1.0674244544590823,
        0.0
      ],
      [
        0.0,
        0.0,
        0.0,
        0.0,
        0.0,
        1.0
      ]
    ],
    "breakout": [
      [
        1.0,
        0.0,
        0.0,
        0.0,
        0.0,
        0.0
      ],
      [
        0.0,
        1.0,
        0.0,
        0.0,
        0.0,
        0.0
      ],
      [
        0.0,
        0.0,
        1.0,
        0.0,
        0.0,
        0.0
      ],
      [
        0.0,
        0.0,
        0.0,
        1.0,
        0.0,
        0.0
      ],
      [
        0.0,
        0.0,
        0.0,
        0.0,
        1.0,
        0.0
      ],
      [
        0.0,
        0.0,
        0.0,
        0.0,
        0.0,
        1.0
      ]
    ],
    "reversion": [
      [
        1.1414804166270462,
        0.00921938095970919,
        0.23762171278716915,
        0.44450893560739374,
        0.44450893560739374,
        0.0
      ],
      [
        0.00921938095970919,
        1.0007372256629476,
        0.018769417535065832,
        0.03084523923147073,
        0.03084523923147073,
        0.0
      ],
      [
        0.23762171278716915,
        0.018769417535065832,
        1.5077931541649385,
        0.7958485353075637,
        0.7958485353075637,
        0.0
      ],
      [
        0.44450893560739374,
        0.03084523923147073,
        0.7958485353075637,
        2.4287923636186552,
        1.4287923636186728,
        0.0
      ],
      [
        0.44450893560739374,
        0.03084523923147073,
        0.7958485353075637,
        1.4287923636186728,
        2.4287923636186552,
        0.0
      ],
      [
        0.0,
        0.0,
        0.0,
        0.0,
        0.0,
        1.0
      ]
    ],
    "vwap": [
      [
        1.0,
        0.0,
        0.0,
        0.0,
        0.0,
        0.0
      ],
      [
        0.0,
        1.0,
        0.0,
        0.0,
        0.0,
        0.0
      ],
      [
        0.0,
        0.0,
        1.0,
        0.0,
        0.0,
        0.0
      ],
      [
        0.0,
        0.0,
        0.0,
        1.0,
        0.0,
        0.0
      ],
      [
        0.0,
        0.0,
        0.0,
        0.0,
        1.0,
        0.0
      ],
      [
        0.0,
        0.0,
        0.0,
        0.0,
        0.0,
        1.0
      ]
    ]
  },
  "b": {
    "trend": [
      [
        0.02932203553273842
      ],
      [
        0.017621275440322614
      ],
      [
        0.32073489710294856
      ],
      [
        0.06874118439771561
      ],
      [
        0.06874118439771561
      ],
      [
        0.0
      ]
    ],
    "breakout": [
      [
        0.0
      ],
      [
        0.0
      ],
      [
        0.0
      ],
      [
        0.0
      ],
      [
        0.0
      ],
      [
        0.0
      ]
    ],
    "reversion": [
      [
        -0.0040441356796110635
      ],
      [
        -0.029278707843090182
      ],
      [
        -0.8064221835283694
      ],
      [
        -0.5078328571022093
      ],
      [
        -0.5078328571022093
      ],
      [
        0.0
      ]
    ],
    "vwap": [
      [
        0.0
      ],
      [
        0.0
      ],
      [
        0.0
      ],
      [
        0.0
      ],
      [
        0.0
      ],
      [
        0.0
      ]
    ]
  },
  "counts": {
    "trend": 1,
    "breakout": 0,
    "reversion": 8,
    "vwap": 0
  },
  "reward_sum": {
    "trend": 0.06874118439771561,
    "breakout": 0.0,
    "reversion": -0.5078328571022093,
    "vwap": 0.0
  },
  "disabled_until": {
    "trend": 0.0,
    "breakout": 0.0,
    "reversion": 0.0,
    "vwap": 0.0
  },
  "_snapshot_time": "2025-09-24T03:14:00.275951"
}