{
  "arms": [
    "trend",
    "breakout",
    "reversion",
    "vwap"
  ],
  "d": 6,
  "alpha": 0.6,
  "alpha_base": 0.6,
  "alpha_boost_until": 0.0,
  "A": {
    "trend": [
      [
        1.0208701270154252,
        0.012542043890600011,
        0.22828490311814897,
        0.04892693237375517,
        0.04892693237375517,
        0.0
      ],
      [
        0.012542043890600011,
        1.0075372260474245,
        0.13718935550094757,
        0.02940297070595155,
        0.02940297070595155,
        0.0
      ],
      [
        0.22828490311814897,
        0.13718935550094757,
        3.497061802889039,
        0.535180260692964,
        0.535180260692964,
        0.0
      ],
      [
        0.04892693237375517,
        0.02940297070595155,
        0.535180260692964,
        1.1147019713745223,
        0.11470197137452155,
        0.0
      ],
      [
        0.04892693237375517,
        0.02940297070595155,
        0.535180260692964,
        0.11470197137452155,
        1.1147019713745223,
        0.0
      ],
      [
        0.0,
        0.0,
        0.0,
        0.0,
        0.0,
        1.0
      ]
    ],
    "breakout": [
      [
        1.0,
        0.0,
        0.0,
        0.0,
        0.0,
        0.0
      ],
      [
        0.0,
        1.0,
        0.0,
        0.0,
        0.0,
        0.0
      ],
      [
        0.0,
        0.0,
        1.0,
        0.0,
        0.0,
        0.0
      ],
      [
        0.0,
        0.0,
        0.0,
        1.0,
        0.0,
        0.0
      ],
      [
        0.0,
        0.0,
        0.0,
        0.0,
        1.0,
        0.0
      ],
      [
        0.0,
        0.0,
        0.0,
        0.0,
        0.0,
        1.0
      ]
    ],
    "reversion": [
      [
        1.2406854134483036,
        0.01568394107768594,
        0.40424025847504763,
        0.7561952353459497,
        0.7561952353459497,
        0.0
      ],
      [
        0.01568394107768594,
        1.0012541627153868,
        0.03193039098492178,
        0.052473687414341656,
        0.052473687414341656,
        0.0
      ],
      [
        0.40424025847504763,
        0.03193039098492178,
        1.8638538687554589,
        1.3538915019431204,
        1.3538915019431204,
        0.0
      ],
      [
        0.7561952353459497,
        0.052473687414341656,
        1.3538915019431204,
        3.4306507498904373,
        2.430650749890453,
        0.0
      ],
      [
        0.7561952353459497,
        0.052473687414341656,
        1.3538915019431204,
        2.430650749890453,
        3.4306507498904373,
        0.0
      ],
      [
        0.0,
        0.0,
        0.0,
        0.0,
        0.0,
        1.0
      ]
    ],
    "vwap": [
      [
        1.0,
        0.0,
        0.0,
        0.0,
        0.0,
        0.0
      ],
      [
        0.0,
        1.0,
        0.0,
        0.0,
        0.0,
        0.0
      ],
      [
        0.0,
        0.0,
        1.0,
        0.0,
        0.0,
        0.0
      ],
      [
        0.0,
        0.0,
        0.0,
        1.0,
        0.0,
        0.0
      ],
      [
        0.0,
        0.0,
        0.0,
        0.0,
        1.0,
        0.0
      ],
      [
        0.0,
        0.0,
        0.0,
        0.0,
        0.0,
        1.0
      ]
    ]
  },
  "b": {
    "trend": [
      [
        0.049882424816057175
      ],
      [
        0.029977180347303057
      ],
      [
        0.545631778283624
      ],
      [
        0.11694198237558494
      ],
      [
        0.11694198237558494
      ],
      [
        0.0
      ]
    ],
    "breakout": [
      [
        0.0
      ],
      [
        0.0
      ],
      [
        0.0
      ],
      [
        0.0
      ],
      [
        0.0
      ],
      [
        0.0
      ]
    ],
    "reversion": [
      [
        -0.006879852995161183
      ],
      [
        -0.04980871607851344
      ],
      [
        -1.3718793122306046
      ],
      [
        -0.8639214110917051
      ],
      [
        -0.8639214110917051
      ],
      [
        0.0
      ]
    ],
    "vwap": [
      [
        0.0
      ],
      [
        0.0
      ],
      [
        0.0
      ],
      [
        0.0
      ],
      [
        0.0
      ],
      [
        0.0
      ]
    ]
  },
  "counts": {
    "trend": 1,
    "breakout": 0,
    "reversion": 8,
    "vwap": 0
  },
  "reward_sum": {
    "trend": 0.11694198237558494,
    "breakout": 0.0,
    "reversion": -0.8639214110917051,
    "vwap": 0.0
  },
  "disabled_until": {
    "trend": 0.0,
    "breakout": 0.0,
    "reversion": 0.0,
    "vwap": 0.0
  },
  "_snapshot_time": "2025-09-23T05:54:00.457569"
}