{
  "arms": [
    "trend",
    "breakout",
    "reversion",
    "vwap"
  ],
  "d": 6,
  "alpha": 0.6,
  "alpha_base": 0.6,
  "alpha_boost_until": 0.0,
  "A": {
    "trend": [
      [
        1.0840830864212507,
        0.05053029910038138,
        0.9197308297818266,
        0.1971203855188954,
        0.1971203855188954,
        0.0
      ],
      [
        0.05053029910038138,
        1.0303665247774347,
        0.5527184585956499,
        0.11846082800946128,
        0.11846082800946128,
        0.0
      ],
      [
        0.9197308297818266,
        0.5527184585956499,
        11.060344300555961,
        2.156173178894993,
        2.156173178894993,
        0.0
      ],
      [
        0.1971203855188954,
        0.11846082800946128,
        2.156173178894993,
        1.4621196490391695,
        0.46211964903917074,
        0.0
      ],
      [
        0.1971203855188954,
        0.11846082800946128,
        2.156173178894993,
        0.46211964903917074,
        1.4621196490391695,
        0.0
      ],
      [
        0.0,
        0.0,
        0.0,
        0.0,
        0.0,
        1.0
      ]
    ],
    "breakout": [
      [
        1.0,
        0.0,
        0.0,
        0.0,
        0.0,
        0.0
      ],
      [
        0.0,
        1.0,
        0.0,
        0.0,
        0.0,
        0.0
      ],
      [
        0.0,
        0.0,
        1.0,
        0.0,
        0.0,
        0.0
      ],
      [
        0.0,
        0.0,
        0.0,
        1.0,
        0.0,
        0.0
      ],
      [
        0.0,
        0.0,
        0.0,
        0.0,
        1.0,
        0.0
      ],
      [
        0.0,
        0.0,
        0.0,
        0.0,
        0.0,
        1.0
      ]
    ],
    "reversion": [
      [
        1.0683895624504434,
        0.00693333055663129,
        0.1954311718179591,
        0.23509051701627842,
        0.23509051701627842,
        0.0
      ],
      [
        0.00693333055663129,
        1.0007524958340388,
        0.020210254412302987,
        0.023594751559205783,
        0.023594751559205783,
        0.0
      ],
      [
        0.1954311718179591,
        0.020210254412302987,
        1.5616525740014375,
        0.6698856080959907,
        0.6698856080959907,
        0.0
      ],
      [
        0.23509051701627842,
        0.023594751559205783,
        0.6698856080959907,
        1.8092774407405199,
        0.8092774407405294,
        0.0
      ],
      [
        0.23509051701627842,
        0.023594751559205783,
        0.6698856080959907,
        0.8092774407405294,
        1.8092774407405199,
        0.0
      ],
      [
        0.0,
        0.0,
        0.0,
        0.0,
        0.0,
        1.0
      ]
    ],
    "vwap": [
      [
        1.0,
        0.0,
        0.0,
        0.0,
        0.0,
        0.0
      ],
      [
        0.0,
        1.0,
        0.0,
        0.0,
        0.0,
        0.0
      ],
      [
        0.0,
        0.0,
        1.0,
        0.0,
        0.0,
        0.0
      ],
      [
        0.0,
        0.0,
        0.0,
        1.0,
        0.0,
        0.0
      ],
      [
        0.0,
        0.0,
        0.0,
        0.0,
        1.0,
        0.0
      ],
      [
        0.0,
        0.0,
        0.0,
        0.0,
        0.0,
        1.0
      ]
    ]
  },
  "b": {
    "trend": [
      [
        0.20096994300081888
      ],
      [
        0.1207742455972885
      ],
      [
        2.198281013512344
      ],
      [
        0.47114436836396206
      ],
      [
        0.47114436836396206
      ],
      [
        0.0
      ]
    ],
    "breakout": [
      [
        0.0
      ],
      [
        0.0
      ],
      [
        0.0
      ],
      [
        0.0
      ],
      [
        0.0
      ],
      [
        0.0
      ]
    ],
    "reversion": [
      [
        0.09372594407506811
      ],
      [
        0.010197840019420024
      ],
      [
        0.2734098029462711
      ],
      [
        0.3188352643100527
      ],
      [
        0.3188352643100527
      ],
      [
        0.0
      ]
    ],
    "vwap": [
      [
        0.0
      ],
      [
        0.0
      ],
      [
        0.0
      ],
      [
        0.0
      ],
      [
        0.0
      ],
      [
        0.0
      ]
    ]
  },
  "counts": {
    "trend": 1,
    "breakout": 0,
    "reversion": 2,
    "vwap": 0
  },
  "reward_sum": {
    "trend": 0.47114436836396206,
    "breakout": 0.0,
    "reversion": 0.3188352643100527,
    "vwap": 0.0
  },
  "disabled_until": {
    "trend": 0.0,
    "breakout": 0.0,
    "reversion": 0.0,
    "vwap": 0.0
  },
  "_snapshot_time": "2025-09-18T20:26:01.001277"
}