{
  "arms": [
    "trend",
    "breakout",
    "reversion",
    "vwap"
  ],
  "d": 6,
  "alpha": 0.6,
  "alpha_base": 0.6,
  "alpha_boost_until": 0.0,
  "A": {
    "trend": [
      [
        1.0182283883418752,
        0.010954473179282477,
        0.19938862200259982,
        0.04273376597211284,
        0.04273376597211284,
        0.0
      ],
      [
        0.010954473179282477,
        1.0065831646981058,
        0.11982394005529856,
        0.02568114549742384,
        0.02568114549742384,
        0.0
      ],
      [
        0.19938862200259982,
        0.11982394005529856,
        3.1809839596606664,
        0.4674371946853403,
        0.4674371946853403,
        0.0
      ],
      [
        0.04273376597211284,
        0.02568114549742384,
        0.4674371946853403,
        1.1001830068522356,
        0.10018300685223579,
        0.0
      ],
      [
        0.04273376597211284,
        0.02568114549742384,
        0.4674371946853403,
        0.10018300685223579,
        1.1001830068522356,
        0.0
      ],
      [
        0.0,
        0.0,
        0.0,
        0.0,
        0.0,
        1.0
      ]
    ],
    "breakout": [
      [
        1.0,
        0.0,
        0.0,
        0.0,
        0.0,
        0.0
      ],
      [
        0.0,
        1.0,
        0.0,
        0.0,
        0.0,
        0.0
      ],
      [
        0.0,
        0.0,
        1.0,
        0.0,
        0.0,
        0.0
      ],
      [
        0.0,
        0.0,
        0.0,
        1.0,
        0.0,
        0.0
      ],
      [
        0.0,
        0.0,
        0.0,
        0.0,
        1.0,
        0.0
      ],
      [
        0.0,
        0.0,
        0.0,
        0.0,
        0.0,
        1.0
      ]
    ],
    "reversion": [
      [
        1.2102194769259271,
        0.013698669322128963,
        0.3530715653746032,
        0.6604761150697993,
        0.6604761150697993,
        0.0
      ],
      [
        0.013698669322128963,
        1.0010954109193055,
        0.027888645160178537,
        0.04583157310024045,
        0.04583157310024045,
        0.0
      ],
      [
        0.3530715653746032,
        0.027888645160178537,
        1.7545073290002948,
        1.182516045635116,
        1.182516045635116,
        0.0
      ],
      [
        0.6604761150697993,
        0.04583157310024045,
        1.182516045635116,
        3.1229792113734813,
        2.122979211373497,
        0.0
      ],
      [
        0.6604761150697993,
        0.04583157310024045,
        1.182516045635116,
        2.122979211373497,
        3.1229792113734813,
        0.0
      ],
      [
        0.0,
        0.0,
        0.0,
        0.0,
        0.0,
        1.0
      ]
    ],
    "vwap": [
      [
        1.0,
        0.0,
        0.0,
        0.0,
        0.0,
        0.0
      ],
      [
        0.0,
        1.0,
        0.0,
        0.0,
        0.0,
        0.0
      ],
      [
        0.0,
        0.0,
        1.0,
        0.0,
        0.0,
        0.0
      ],
      [
        0.0,
        0.0,
        0.0,
        1.0,
        0.0,
        0.0
      ],
      [
        0.0,
        0.0,
        0.0,
        0.0,
        1.0,
        0.0
      ],
      [
        0.0,
        0.0,
        0.0,
        0.0,
        0.0,
        1.0
      ]
    ]
  },
  "b": {
    "trend": [
      [
        0.04356831227281979
      ],
      [
        0.02618267173751177
      ],
      [
        0.47656576018298563
      ],
      [
        0.10213947747588252
      ],
      [
        0.10213947747588252
      ],
      [
        0.0
      ]
    ],
    "breakout": [
      [
        0.0
      ],
      [
        0.0
      ],
      [
        0.0
      ],
      [
        0.0
      ],
      [
        0.0
      ],
      [
        0.0
      ]
    ],
    "reversion": [
      [
        -0.006009001863674228
      ],
      [
        -0.04350393358019644
      ],
      [
        -1.1982269606236966
      ],
      [
        -0.7545663218341048
      ],
      [
        -0.7545663218341048
      ],
      [
        0.0
      ]
    ],
    "vwap": [
      [
        0.0
      ],
      [
        0.0
      ],
      [
        0.0
      ],
      [
        0.0
      ],
      [
        0.0
      ],
      [
        0.0
      ]
    ]
  },
  "counts": {
    "trend": 1,
    "breakout": 0,
    "reversion": 8,
    "vwap": 0
  },
  "reward_sum": {
    "trend": 0.10213947747588252,
    "breakout": 0.0,
    "reversion": -0.7545663218341048,
    "vwap": 0.0
  },
  "disabled_until": {
    "trend": 0.0,
    "breakout": 0.0,
    "reversion": 0.0,
    "vwap": 0.0
  },
  "_snapshot_time": "2025-09-23T10:27:00.599523"
}