{
  "arms": [
    "trend",
    "breakout",
    "reversion",
    "vwap"
  ],
  "d": 6,
  "alpha": 0.6,
  "alpha_base": 0.6,
  "alpha_boost_until": 0.0,
  "A": {
    "trend": [
      [
        1.004570024813613,
        0.002746387300426272,
        0.04998856360825037,
        0.010713748643536922,
        0.010713748643536922,
        0.0
      ],
      [
        0.002746387300426272,
        1.0016504600109548,
        0.030040965171860987,
        0.006438499661299451,
        0.006438499661299451,
        0.0
      ],
      [
        0.04998856360825037,
        0.030040965171860987,
        1.5467927623003885,
        0.11719080910788152,
        0.11719080910788152,
        0.0
      ],
      [
        0.010713748643536922,
        0.006438499661299451,
        0.11719080910788152,
        1.025116802354114,
        0.025116802354115567,
        0.0
      ],
      [
        0.010713748643536922,
        0.006438499661299451,
        0.11719080910788152,
        0.025116802354115567,
        1.025116802354114,
        0.0
      ],
      [
        0.0,
        0.0,
        0.0,
        0.0,
        0.0,
        1.0
      ]
    ],
    "breakout": [
      [
        1.0,
        0.0,
        0.0,
        0.0,
        0.0,
        0.0
      ],
      [
        0.0,
        1.0,
        0.0,
        0.0,
        0.0,
        0.0
      ],
      [
        0.0,
        0.0,
        1.0,
        0.0,
        0.0,
        0.0
      ],
      [
        0.0,
        0.0,
        0.0,
        1.0,
        0.0,
        0.0
      ],
      [
        0.0,
        0.0,
        0.0,
        0.0,
        1.0,
        0.0
      ],
      [
        0.0,
        0.0,
        0.0,
        0.0,
        0.0,
        1.0
      ]
    ],
    "reversion": [
      [
        1.1220189826685436,
        0.01133358838393507,
        0.45973098727859507,
        0.3921072137057956,
        0.3921072137057956,
        0.0
      ],
      [
        0.01133358838393507,
        1.0011748305900863,
        0.049295690713568,
        0.03730480509261819,
        0.03730480509261819,
        0.0
      ],
      [
        0.45973098727859507,
        0.049295690713568,
        3.1771705468560327,
        1.5095814894554973,
        1.5095814894554973,
        0.0
      ],
      [
        0.3921072137057956,
        0.03730480509261819,
        1.5095814894554973,
        2.2725113954641647,
        1.272511395464179,
        0.0
      ],
      [
        0.3921072137057956,
        0.03730480509261819,
        1.5095814894554973,
        1.272511395464179,
        2.2725113954641647,
        0.0
      ],
      [
        0.0,
        0.0,
        0.0,
        0.0,
        0.0,
        1.0
      ]
    ],
    "vwap": [
      [
        1.0,
        0.0,
        0.0,
        0.0,
        0.0,
        0.0
      ],
      [
        0.0,
        1.0,
        0.0,
        0.0,
        0.0,
        0.0
      ],
      [
        0.0,
        0.0,
        1.0,
        0.0,
        0.0,
        0.0
      ],
      [
        0.0,
        0.0,
        0.0,
        1.0,
        0.0,
        0.0
      ],
      [
        0.0,
        0.0,
        0.0,
        0.0,
        1.0,
        0.0
      ],
      [
        0.0,
        0.0,
        0.0,
        0.0,
        0.0,
        1.0
      ]
    ]
  },
  "b": {
    "trend": [
      [
        0.01092297708605243
      ],
      [
        0.006564236907999092
      ],
      [
        0.11947942453863149
      ],
      [
        0.02560730755564393
      ],
      [
        0.02560730755564393
      ],
      [
        0.0
      ]
    ],
    "breakout": [
      [
        0.0
      ],
      [
        0.0
      ],
      [
        0.0
      ],
      [
        0.0
      ],
      [
        0.0
      ],
      [
        0.0
      ]
    ],
    "reversion": [
      [
        -0.25789297756763163
      ],
      [
        -0.04012488139699612
      ],
      [
        -1.6734697624023587
      ],
      [
        -1.0270413000252487
      ],
      [
        -1.0270413000252487
      ],
      [
        0.0
      ]
    ],
    "vwap": [
      [
        0.0
      ],
      [
        0.0
      ],
      [
        0.0
      ],
      [
        0.0
      ],
      [
        0.0
      ],
      [
        0.0
      ]
    ]
  },
  "counts": {
    "trend": 1,
    "breakout": 0,
    "reversion": 9,
    "vwap": 0
  },
  "reward_sum": {
    "trend": 0.02560730755564393,
    "breakout": 0.0,
    "reversion": -1.0270413000252487,
    "vwap": 0.0
  },
  "disabled_until": {
    "trend": 0.0,
    "breakout": 0.0,
    "reversion": 0.0,
    "vwap": 0.0
  },
  "_snapshot_time": "2025-09-25T20:38:00.452361"
}