{
  "arms": [
    "trend",
    "breakout",
    "reversion",
    "vwap"
  ],
  "d": 6,
  "alpha": 0.6,
  "alpha_base": 0.6,
  "alpha_boost_until": 0.0,
  "A": {
    "trend": [
      [
        1.007468900004937,
        0.004488485940079607,
        0.08169749579222918,
        0.017509733657958056,
        0.017509733657958056,
        0.0
      ],
      [
        0.004488485940079607,
        1.0026973859632582,
        0.04909666228772278,
        0.010522592789612893,
        0.010522592789612893,
        0.0
      ],
      [
        0.08169749579222918,
        0.04909666228772278,
        1.8936363874613207,
        0.1915277204004099,
        0.1915277204004099,
        0.0
      ],
      [
        0.017509733657958056,
        0.010522592789612893,
        0.1915277204004099,
        1.0410489861385197,
        0.04104898613852031,
        0.0
      ],
      [
        0.017509733657958056,
        0.010522592789612893,
        0.1915277204004099,
        0.04104898613852031,
        1.0410489861385197,
        0.0
      ],
      [
        0.0,
        0.0,
        0.0,
        0.0,
        0.0,
        1.0
      ]
    ],
    "breakout": [
      [
        1.0,
        0.0,
        0.0,
        0.0,
        0.0,
        0.0
      ],
      [
        0.0,
        1.0,
        0.0,
        0.0,
        0.0,
        0.0
      ],
      [
        0.0,
        0.0,
        1.0,
        0.0,
        0.0,
        0.0
      ],
      [
        0.0,
        0.0,
        0.0,
        1.0,
        0.0,
        0.0
      ],
      [
        0.0,
        0.0,
        0.0,
        0.0,
        1.0,
        0.0
      ],
      [
        0.0,
        0.0,
        0.0,
        0.0,
        0.0,
        1.0
      ]
    ],
    "reversion": [
      [
        1.0861353303869916,
        0.005612892892600347,
        0.14466754640679186,
        0.27062348939388914,
        0.27062348939388914,
        0.0
      ],
      [
        0.005612892892600347,
        1.0004488336800366,
        0.011427093721501056,
        0.01877902917880298,
        0.01877902917880298,
        0.0
      ],
      [
        0.14466754640679186,
        0.011427093721501056,
        1.3091518398447226,
        0.4845241352902205,
        0.4845241352902205,
        0.0
      ],
      [
        0.27062348939388914,
        0.01877902917880298,
        0.4845241352902205,
        1.86986952137074,
        0.869869521370756,
        0.0
      ],
      [
        0.27062348939388914,
        0.01877902917880298,
        0.4845241352902205,
        0.869869521370756,
        1.86986952137074,
        0.0
      ],
      [
        0.0,
        0.0,
        0.0,
        0.0,
        0.0,
        1.0
      ]
    ],
    "vwap": [
      [
        1.0,
        0.0,
        0.0,
        0.0,
        0.0,
        0.0
      ],
      [
        0.0,
        1.0,
        0.0,
        0.0,
        0.0,
        0.0
      ],
      [
        0.0,
        0.0,
        1.0,
        0.0,
        0.0,
        0.0
      ],
      [
        0.0,
        0.0,
        0.0,
        1.0,
        0.0,
        0.0
      ],
      [
        0.0,
        0.0,
        0.0,
        0.0,
        1.0,
        0.0
      ],
      [
        0.0,
        0.0,
        0.0,
        0.0,
        0.0,
        1.0
      ]
    ]
  },
  "b": {
    "trend": [
      [
        0.017851680666797574
      ],
      [
        0.010728088155786507
      ],
      [
        0.19526805891041385
      ],
      [
        0.041850630429641995
      ],
      [
        0.041850630429641995
      ],
      [
        0.0
      ]
    ],
    "breakout": [
      [
        0.0
      ],
      [
        0.0
      ],
      [
        0.0
      ],
      [
        0.0
      ],
      [
        0.0
      ],
      [
        0.0
      ]
    ],
    "reversion": [
      [
        -0.0024621284782570044
      ],
      [
        -0.01782530214069672
      ],
      [
        -0.49096152574048835
      ],
      [
        -0.30917601156898405
      ],
      [
        -0.30917601156898405
      ],
      [
        0.0
      ]
    ],
    "vwap": [
      [
        0.0
      ],
      [
        0.0
      ],
      [
        0.0
      ],
      [
        0.0
      ],
      [
        0.0
      ],
      [
        0.0
      ]
    ]
  },
  "counts": {
    "trend": 1,
    "breakout": 0,
    "reversion": 8,
    "vwap": 0
  },
  "reward_sum": {
    "trend": 0.041850630429641995,
    "breakout": 0.0,
    "reversion": -0.30917601156898405,
    "vwap": 0.0
  },
  "disabled_until": {
    "trend": 0.0,
    "breakout": 0.0,
    "reversion": 0.0,
    "vwap": 0.0
  },
  "_snapshot_time": "2025-09-24T20:31:00.606798"
}