{
  "arms": [
    "trend",
    "breakout",
    "reversion",
    "vwap"
  ],
  "d": 6,
  "alpha": 0.6,
  "alpha_base": 0.6,
  "alpha_boost_until": 0.0,
  "A": {
    "trend": [
      [
        1.1573343505077167,
        0.09455114135665292,
        1.7209793182505984,
        0.3688471623421347,
        0.3688471623421347,
        0.0
      ],
      [
        0.09455114135665292,
        1.056821147467141,
        1.0342341533599624,
        0.22166119523848585,
        0.22166119523848585,
        0.0
      ],
      [
        1.7209793182505984,
        1.0342341533599624,
        19.824686435534733,
        4.034581996479525,
        4.034581996479525,
        0.0
      ],
      [
        0.3688471623421347,
        0.22166119523848585,
        4.034581996479525,
        1.8647077305675333,
        0.8647077305675338,
        0.0
      ],
      [
        0.3688471623421347,
        0.22166119523848585,
        4.034581996479525,
        0.8647077305675338,
        1.8647077305675333,
        0.0
      ],
      [
        0.0,
        0.0,
        0.0,
        0.0,
        0.0,
        1.0
      ]
    ],
    "breakout": [
      [
        1.0,
        0.0,
        0.0,
        0.0,
        0.0,
        0.0
      ],
      [
        0.0,
        1.0,
        0.0,
        0.0,
        0.0,
        0.0
      ],
      [
        0.0,
        0.0,
        1.0,
        0.0,
        0.0,
        0.0
      ],
      [
        0.0,
        0.0,
        0.0,
        1.0,
        0.0,
        0.0
      ],
      [
        0.0,
        0.0,
        0.0,
        0.0,
        1.0,
        0.0
      ],
      [
        0.0,
        0.0,
        0.0,
        0.0,
        0.0,
        1.0
      ]
    ],
    "reversion": [
      [
        1.1279689869582161,
        0.012973489751765554,
        0.3656863442535353,
        0.4398960050059745,
        0.4398960050059745,
        0.0
      ],
      [
        0.012973489751765554,
        1.001408053014552,
        0.03781696637091854,
        0.04414996011635988,
        0.04414996011635988,
        0.0
      ],
      [
        0.3656863442535353,
        0.03781696637091854,
        2.0509514660153103,
        1.2534746469251234,
        1.2534746469251234,
        0.0
      ],
      [
        0.4398960050059745,
        0.04414996011635988,
        1.2534746469251234,
        2.514301459886475,
        1.514301459886481,
        0.0
      ],
      [
        0.4398960050059745,
        0.04414996011635988,
        1.2534746469251234,
        1.514301459886481,
        2.514301459886475,
        0.0
      ],
      [
        0.0,
        0.0,
        0.0,
        0.0,
        0.0,
        1.0
      ]
    ],
    "vwap": [
      [
        1.0,
        0.0,
        0.0,
        0.0,
        0.0,
        0.0
      ],
      [
        0.0,
        1.0,
        0.0,
        0.0,
        0.0,
        0.0
      ],
      [
        0.0,
        0.0,
        1.0,
        0.0,
        0.0,
        0.0
      ],
      [
        0.0,
        0.0,
        0.0,
        1.0,
        0.0,
        0.0
      ],
      [
        0.0,
        0.0,
        0.0,
        0.0,
        1.0,
        0.0
      ],
      [
        0.0,
        0.0,
        0.0,
        0.0,
        0.0,
        1.0
      ]
    ]
  },
  "b": {
    "trend": [
      [
        0.37605036636257505
      ],
      [
        0.22599000938084982
      ],
      [
        4.113373214699278
      ],
      [
        0.8815945792063533
      ],
      [
        0.8815945792063533
      ],
      [
        0.0
      ]
    ],
    "breakout": [
      [
        0.0
      ],
      [
        0.0
      ],
      [
        0.0
      ],
      [
        0.0
      ],
      [
        0.0
      ],
      [
        0.0
      ]
    ],
    "reversion": [
      [
        0.1753778454669907
      ],
      [
        0.019081965283705135
      ],
      [
        0.5115981774679893
      ],
      [
        0.5965972630674183
      ],
      [
        0.5965972630674183
      ],
      [
        0.0
      ]
    ],
    "vwap": [
      [
        0.0
      ],
      [
        0.0
      ],
      [
        0.0
      ],
      [
        0.0
      ],
      [
        0.0
      ],
      [
        0.0
      ]
    ]
  },
  "counts": {
    "trend": 1,
    "breakout": 0,
    "reversion": 2,
    "vwap": 0
  },
  "reward_sum": {
    "trend": 0.8815945792063533,
    "breakout": 0.0,
    "reversion": 0.5965972630674183,
    "vwap": 0.0
  },
  "disabled_until": {
    "trend": 0.0,
    "breakout": 0.0,
    "reversion": 0.0,
    "vwap": 0.0
  },
  "_snapshot_time": "2025-09-17T22:06:00.974474"
}