{
  "arms": [
    "trend",
    "breakout",
    "reversion",
    "vwap"
  ],
  "d": 6,
  "alpha": 0.6,
  "alpha_base": 0.6,
  "alpha_boost_until": 0.0,
  "A": {
    "trend": [
      [
        1.0719820395724189,
        0.04325809320589607,
        0.7873652574270654,
        0.1687512672865652,
        0.1687512672865652,
        0.0
      ],
      [
        0.04325809320589607,
        1.025996243492481,
        0.47317247323337897,
        0.10141221466156379,
        0.10141221466156379,
        0.0
      ],
      [
        0.7873652574270654,
        0.47317247323337897,
        9.61248239541039,
        1.8458616315609517,
        1.8458616315609517,
        0.0
      ],
      [
        0.1687512672865652,
        0.10141221466156379,
        1.8458616315609517,
        1.3956124386024364,
        0.39561243860243744,
        0.0
      ],
      [
        0.1687512672865652,
        0.10141221466156379,
        1.8458616315609517,
        0.39561243860243744,
        1.3956124386024364,
        0.0
      ],
      [
        0.0,
        0.0,
        0.0,
        0.0,
        0.0,
        1.0
      ]
    ],
    "breakout": [
      [
        1.0,
        0.0,
        0.0,
        0.0,
        0.0,
        0.0
      ],
      [
        0.0,
        1.0,
        0.0,
        0.0,
        0.0,
        0.0
      ],
      [
        0.0,
        0.0,
        1.0,
        0.0,
        0.0,
        0.0
      ],
      [
        0.0,
        0.0,
        0.0,
        1.0,
        0.0,
        0.0
      ],
      [
        0.0,
        0.0,
        0.0,
        0.0,
        1.0,
        0.0
      ],
      [
        0.0,
        0.0,
        0.0,
        0.0,
        0.0,
        1.0
      ]
    ],
    "reversion": [
      [
        1.0585470919322026,
        0.0059355013682034575,
        0.1673051613853392,
        0.20125682368730954,
        0.20125682368730954,
        0.0
      ],
      [
        0.0059355013682034575,
        1.0006441983424887,
        0.017301640493865136,
        0.020199048497426805,
        0.020199048497426805,
        0.0
      ],
      [
        0.1673051613853392,
        0.017301640493865136,
        1.4808208110389414,
        0.5734771926589689,
        0.5734771926589689,
        0.0
      ],
      [
        0.20125682368730954,
        0.020199048497426805,
        0.5734771926589689,
        1.6928080693018939,
        0.692808069301902,
        0.0
      ],
      [
        0.20125682368730954,
        0.020199048497426805,
        0.5734771926589689,
        0.692808069301902,
        1.6928080693018939,
        0.0
      ],
      [
        0.0,
        0.0,
        0.0,
        0.0,
        0.0,
        1.0
      ]
    ],
    "vwap": [
      [
        1.0,
        0.0,
        0.0,
        0.0,
        0.0,
        0.0
      ],
      [
        0.0,
        1.0,
        0.0,
        0.0,
        0.0,
        0.0
      ],
      [
        0.0,
        0.0,
        1.0,
        0.0,
        0.0,
        0.0
      ],
      [
        0.0,
        0.0,
        0.0,
        1.0,
        0.0,
        0.0
      ],
      [
        0.0,
        0.0,
        0.0,
        0.0,
        1.0,
        0.0
      ],
      [
        0.0,
        0.0,
        0.0,
        0.0,
        0.0,
        1.0
      ]
    ]
  },
  "b": {
    "trend": [
      [
        0.17204680519786253
      ],
      [
        0.10339269044381845
      ],
      [
        1.8819094022451759
      ],
      [
        0.4033383408167374
      ],
      [
        0.4033383408167374
      ],
      [
        0.0
      ]
    ],
    "breakout": [
      [
        0.0
      ],
      [
        0.0
      ],
      [
        0.0
      ],
      [
        0.0
      ],
      [
        0.0
      ],
      [
        0.0
      ]
    ],
    "reversion": [
      [
        0.0802371190511971
      ],
      [
        0.00873019004266213
      ],
      [
        0.23406128500763645
      ],
      [
        0.2729492171311265
      ],
      [
        0.2729492171311265
      ],
      [
        0.0
      ]
    ],
    "vwap": [
      [
        0.0
      ],
      [
        0.0
      ],
      [
        0.0
      ],
      [
        0.0
      ],
      [
        0.0
      ],
      [
        0.0
      ]
    ]
  },
  "counts": {
    "trend": 1,
    "breakout": 0,
    "reversion": 2,
    "vwap": 0
  },
  "reward_sum": {
    "trend": 0.4033383408167374,
    "breakout": 0.0,
    "reversion": 0.2729492171311265,
    "vwap": 0.0
  },
  "disabled_until": {
    "trend": 0.0,
    "breakout": 0.0,
    "reversion": 0.0,
    "vwap": 0.0
  },
  "_snapshot_time": "2025-09-19T02:10:00.808281"
}