{
  "arms": [
    "trend",
    "breakout",
    "reversion",
    "vwap"
  ],
  "d": 6,
  "alpha": 0.6,
  "alpha_base": 0.6,
  "alpha_boost_until": 0.0,
  "A": {
    "trend": [
      [
        1.0695001454066277,
        0.04176658213190173,
        0.7602174126262964,
        0.16293283274044457,
        0.16293283274044457,
        0.0
      ],
      [
        0.04176658213190173,
        1.0250999098314777,
        0.45685779240873553,
        0.09791558709441534,
        0.09791558709441534,
        0.0
      ],
      [
        0.7602174126262964,
        0.45685779240873553,
        9.315529573051943,
        1.78221751642554,
        1.78221751642554,
        0.0
      ],
      [
        0.16293283274044457,
        0.09791558709441534,
        1.78221751642554,
        1.3819719776053017,
        0.3819719776053028,
        0.0
      ],
      [
        0.16293283274044457,
        0.09791558709441534,
        1.78221751642554,
        0.3819719776053028,
        1.3819719776053017,
        0.0
      ],
      [
        0.0,
        0.0,
        0.0,
        0.0,
        0.0,
        1.0
      ]
    ],
    "breakout": [
      [
        1.0,
        0.0,
        0.0,
        0.0,
        0.0,
        0.0
      ],
      [
        0.0,
        1.0,
        0.0,
        0.0,
        0.0,
        0.0
      ],
      [
        0.0,
        0.0,
        1.0,
        0.0,
        0.0,
        0.0
      ],
      [
        0.0,
        0.0,
        0.0,
        1.0,
        0.0,
        0.0
      ],
      [
        0.0,
        0.0,
        0.0,
        0.0,
        1.0,
        0.0
      ],
      [
        0.0,
        0.0,
        0.0,
        0.0,
        0.0,
        1.0
      ]
    ],
    "reversion": [
      [
        1.056528426071195,
        0.005730849120166382,
        0.16153658763533782,
        0.1943176185813934,
        0.1943176185813934,
        0.0
      ],
      [
        0.005730849120166382,
        1.0006219868003132,
        0.016705091120501836,
        0.019502598370171674,
        0.019502598370171674,
        0.0
      ],
      [
        0.16153658763533782,
        0.016705091120501836,
        1.4642424204737794,
        0.553704069986575,
        0.553704069986575,
        0.0
      ],
      [
        0.1943176185813934,
        0.019502598370171674,
        0.553704069986575,
        1.6689204951871948,
        0.6689204951872024,
        0.0
      ],
      [
        0.1943176185813934,
        0.019502598370171674,
        0.553704069986575,
        0.6689204951872024,
        1.6689204951871948,
        0.0
      ],
      [
        0.0,
        0.0,
        0.0,
        0.0,
        0.0,
        1.0
      ]
    ],
    "vwap": [
      [
        1.0,
        0.0,
        0.0,
        0.0,
        0.0,
        0.0
      ],
      [
        0.0,
        1.0,
        0.0,
        0.0,
        0.0,
        0.0
      ],
      [
        0.0,
        0.0,
        1.0,
        0.0,
        0.0,
        0.0
      ],
      [
        0.0,
        0.0,
        0.0,
        1.0,
        0.0,
        0.0
      ],
      [
        0.0,
        0.0,
        0.0,
        0.0,
        1.0,
        0.0
      ],
      [
        0.0,
        0.0,
        0.0,
        0.0,
        0.0,
        1.0
      ]
    ]
  },
  "b": {
    "trend": [
      [
        0.1661147426361456
      ],
      [
        0.09982777735268837
      ],
      [
        1.8170223832926118
      ],
      [
        0.38943149570844054
      ],
      [
        0.38943149570844054
      ],
      [
        0.0
      ]
    ],
    "breakout": [
      [
        0.0
      ],
      [
        0.0
      ],
      [
        0.0
      ],
      [
        0.0
      ],
      [
        0.0
      ],
      [
        0.0
      ]
    ],
    "reversion": [
      [
        0.07747059508444142
      ],
      [
        0.00842917873676086
      ],
      [
        0.2259910032936322
      ],
      [
        0.26353810467058764
      ],
      [
        0.26353810467058764
      ],
      [
        0.0
      ]
    ],
    "vwap": [
      [
        0.0
      ],
      [
        0.0
      ],
      [
        0.0
      ],
      [
        0.0
      ],
      [
        0.0
      ],
      [
        0.0
      ]
    ]
  },
  "counts": {
    "trend": 1,
    "breakout": 0,
    "reversion": 2,
    "vwap": 0
  },
  "reward_sum": {
    "trend": 0.38943149570844054,
    "breakout": 0.0,
    "reversion": 0.26353810467058764,
    "vwap": 0.0
  },
  "disabled_until": {
    "trend": 0.0,
    "breakout": 0.0,
    "reversion": 0.0,
    "vwap": 0.0
  },
  "_snapshot_time": "2025-09-19T03:21:00.474534"
}