{
  "arms": [
    "trend",
    "breakout",
    "reversion",
    "vwap"
  ],
  "d": 6,
  "alpha": 0.6,
  "alpha_base": 0.6,
  "alpha_boost_until": 0.0,
  "A": {
    "trend": [
      [
        1.0139057568934806,
        0.008356758593808519,
        0.15210613538030535,
        0.03259999455826388,
        0.03259999455826388,
        0.0
      ],
      [
        0.008356758593808519,
        1.0050220505600778,
        0.09140921013845602,
        0.019591187072357297,
        0.019591187072357297,
        0.0
      ],
      [
        0.15210613538030535,
        0.09140921013845602,
        2.663791233915508,
        0.35659038365625223,
        0.35659038365625223,
        0.0
      ],
      [
        0.03259999455826388,
        0.019591187072357297,
        0.35659038365625223,
        1.0764258755089515,
        0.07642587550895225,
        0.0
      ],
      [
        0.03259999455826388,
        0.019591187072357297,
        0.35659038365625223,
        0.07642587550895225,
        1.0764258755089515,
        0.0
      ],
      [
        0.0,
        0.0,
        0.0,
        0.0,
        0.0,
        1.0
      ]
    ],
    "breakout": [
      [
        1.0,
        0.0,
        0.0,
        0.0,
        0.0,
        0.0
      ],
      [
        0.0,
        1.0,
        0.0,
        0.0,
        0.0,
        0.0
      ],
      [
        0.0,
        0.0,
        1.0,
        0.0,
        0.0,
        0.0
      ],
      [
        0.0,
        0.0,
        0.0,
        1.0,
        0.0,
        0.0
      ],
      [
        0.0,
        0.0,
        0.0,
        0.0,
        1.0,
        0.0
      ],
      [
        0.0,
        0.0,
        0.0,
        0.0,
        0.0,
        1.0
      ]
    ],
    "reversion": [
      [
        1.1603685902220402,
        0.010450203374265839,
        0.2693451149941016,
        0.5038525687436421,
        0.5038525687436421,
        0.0
      ],
      [
        0.010450203374265839,
        1.0008356480922307,
        0.021275206146176694,
        0.03496319595702224,
        0.03496319595702224,
        0.0
      ],
      [
        0.2693451149941016,
        0.021275206146176694,
        1.5755854711150716,
        0.9020973409626806,
        0.9020973409626806,
        0.0
      ],
      [
        0.5038525687436421,
        0.03496319595702224,
        0.9020973409626806,
        2.6195415771043202,
        1.619541577104337,
        0.0
      ],
      [
        0.5038525687436421,
        0.03496319595702224,
        0.9020973409626806,
        1.619541577104337,
        2.6195415771043202,
        0.0
      ],
      [
        0.0,
        0.0,
        0.0,
        0.0,
        0.0,
        1.0
      ]
    ],
    "vwap": [
      [
        1.0,
        0.0,
        0.0,
        0.0,
        0.0,
        0.0
      ],
      [
        0.0,
        1.0,
        0.0,
        0.0,
        0.0,
        0.0
      ],
      [
        0.0,
        0.0,
        1.0,
        0.0,
        0.0,
        0.0
      ],
      [
        0.0,
        0.0,
        0.0,
        1.0,
        0.0,
        0.0
      ],
      [
        0.0,
        0.0,
        0.0,
        0.0,
        1.0,
        0.0
      ],
      [
        0.0,
        0.0,
        0.0,
        0.0,
        0.0,
        1.0
      ]
    ]
  },
  "b": {
    "trend": [
      [
        0.03323663877257018
      ],
      [
        0.0199737827160074
      ],
      [
        0.3635542254515714
      ],
      [
        0.07791839390122103
      ],
      [
        0.07791839390122103
      ],
      [
        0.0
      ]
    ],
    "breakout": [
      [
        0.0
      ],
      [
        0.0
      ],
      [
        0.0
      ],
      [
        0.0
      ],
      [
        0.0
      ],
      [
        0.0
      ]
    ],
    "reversion": [
      [
        -0.004584043170550734
      ],
      [
        -0.03318752667160159
      ],
      [
        -0.9140826114269621
      ],
      [
        -0.575630474545437
      ],
      [
        -0.575630474545437
      ],
      [
        0.0
      ]
    ],
    "vwap": [
      [
        0.0
      ],
      [
        0.0
      ],
      [
        0.0
      ],
      [
        0.0
      ],
      [
        0.0
      ],
      [
        0.0
      ]
    ]
  },
  "counts": {
    "trend": 1,
    "breakout": 0,
    "reversion": 8,
    "vwap": 0
  },
  "reward_sum": {
    "trend": 0.07791839390122103,
    "breakout": 0.0,
    "reversion": -0.575630474545437,
    "vwap": 0.0
  },
  "disabled_until": {
    "trend": 0.0,
    "breakout": 0.0,
    "reversion": 0.0,
    "vwap": 0.0
  },
  "_snapshot_time": "2025-09-23T23:08:00.430460"
}