{
  "arms": [
    "trend",
    "breakout",
    "reversion",
    "vwap"
  ],
  "d": 6,
  "alpha": 0.6,
  "alpha_base": 0.6,
  "alpha_boost_until": 0.0,
  "A": {
    "trend": [
      [
        1.00468600938887,
        0.002816089014863945,
        0.05125724431662349,
        0.010985657360997462,
        0.010985657360997462,
        0.0
      ],
      [
        0.002816089014863945,
        1.001692347727358,
        0.03080338741853979,
        0.006601905042881755,
        0.006601905042881755,
        0.0
      ],
      [
        0.05125724431662349,
        0.03080338741853979,
        1.560670045001387,
        0.12016504377241322,
        0.12016504377241322,
        0.0
      ],
      [
        0.010985657360997462,
        0.006601905042881755,
        0.12016504377241322,
        1.025754252208693,
        0.025754252208694463,
        0.0
      ],
      [
        0.010985657360997462,
        0.006601905042881755,
        0.12016504377241322,
        0.025754252208694463,
        1.025754252208693,
        0.0
      ],
      [
        0.0,
        0.0,
        0.0,
        0.0,
        0.0,
        1.0
      ]
    ],
    "breakout": [
      [
        1.0,
        0.0,
        0.0,
        0.0,
        0.0,
        0.0
      ],
      [
        0.0,
        1.0,
        0.0,
        0.0,
        0.0,
        0.0
      ],
      [
        0.0,
        0.0,
        1.0,
        0.0,
        0.0,
        0.0
      ],
      [
        0.0,
        0.0,
        0.0,
        1.0,
        0.0,
        0.0
      ],
      [
        0.0,
        0.0,
        0.0,
        0.0,
        1.0,
        0.0
      ],
      [
        0.0,
        0.0,
        0.0,
        0.0,
        0.0,
        1.0
      ]
    ],
    "reversion": [
      [
        1.1251157535735858,
        0.011621228273971176,
        0.471398692699629,
        0.4020586670330198,
        0.4020586670330198,
        0.0
      ],
      [
        0.011621228273971176,
        1.0012046471080587,
        0.05054678671033134,
        0.03825157937726302,
        0.03825157937726302,
        0.0
      ],
      [
        0.471398692699629,
        0.05054678671033134,
        3.2324258707193203,
        1.547893790813027,
        1.547893790813027,
        0.0
      ],
      [
        0.4020586670330198,
        0.03825157937726302,
        1.547893790813027,
        2.304806995539057,
        1.3048069955390709,
        0.0
      ],
      [
        0.4020586670330198,
        0.03825157937726302,
        1.547893790813027,
        1.3048069955390709,
        2.304806995539057,
        0.0
      ],
      [
        0.0,
        0.0,
        0.0,
        0.0,
        0.0,
        1.0
      ]
    ],
    "vwap": [
      [
        1.0,
        0.0,
        0.0,
        0.0,
        0.0,
        0.0
      ],
      [
        0.0,
        1.0,
        0.0,
        0.0,
        0.0,
        0.0
      ],
      [
        0.0,
        0.0,
        1.0,
        0.0,
        0.0,
        0.0
      ],
      [
        0.0,
        0.0,
        0.0,
        1.0,
        0.0,
        0.0
      ],
      [
        0.0,
        0.0,
        0.0,
        0.0,
        1.0,
        0.0
      ],
      [
        0.0,
        0.0,
        0.0,
        0.0,
        0.0,
        1.0
      ]
    ]
  },
  "b": {
    "trend": [
      [
        0.011200195899853056
      ],
      [
        0.006730833427867784
      ],
      [
        0.1225117429334466
      ],
      [
        0.026257206147326222
      ],
      [
        0.026257206147326222
      ],
      [
        0.0
      ]
    ],
    "breakout": [
      [
        0.0
      ],
      [
        0.0
      ],
      [
        0.0
      ],
      [
        0.0
      ],
      [
        0.0
      ],
      [
        0.0
      ]
    ],
    "reversion": [
      [
        -0.2644381515404031
      ],
      [
        -0.04114322758019645
      ],
      [
        -1.7159414529322943
      ],
      [
        -1.0531070116599281
      ],
      [
        -1.0531070116599281
      ],
      [
        0.0
      ]
    ],
    "vwap": [
      [
        0.0
      ],
      [
        0.0
      ],
      [
        0.0
      ],
      [
        0.0
      ],
      [
        0.0
      ],
      [
        0.0
      ]
    ]
  },
  "counts": {
    "trend": 1,
    "breakout": 0,
    "reversion": 9,
    "vwap": 0
  },
  "reward_sum": {
    "trend": 0.026257206147326222,
    "breakout": 0.0,
    "reversion": -1.0531070116599281,
    "vwap": 0.0
  },
  "disabled_until": {
    "trend": 0.0,
    "breakout": 0.0,
    "reversion": 0.0,
    "vwap": 0.0
  },
  "_snapshot_time": "2025-09-25T19:55:00.992607"
}