{
  "arms": [
    "trend",
    "breakout",
    "reversion",
    "vwap"
  ],
  "d": 6,
  "alpha": 0.6,
  "alpha_base": 0.6,
  "alpha_boost_until": 0.0,
  "A": {
    "trend": [
      [
        1.0709076986340458,
        0.04261246075753642,
        0.7756137325393093,
        0.1662326335284048,
        0.1662326335284048,
        0.0
      ],
      [
        0.04261246075753642,
        1.0256082463088254,
        0.46611031492381166,
        0.0998986246812131,
        0.0998986246812131,
        0.0
      ],
      [
        0.7756137325393093,
        0.46611031492381166,
        9.483940019098593,
        1.8183119159772005,
        1.8183119159772005,
        0.0
      ],
      [
        0.1662326335284048,
        0.0998986246812131,
        1.8183119159772005,
        1.3897078735047401,
        0.3897078735047413,
        0.0
      ],
      [
        0.1662326335284048,
        0.0998986246812131,
        1.8183119159772005,
        0.3897078735047413,
        1.3897078735047401,
        0.0
      ],
      [
        0.0,
        0.0,
        0.0,
        0.0,
        0.0,
        1.0
      ]
    ],
    "breakout": [
      [
        1.0,
        0.0,
        0.0,
        0.0,
        0.0,
        0.0
      ],
      [
        0.0,
        1.0,
        0.0,
        0.0,
        0.0,
        0.0
      ],
      [
        0.0,
        0.0,
        1.0,
        0.0,
        0.0,
        0.0
      ],
      [
        0.0,
        0.0,
        0.0,
        1.0,
        0.0,
        0.0
      ],
      [
        0.0,
        0.0,
        0.0,
        0.0,
        1.0,
        0.0
      ],
      [
        0.0,
        0.0,
        0.0,
        0.0,
        0.0,
        1.0
      ]
    ],
    "reversion": [
      [
        1.057673269266728,
        0.00584691326834535,
        0.16480811093851783,
        0.19825304043667347,
        0.19825304043667347,
        0.0
      ],
      [
        0.00584691326834535,
        1.0006345836017023,
        0.01704341134678914,
        0.01989757517372165,
        0.01989757517372165,
        0.0
      ],
      [
        0.16480811093851783,
        0.01704341134678914,
        1.473644500331584,
        0.5649179738738848,
        0.5649179738738848,
        0.0
      ],
      [
        0.19825304043667347,
        0.01989757517372165,
        0.5649179738738848,
        1.6824678222665543,
        0.6824678222665624,
        0.0
      ],
      [
        0.19825304043667347,
        0.01989757517372165,
        0.5649179738738848,
        0.6824678222665624,
        1.6824678222665543,
        0.0
      ],
      [
        0.0,
        0.0,
        0.0,
        0.0,
        0.0,
        1.0
      ]
    ],
    "vwap": [
      [
        1.0,
        0.0,
        0.0,
        0.0,
        0.0,
        0.0
      ],
      [
        0.0,
        1.0,
        0.0,
        0.0,
        0.0,
        0.0
      ],
      [
        0.0,
        0.0,
        1.0,
        0.0,
        0.0,
        0.0
      ],
      [
        0.0,
        0.0,
        0.0,
        1.0,
        0.0,
        0.0
      ],
      [
        0.0,
        0.0,
        0.0,
        0.0,
        1.0,
        0.0
      ],
      [
        0.0,
        0.0,
        0.0,
        0.0,
        0.0,
        1.0
      ]
    ]
  },
  "b": {
    "trend": [
      [
        0.1694789851244338
      ],
      [
        0.10184954161485815
      ],
      [
        1.8538216691779912
      ],
      [
        0.397318465662755
      ],
      [
        0.397318465662755
      ],
      [
        0.0
      ]
    ],
    "breakout": [
      [
        0.0
      ],
      [
        0.0
      ],
      [
        0.0
      ],
      [
        0.0
      ],
      [
        0.0
      ],
      [
        0.0
      ]
    ],
    "reversion": [
      [
        0.0790395700197181
      ],
      [
        0.008599890865001642
      ],
      [
        0.23056789107123685
      ],
      [
        0.2688754159467923
      ],
      [
        0.2688754159467923
      ],
      [
        0.0
      ]
    ],
    "vwap": [
      [
        0.0
      ],
      [
        0.0
      ],
      [
        0.0
      ],
      [
        0.0
      ],
      [
        0.0
      ],
      [
        0.0
      ]
    ]
  },
  "counts": {
    "trend": 1,
    "breakout": 0,
    "reversion": 2,
    "vwap": 0
  },
  "reward_sum": {
    "trend": 0.397318465662755,
    "breakout": 0.0,
    "reversion": 0.2688754159467923,
    "vwap": 0.0
  },
  "disabled_until": {
    "trend": 0.0,
    "breakout": 0.0,
    "reversion": 0.0,
    "vwap": 0.0
  },
  "_snapshot_time": "2025-09-19T02:36:00.395799"
}