{
  "arms": [
    "trend",
    "breakout",
    "reversion",
    "vwap"
  ],
  "d": 6,
  "alpha": 0.6,
  "alpha_base": 0.6,
  "alpha_boost_until": 0.0,
  "A": {
    "trend": [
      [
        1.0185975591787289,
        0.01117632888890651,
        0.20342674446649017,
        0.043599232509799093,
        0.043599232509799093,
        0.0
      ],
      [
        0.01117632888890651,
        1.0067164903863222,
        0.12225067704354477,
        0.026201253462913625,
        0.026201253462913625,
        0.0
      ],
      [
        0.20342674446649017,
        0.12225067704354477,
        3.225154385397274,
        0.47690397677831314,
        0.47690397677831314,
        0.0
      ],
      [
        0.043599232509799093,
        0.026201253462913625,
        0.47690397677831314,
        1.1022119654076787,
        0.10221196540767843,
        0.0
      ],
      [
        0.043599232509799093,
        0.026201253462913625,
        0.47690397677831314,
        0.10221196540767843,
        1.1022119654076787,
        0.0
      ],
      [
        0.0,
        0.0,
        0.0,
        0.0,
        0.0,
        1.0
      ]
    ],
    "breakout": [
      [
        1.0,
        0.0,
        0.0,
        0.0,
        0.0,
        0.0
      ],
      [
        0.0,
        1.0,
        0.0,
        0.0,
        0.0,
        0.0
      ],
      [
        0.0,
        0.0,
        1.0,
        0.0,
        0.0,
        0.0
      ],
      [
        0.0,
        0.0,
        0.0,
        1.0,
        0.0,
        0.0
      ],
      [
        0.0,
        0.0,
        0.0,
        0.0,
        1.0,
        0.0
      ],
      [
        0.0,
        0.0,
        0.0,
        0.0,
        0.0,
        1.0
      ]
    ],
    "reversion": [
      [
        1.2144769515179865,
        0.013976101924649147,
        0.36022215503804716,
        0.6738524221546219,
        0.6738524221546219,
        0.0
      ],
      [
        0.013976101924649147,
        1.001117595753104,
        0.028453460561266547,
        0.046759778045099835,
        0.046759778045099835,
        0.0
      ],
      [
        0.36022215503804716,
        0.028453460561266547,
        1.7697880053187576,
        1.2064649779253833,
        1.2064649779253833,
        0.0
      ],
      [
        0.6738524221546219,
        0.046759778045099835,
        1.2064649779253833,
        3.1659748946663213,
        2.165974894666337,
        0.0
      ],
      [
        0.6738524221546219,
        0.046759778045099835,
        1.2064649779253833,
        2.165974894666337,
        3.1659748946663213,
        0.0
      ],
      [
        0.0,
        0.0,
        0.0,
        0.0,
        0.0,
        1.0
      ]
    ],
    "vwap": [
      [
        1.0,
        0.0,
        0.0,
        0.0,
        0.0,
        0.0
      ],
      [
        0.0,
        1.0,
        0.0,
        0.0,
        0.0,
        0.0
      ],
      [
        0.0,
        0.0,
        1.0,
        0.0,
        0.0,
        0.0
      ],
      [
        0.0,
        0.0,
        0.0,
        1.0,
        0.0,
        0.0
      ],
      [
        0.0,
        0.0,
        0.0,
        0.0,
        1.0,
        0.0
      ],
      [
        0.0,
        0.0,
        0.0,
        0.0,
        0.0,
        1.0
      ]
    ]
  },
  "b": {
    "trend": [
      [
        0.04445068047786396
      ],
      [
        0.026712936874238254
      ],
      [
        0.4862174187499966
      ],
      [
        0.10420805949577333
      ],
      [
        0.10420805949577333
      ],
      [
        0.0
      ]
    ],
    "breakout": [
      [
        0.0
      ],
      [
        0.0
      ],
      [
        0.0
      ],
      [
        0.0
      ],
      [
        0.0
      ],
      [
        0.0
      ]
    ],
    "reversion": [
      [
        -0.006130699306424726
      ],
      [
        -0.044384997954348616
      ],
      [
        -1.2224940785662164
      ],
      [
        -0.769848192906235
      ],
      [
        -0.769848192906235
      ],
      [
        0.0
      ]
    ],
    "vwap": [
      [
        0.0
      ],
      [
        0.0
      ],
      [
        0.0
      ],
      [
        0.0
      ],
      [
        0.0
      ],
      [
        0.0
      ]
    ]
  },
  "counts": {
    "trend": 1,
    "breakout": 0,
    "reversion": 8,
    "vwap": 0
  },
  "reward_sum": {
    "trend": 0.10420805949577333,
    "breakout": 0.0,
    "reversion": -0.769848192906235,
    "vwap": 0.0
  },
  "disabled_until": {
    "trend": 0.0,
    "breakout": 0.0,
    "reversion": 0.0,
    "vwap": 0.0
  },
  "_snapshot_time": "2025-09-23T09:42:00.280428"
}