{
  "arms": [
    "trend",
    "breakout",
    "reversion",
    "vwap"
  ],
  "d": 6,
  "alpha": 0.6,
  "alpha_base": 0.6,
  "alpha_boost_until": 0.0,
  "A": {
    "trend": [
      [
        1.0210804040457822,
        0.012668411293250182,
        0.23058498837721167,
        0.04941989583470637,
        0.04941989583470637,
        0.0
      ],
      [
        0.012668411293250182,
        1.0076131673921611,
        0.1385716072836015,
        0.029699220429738188,
        0.029699220429738188,
        0.0
      ],
      [
        0.23058498837721167,
        0.1385716072836015,
        3.5222209569344605,
        0.5405724710921078,
        0.5405724710921078,
        0.0
      ],
      [
        0.04941989583470637,
        0.029699220429738188,
        0.5405724710921078,
        1.1158576514477132,
        0.11585765144771248,
        0.0
      ],
      [
        0.04941989583470637,
        0.029699220429738188,
        0.5405724710921078,
        0.11585765144771248,
        1.1158576514477132,
        0.0
      ],
      [
        0.0,
        0.0,
        0.0,
        0.0,
        0.0,
        1.0
      ]
    ],
    "breakout": [
      [
        1.0,
        0.0,
        0.0,
        0.0,
        0.0,
        0.0
      ],
      [
        0.0,
        1.0,
        0.0,
        0.0,
        0.0,
        0.0
      ],
      [
        0.0,
        0.0,
        1.0,
        0.0,
        0.0,
        0.0
      ],
      [
        0.0,
        0.0,
        0.0,
        1.0,
        0.0,
        0.0
      ],
      [
        0.0,
        0.0,
        0.0,
        0.0,
        1.0,
        0.0
      ],
      [
        0.0,
        0.0,
        0.0,
        0.0,
        0.0,
        1.0
      ]
    ],
    "reversion": [
      [
        1.2431104400881834,
        0.01584196467532228,
        0.4083131824701878,
        0.7638142828170498,
        0.7638142828170498,
        0.0
      ],
      [
        0.01584196467532228,
        1.0012667990357687,
        0.03225210573967503,
        0.05300238621685478,
        0.05300238621685478,
        0.0
      ],
      [
        0.4083131824701878,
        0.03225210573967503,
        1.87255763112594,
        1.3675326400273937,
        1.3675326400273937,
        0.0
      ],
      [
        0.7638142828170498,
        0.05300238621685478,
        1.3675326400273937,
        3.4551407791625843,
        2.4551407791626,
        0.0
      ],
      [
        0.7638142828170498,
        0.05300238621685478,
        1.3675326400273937,
        2.4551407791626,
        3.4551407791625843,
        0.0
      ],
      [
        0.0,
        0.0,
        0.0,
        0.0,
        0.0,
        1.0
      ]
    ],
    "vwap": [
      [
        1.0,
        0.0,
        0.0,
        0.0,
        0.0,
        0.0
      ],
      [
        0.0,
        1.0,
        0.0,
        0.0,
        0.0,
        0.0
      ],
      [
        0.0,
        0.0,
        1.0,
        0.0,
        0.0,
        0.0
      ],
      [
        0.0,
        0.0,
        0.0,
        1.0,
        0.0,
        0.0
      ],
      [
        0.0,
        0.0,
        0.0,
        0.0,
        1.0,
        0.0
      ],
      [
        0.0,
        0.0,
        0.0,
        0.0,
        0.0,
        1.0
      ]
    ]
  },
  "b": {
    "trend": [
      [
        0.05038501534411472
      ],
      [
        0.03027921552213637
      ],
      [
        0.5511292929811106
      ],
      [
        0.11812023168665936
      ],
      [
        0.11812023168665936
      ],
      [
        0.0
      ]
    ],
    "breakout": [
      [
        0.0
      ],
      [
        0.0
      ],
      [
        0.0
      ],
      [
        0.0
      ],
      [
        0.0
      ],
      [
        0.0
      ]
    ],
    "reversion": [
      [
        -0.006949170975643224
      ],
      [
        -0.050310563953954134
      ],
      [
        -1.3857016865539806
      ],
      [
        -0.8726258539852074
      ],
      [
        -0.8726258539852074
      ],
      [
        0.0
      ]
    ],
    "vwap": [
      [
        0.0
      ],
      [
        0.0
      ],
      [
        0.0
      ],
      [
        0.0
      ],
      [
        0.0
      ],
      [
        0.0
      ]
    ]
  },
  "counts": {
    "trend": 1,
    "breakout": 0,
    "reversion": 8,
    "vwap": 0
  },
  "reward_sum": {
    "trend": 0.11812023168665936,
    "breakout": 0.0,
    "reversion": -0.8726258539852074,
    "vwap": 0.0
  },
  "disabled_until": {
    "trend": 0.0,
    "breakout": 0.0,
    "reversion": 0.0,
    "vwap": 0.0
  },
  "_snapshot_time": "2025-09-23T05:35:00.779387"
}