{
  "arms": [
    "trend",
    "breakout",
    "reversion",
    "vwap"
  ],
  "d": 6,
  "alpha": 0.6,
  "alpha_base": 0.6,
  "alpha_boost_until": 0.0,
  "A": {
    "trend": [
      [
        1.0165724533995744,
        0.009959327883282552,
        0.1812754141819759,
        0.03885167091454887,
        0.03885167091454887,
        0.0
      ],
      [
        0.009959327883282552,
        1.0059851254063128,
        0.1089386853887644,
        0.023348174233594886,
        0.023348174233594886,
        0.0
      ],
      [
        0.1812754141819759,
        0.1089386853887644,
        2.982855223336553,
        0.4249734524447494,
        0.4249734524447494,
        0.0
      ],
      [
        0.03885167091454887,
        0.023348174233594886,
        0.4249734524447494,
        1.091082007983876,
        0.09108200798387568,
        0.0
      ],
      [
        0.03885167091454887,
        0.023348174233594886,
        0.4249734524447494,
        0.09108200798387568,
        1.091082007983876,
        0.0
      ],
      [
        0.0,
        0.0,
        0.0,
        0.0,
        0.0,
        1.0
      ]
    ],
    "breakout": [
      [
        1.0,
        0.0,
        0.0,
        0.0,
        0.0,
        0.0
      ],
      [
        0.0,
        1.0,
        0.0,
        0.0,
        0.0,
        0.0
      ],
      [
        0.0,
        0.0,
        1.0,
        0.0,
        0.0,
        0.0
      ],
      [
        0.0,
        0.0,
        0.0,
        1.0,
        0.0,
        0.0
      ],
      [
        0.0,
        0.0,
        0.0,
        0.0,
        1.0,
        0.0
      ],
      [
        0.0,
        0.0,
        0.0,
        0.0,
        0.0,
        1.0
      ]
    ],
    "reversion": [
      [
        1.1911223537538111,
        0.012454230989562063,
        0.32099722444706624,
        0.6004759956414117,
        0.6004759956414117,
        0.0
      ],
      [
        0.012454230989562063,
        1.0009958996962924,
        0.025355136374429644,
        0.04166806166226107,
        0.04166806166226107,
        0.0
      ],
      [
        0.32099722444706624,
        0.025355136374429644,
        1.6859650625705287,
        1.075091867310979,
        1.075091867310979,
        0.0
      ],
      [
        0.6004759956414117,
        0.04166806166226107,
        1.075091867310979,
        2.9301198432297406,
        1.9301198432297573,
        0.0
      ],
      [
        0.6004759956414117,
        0.04166806166226107,
        1.075091867310979,
        1.9301198432297573,
        2.9301198432297406,
        0.0
      ],
      [
        0.0,
        0.0,
        0.0,
        0.0,
        0.0,
        1.0
      ]
    ],
    "vwap": [
      [
        1.0,
        0.0,
        0.0,
        0.0,
        0.0,
        0.0
      ],
      [
        0.0,
        1.0,
        0.0,
        0.0,
        0.0,
        0.0
      ],
      [
        0.0,
        0.0,
        1.0,
        0.0,
        0.0,
        0.0
      ],
      [
        0.0,
        0.0,
        0.0,
        1.0,
        0.0,
        0.0
      ],
      [
        0.0,
        0.0,
        0.0,
        0.0,
        1.0,
        0.0
      ],
      [
        0.0,
        0.0,
        0.0,
        0.0,
        0.0,
        1.0
      ]
    ]
  },
  "b": {
    "trend": [
      [
        0.03961040390941711
      ],
      [
        0.02380413995511877
      ],
      [
        0.4332727449261998
      ],
      [
        0.09286074550196641
      ],
      [
        0.09286074550196641
      ],
      [
        0.0
      ]
    ],
    "breakout": [
      [
        0.0
      ],
      [
        0.0
      ],
      [
        0.0
      ],
      [
        0.0
      ],
      [
        0.0
      ],
      [
        0.0
      ]
    ],
    "reversion": [
      [
        -0.005463121670220518
      ],
      [
        -0.03955187361790609
      ],
      [
        -1.0893755440480377
      ],
      [
        -0.686018696274775
      ],
      [
        -0.686018696274775
      ],
      [
        0.0
      ]
    ],
    "vwap": [
      [
        0.0
      ],
      [
        0.0
      ],
      [
        0.0
      ],
      [
        0.0
      ],
      [
        0.0
      ],
      [
        0.0
      ]
    ]
  },
  "counts": {
    "trend": 1,
    "breakout": 0,
    "reversion": 8,
    "vwap": 0
  },
  "reward_sum": {
    "trend": 0.09286074550196641,
    "breakout": 0.0,
    "reversion": -0.686018696274775,
    "vwap": 0.0
  },
  "disabled_until": {
    "trend": 0.0,
    "breakout": 0.0,
    "reversion": 0.0,
    "vwap": 0.0
  },
  "_snapshot_time": "2025-09-23T14:32:00.854360"
}