{
  "arms": [
    "trend",
    "breakout",
    "reversion",
    "vwap"
  ],
  "d": 6,
  "alpha": 0.6,
  "alpha_base": 0.6,
  "alpha_boost_until": 0.0,
  "A": {
    "trend": [
      [
        1.0897446555809722,
        0.05393265735332412,
        0.9816590952959022,
        0.21039309877082252,
        0.21039309877082252,
        0.0
      ],
      [
        0.05393265735332412,
        1.0324111949659973,
        0.589934668327971,
        0.12643715474815226,
        0.12643715474815226,
        0.0
      ],
      [
        0.9816590952959022,
        0.589934668327971,
        11.737737786599729,
        2.301354856830713,
        2.301354856830713,
        0.0
      ],
      [
        0.21039309877082252,
        0.12643715474815226,
        2.301354856830713,
        1.4932355662165446,
        0.4932355662165453,
        0.0
      ],
      [
        0.21039309877082252,
        0.12643715474815226,
        2.301354856830713,
        0.4932355662165453,
        1.4932355662165446,
        0.0
      ],
      [
        0.0,
        0.0,
        0.0,
        0.0,
        0.0,
        1.0
      ]
    ],
    "breakout": [
      [
        1.0,
        0.0,
        0.0,
        0.0,
        0.0,
        0.0
      ],
      [
        0.0,
        1.0,
        0.0,
        0.0,
        0.0,
        0.0
      ],
      [
        0.0,
        0.0,
        1.0,
        0.0,
        0.0,
        0.0
      ],
      [
        0.0,
        0.0,
        0.0,
        1.0,
        0.0,
        0.0
      ],
      [
        0.0,
        0.0,
        0.0,
        0.0,
        1.0,
        0.0
      ],
      [
        0.0,
        0.0,
        0.0,
        0.0,
        0.0,
        1.0
      ]
    ],
    "reversion": [
      [
        1.072994439056382,
        0.0074001727257795935,
        0.208590145189484,
        0.25091987435235796,
        0.25091987435235796,
        0.0
      ],
      [
        0.0074001727257795935,
        1.0008031636602108,
        0.021571072122033363,
        0.0251834577240777,
        0.0251834577240777,
        0.0
      ],
      [
        0.208590145189484,
        0.021571072122033363,
        1.5994703448134437,
        0.7149910372703803,
        0.7149910372703803,
        0.0
      ],
      [
        0.25091987435235796,
        0.0251834577240777,
        0.7149910372703803,
        1.863768544661239,
        0.8637685446612492,
        0.0
      ],
      [
        0.25091987435235796,
        0.0251834577240777,
        0.7149910372703803,
        0.8637685446612492,
        1.863768544661239,
        0.0
      ],
      [
        0.0,
        0.0,
        0.0,
        0.0,
        0.0,
        1.0
      ]
    ],
    "vwap": [
      [
        1.0,
        0.0,
        0.0,
        0.0,
        0.0,
        0.0
      ],
      [
        0.0,
        1.0,
        0.0,
        0.0,
        0.0,
        0.0
      ],
      [
        0.0,
        0.0,
        1.0,
        0.0,
        0.0,
        0.0
      ],
      [
        0.0,
        0.0,
        0.0,
        1.0,
        0.0,
        0.0
      ],
      [
        0.0,
        0.0,
        0.0,
        0.0,
        1.0,
        0.0
      ],
      [
        0.0,
        0.0,
        0.0,
        0.0,
        0.0,
        1.0
      ]
    ]
  },
  "b": {
    "trend": [
      [
        0.21450185863036858
      ],
      [
        0.12890634175675433
      ],
      [
        2.346297939629344
      ],
      [
        0.502867947257611
      ],
      [
        0.502867947257611
      ],
      [
        0.0
      ]
    ],
    "breakout": [
      [
        0.0
      ],
      [
        0.0
      ],
      [
        0.0
      ],
      [
        0.0
      ],
      [
        0.0
      ],
      [
        0.0
      ]
    ],
    "reversion": [
      [
        0.1000367960790344
      ],
      [
        0.010884491509120029
      ],
      [
        0.2918193139931328
      ],
      [
        0.3403034094065124
      ],
      [
        0.3403034094065124
      ],
      [
        0.0
      ]
    ],
    "vwap": [
      [
        0.0
      ],
      [
        0.0
      ],
      [
        0.0
      ],
      [
        0.0
      ],
      [
        0.0
      ],
      [
        0.0
      ]
    ]
  },
  "counts": {
    "trend": 1,
    "breakout": 0,
    "reversion": 2,
    "vwap": 0
  },
  "reward_sum": {
    "trend": 0.502867947257611,
    "breakout": 0.0,
    "reversion": 0.3403034094065124,
    "vwap": 0.0
  },
  "disabled_until": {
    "trend": 0.0,
    "breakout": 0.0,
    "reversion": 0.0,
    "vwap": 0.0
  },
  "_snapshot_time": "2025-09-18T18:15:00.683433"
}