{
  "arms": [
    "trend",
    "breakout",
    "reversion",
    "vwap"
  ],
  "d": 6,
  "alpha": 0.6,
  "alpha_base": 0.6,
  "alpha_boost_until": 0.0,
  "A": {
    "trend": [
      [
        1.1268282569233956,
        0.07621829822721121,
        1.3872927712898224,
        0.2973301286084931,
        0.2973301286084931,
        0.0
      ],
      [
        0.07621829822721121,
        1.0458039014772647,
        0.8337029675846465,
        0.17868255043436607,
        0.17868255043436607,
        0.0
      ],
      [
        1.3872927712898224,
        0.8337029675846465,
        16.174703807807223,
        3.2523031389951202,
        3.2523031389951202,
        0.0
      ],
      [
        0.2973301286084931,
        0.17868255043436607,
        3.2523031389951202,
        1.6970466008354945,
        0.697046600835495,
        0.0
      ],
      [
        0.2973301286084931,
        0.17868255043436607,
        3.2523031389951202,
        0.697046600835495,
        1.6970466008354945,
        0.0
      ],
      [
        0.0,
        0.0,
        0.0,
        0.0,
        0.0,
        1.0
      ]
    ],
    "breakout": [
      [
        1.0,
        0.0,
        0.0,
        0.0,
        0.0,
        0.0
      ],
      [
        0.0,
        1.0,
        0.0,
        0.0,
        0.0,
        0.0
      ],
      [
        0.0,
        0.0,
        1.0,
        0.0,
        0.0,
        0.0
      ],
      [
        0.0,
        0.0,
        0.0,
        1.0,
        0.0,
        0.0
      ],
      [
        0.0,
        0.0,
        0.0,
        0.0,
        1.0,
        0.0
      ],
      [
        0.0,
        0.0,
        0.0,
        0.0,
        0.0,
        1.0
      ]
    ],
    "reversion": [
      [
        1.1031566438211922,
        0.01045801559621426,
        0.2947821723145536,
        0.3546030689575067,
        0.3546030689575067,
        0.0
      ],
      [
        0.01045801559621426,
        1.0011350408154036,
        0.030484505840439293,
        0.03558957383893519,
        0.03558957383893519,
        0.0
      ],
      [
        0.2947821723145536,
        0.030484505840439293,
        1.847178903498699,
        1.0104341744454786,
        1.0104341744454786,
        0.0
      ],
      [
        0.3546030689575067,
        0.03558957383893519,
        1.0104341744454786,
        2.220688387463945,
        1.2206883874639556,
        0.0
      ],
      [
        0.3546030689575067,
        0.03558957383893519,
        1.0104341744454786,
        1.2206883874639556,
        2.220688387463945,
        0.0
      ],
      [
        0.0,
        0.0,
        0.0,
        0.0,
        0.0,
        1.0
      ]
    ],
    "vwap": [
      [
        1.0,
        0.0,
        0.0,
        0.0,
        0.0,
        0.0
      ],
      [
        0.0,
        1.0,
        0.0,
        0.0,
        0.0,
        0.0
      ],
      [
        0.0,
        0.0,
        1.0,
        0.0,
        0.0,
        0.0
      ],
      [
        0.0,
        0.0,
        0.0,
        1.0,
        0.0,
        0.0
      ],
      [
        0.0,
        0.0,
        0.0,
        0.0,
        1.0,
        0.0
      ],
      [
        0.0,
        0.0,
        0.0,
        0.0,
        0.0,
        1.0
      ]
    ]
  },
  "b": {
    "trend": [
      [
        0.30313667884515744
      ],
      [
        0.18217203604542104
      ],
      [
        3.3158172593091852
      ],
      [
        0.7106592008232238
      ],
      [
        0.7106592008232238
      ],
      [
        0.0
      ]
    ],
    "breakout": [
      [
        0.0
      ],
      [
        0.0
      ],
      [
        0.0
      ],
      [
        0.0
      ],
      [
        0.0
      ],
      [
        0.0
      ]
    ],
    "reversion": [
      [
        0.14137323713341213
      ],
      [
        0.015382097983023379
      ],
      [
        0.41240266276287807
      ],
      [
        0.4809209858872949
      ],
      [
        0.4809209858872949
      ],
      [
        0.0
      ]
    ],
    "vwap": [
      [
        0.0
      ],
      [
        0.0
      ],
      [
        0.0
      ],
      [
        0.0
      ],
      [
        0.0
      ],
      [
        0.0
      ]
    ]
  },
  "counts": {
    "trend": 1,
    "breakout": 0,
    "reversion": 2,
    "vwap": 0
  },
  "reward_sum": {
    "trend": 0.7106592008232238,
    "breakout": 0.0,
    "reversion": 0.4809209858872949,
    "vwap": 0.0
  },
  "disabled_until": {
    "trend": 0.0,
    "breakout": 0.0,
    "reversion": 0.0,
    "vwap": 0.0
  },
  "_snapshot_time": "2025-09-18T05:14:00.555695"
}