{
  "arms": [
    "trend",
    "breakout",
    "reversion",
    "vwap"
  ],
  "d": 6,
  "alpha": 0.6,
  "alpha_base": 0.6,
  "alpha_boost_until": 0.0,
  "A": {
    "trend": [
      [
        1.0297910876481686,
        0.017903155479402688,
        0.32586555666479006,
        0.06984080785062978,
        0.06984080785062978,
        0.0
      ],
      [
        0.017903155479402688,
        1.010759022292338,
        0.19583110879506047,
        0.041971305530153914,
        0.041971305530153914,
        0.0
      ],
      [
        0.32586555666479006,
        0.19583110879506047,
        4.564433842581736,
        0.7639437001073218,
        0.7639437001073218,
        0.0
      ],
      [
        0.06984080785062978,
        0.041971305530153914,
        0.7639437001073218,
        1.1637314655589068,
        0.16373146555890544,
        0.0
      ],
      [
        0.06984080785062978,
        0.041971305530153914,
        0.7639437001073218,
        0.16373146555890544,
        1.1637314655589068,
        0.0
      ],
      [
        0.0,
        0.0,
        0.0,
        0.0,
        0.0,
        1.0
      ]
    ],
    "breakout": [
      [
        1.0,
        0.0,
        0.0,
        0.0,
        0.0,
        0.0
      ],
      [
        0.0,
        1.0,
        0.0,
        0.0,
        0.0,
        0.0
      ],
      [
        0.0,
        0.0,
        1.0,
        0.0,
        0.0,
        0.0
      ],
      [
        0.0,
        0.0,
        0.0,
        1.0,
        0.0,
        0.0
      ],
      [
        0.0,
        0.0,
        0.0,
        0.0,
        1.0,
        0.0
      ],
      [
        0.0,
        0.0,
        0.0,
        0.0,
        0.0,
        1.0
      ]
    ],
    "reversion": [
      [
        1.3435666798948787,
        0.022388060358650902,
        0.5770332380942169,
        1.079431788731715,
        1.079431788731715,
        0.0
      ],
      [
        0.022388060358650902,
        1.0017902560608067,
        0.04557907461555093,
        0.07490362755472638,
        0.07490362755472638,
        0.0
      ],
      [
        0.5770332380942169,
        0.04557907461555093,
        2.233109233129362,
        1.9326140358746686,
        1.9326140358746686,
        0.0
      ],
      [
        1.079431788731715,
        0.07490362755472638,
        1.9326140358746686,
        4.4696353059352525,
        3.4696353059352676,
        0.0
      ],
      [
        1.079431788731715,
        0.07490362755472638,
        1.9326140358746686,
        3.4696353059352676,
        4.4696353059352525,
        0.0
      ],
      [
        0.0,
        0.0,
        0.0,
        0.0,
        0.0,
        1.0
      ]
    ],
    "vwap": [
      [
        1.0,
        0.0,
        0.0,
        0.0,
        0.0,
        0.0
      ],
      [
        0.0,
        1.0,
        0.0,
        0.0,
        0.0,
        0.0
      ],
      [
        0.0,
        0.0,
        1.0,
        0.0,
        0.0,
        0.0
      ],
      [
        0.0,
        0.0,
        0.0,
        1.0,
        0.0,
        0.0
      ],
      [
        0.0,
        0.0,
        0.0,
        0.0,
        1.0,
        0.0
      ],
      [
        0.0,
        0.0,
        0.0,
        0.0,
        0.0,
        1.0
      ]
    ]
  },
  "b": {
    "trend": [
      [
        0.07120472667463801
      ],
      [
        0.042790961766135734
      ],
      [
        0.7788627313316933
      ],
      [
        0.1669289719284747
      ],
      [
        0.1669289719284747
      ],
      [
        0.0
      ]
    ],
    "breakout": [
      [
        0.0
      ],
      [
        0.0
      ],
      [
        0.0
      ],
      [
        0.0
      ],
      [
        0.0
      ],
      [
        0.0
      ]
    ],
    "reversion": [
      [
        -0.009820654346467327
      ],
      [
        -0.07109951104950171
      ],
      [
        -1.9582907570789536
      ],
      [
        -1.233205646517621
      ],
      [
        -1.233205646517621
      ],
      [
        0.0
      ]
    ],
    "vwap": [
      [
        0.0
      ],
      [
        0.0
      ],
      [
        0.0
      ],
      [
        0.0
      ],
      [
        0.0
      ],
      [
        0.0
      ]
    ]
  },
  "counts": {
    "trend": 1,
    "breakout": 0,
    "reversion": 8,
    "vwap": 0
  },
  "reward_sum": {
    "trend": 0.1669289719284747,
    "breakout": 0.0,
    "reversion": -1.233205646517621,
    "vwap": 0.0
  },
  "disabled_until": {
    "trend": 0.0,
    "breakout": 0.0,
    "reversion": 0.0,
    "vwap": 0.0
  },
  "_snapshot_time": "2025-09-22T14:51:00.809702"
}