{
  "arms": [
    "trend",
    "breakout",
    "reversion",
    "vwap"
  ],
  "d": 6,
  "alpha": 0.6,
  "alpha_base": 0.6,
  "alpha_boost_until": 0.0,
  "A": {
    "trend": [
      [
        1.010932072630227,
        0.006569702936746501,
        0.11957891484929624,
        0.025628630716462895,
        0.025628630716462895,
        0.0
      ],
      [
        0.006569702936746501,
        1.0039481073843004,
        0.07186175710965534,
        0.015401698852348707,
        0.015401698852348707,
        0.0
      ],
      [
        0.11957891484929624,
        0.07186175710965534,
        2.30799687856081,
        0.280335116112811,
        0.280335116112811,
        0.0
      ],
      [
        0.025628630716462895,
        0.015401698852348707,
        0.280335116112811,
        1.0600825419495283,
        0.06008254194952879,
        0.0
      ],
      [
        0.025628630716462895,
        0.015401698852348707,
        0.280335116112811,
        0.06008254194952879,
        1.0600825419495283,
        0.0
      ],
      [
        0.0,
        0.0,
        0.0,
        0.0,
        0.0,
        1.0
      ]
    ],
    "breakout": [
      [
        1.0,
        0.0,
        0.0,
        0.0,
        0.0,
        0.0
      ],
      [
        0.0,
        1.0,
        0.0,
        0.0,
        0.0,
        0.0
      ],
      [
        0.0,
        0.0,
        1.0,
        0.0,
        0.0,
        0.0
      ],
      [
        0.0,
        0.0,
        0.0,
        1.0,
        0.0,
        0.0
      ],
      [
        0.0,
        0.0,
        0.0,
        0.0,
        1.0,
        0.0
      ],
      [
        0.0,
        0.0,
        0.0,
        0.0,
        0.0,
        1.0
      ]
    ],
    "reversion": [
      [
        1.1260744804719183,
        0.008215473861884495,
        0.2117468601146503,
        0.39610593789497034,
        0.39610593789497034,
        0.0
      ],
      [
        0.008215473861884495,
        1.0006569484644063,
        0.016725597937217004,
        0.027486472006870547,
        0.027486472006870547,
        0.0
      ],
      [
        0.2117468601146503,
        0.016725597937217004,
        1.4524990781395726,
        0.7091878368419854,
        0.7091878368419854,
        0.0
      ],
      [
        0.39610593789497034,
        0.027486472006870547,
        0.7091878368419854,
        2.2732098140501913,
        1.273209814050208,
        0.0
      ],
      [
        0.39610593789497034,
        0.027486472006870547,
        0.7091878368419854,
        1.273209814050208,
        2.2732098140501913,
        0.0
      ],
      [
        0.0,
        0.0,
        0.0,
        0.0,
        0.0,
        1.0
      ]
    ],
    "vwap": [
      [
        1.0,
        0.0,
        0.0,
        0.0,
        0.0,
        0.0
      ],
      [
        0.0,
        1.0,
        0.0,
        0.0,
        0.0,
        0.0
      ],
      [
        0.0,
        0.0,
        1.0,
        0.0,
        0.0,
        0.0
      ],
      [
        0.0,
        0.0,
        0.0,
        1.0,
        0.0,
        0.0
      ],
      [
        0.0,
        0.0,
        0.0,
        0.0,
        1.0,
        0.0
      ],
      [
        0.0,
        0.0,
        0.0,
        0.0,
        0.0,
        1.0
      ]
    ]
  },
  "b": {
    "trend": [
      [
        0.026129131397132268
      ],
      [
        0.015702478119268864
      ],
      [
        0.2858097713131709
      ],
      [
        0.061255891921861594
      ],
      [
        0.061255891921861594
      ],
      [
        0.0
      ]
    ],
    "breakout": [
      [
        0.0
      ],
      [
        0.0
      ],
      [
        0.0
      ],
      [
        0.0
      ],
      [
        0.0
      ],
      [
        0.0
      ]
    ],
    "reversion": [
      [
        -0.0036037659269052675
      ],
      [
        -0.02609052170052069
      ],
      [
        -0.7186101105241794
      ],
      [
        -0.4525344577865157
      ],
      [
        -0.4525344577865157
      ],
      [
        0.0
      ]
    ],
    "vwap": [
      [
        0.0
      ],
      [
        0.0
      ],
      [
        0.0
      ],
      [
        0.0
      ],
      [
        0.0
      ],
      [
        0.0
      ]
    ]
  },
  "counts": {
    "trend": 1,
    "breakout": 0,
    "reversion": 8,
    "vwap": 0
  },
  "reward_sum": {
    "trend": 0.061255891921861594,
    "breakout": 0.0,
    "reversion": -0.4525344577865157,
    "vwap": 0.0
  },
  "disabled_until": {
    "trend": 0.0,
    "breakout": 0.0,
    "reversion": 0.0,
    "vwap": 0.0
  },
  "_snapshot_time": "2025-09-24T07:09:00.200876"
}