{
  "arms": [
    "trend",
    "breakout",
    "reversion",
    "vwap"
  ],
  "d": 6,
  "alpha": 0.6,
  "alpha_base": 0.6,
  "alpha_boost_until": 0.0,
  "A": {
    "trend": [
      [
        1.024014792104054,
        0.014431851630326526,
        0.2626823729833861,
        0.056299135524016594,
        0.056299135524016594,
        0.0
      ],
      [
        0.014431851630326526,
        1.008672918781778,
        0.1578607475081222,
        0.03383334601764254,
        0.03383334601764254,
        0.0
      ],
      [
        0.2626823729833861,
        0.1578607475081222,
        3.873313613426232,
        0.6158200517532096,
        0.6158200517532096,
        0.0
      ],
      [
        0.056299135524016594,
        0.03383334601764254,
        0.6158200517532096,
        1.1319850135290728,
        0.13198501352907185,
        0.0
      ],
      [
        0.056299135524016594,
        0.03383334601764254,
        0.6158200517532096,
        0.13198501352907185,
        1.1319850135290728,
        0.0
      ],
      [
        0.0,
        0.0,
        0.0,
        0.0,
        0.0,
        1.0
      ]
    ],
    "breakout": [
      [
        1.0,
        0.0,
        0.0,
        0.0,
        0.0,
        0.0
      ],
      [
        0.0,
        1.0,
        0.0,
        0.0,
        0.0,
        0.0
      ],
      [
        0.0,
        0.0,
        1.0,
        0.0,
        0.0,
        0.0
      ],
      [
        0.0,
        0.0,
        0.0,
        1.0,
        0.0,
        0.0
      ],
      [
        0.0,
        0.0,
        0.0,
        0.0,
        1.0,
        0.0
      ],
      [
        0.0,
        0.0,
        0.0,
        0.0,
        0.0,
        1.0
      ]
    ],
    "reversion": [
      [
        1.2769513650859619,
        0.018047163013166462,
        0.46515029641134814,
        0.8701370793521039,
        0.8701370793521039,
        0.0
      ],
      [
        0.018047163013166462,
        1.0014431372100623,
        0.03674159245592158,
        0.06038030785616095,
        0.06038030785616095,
        0.0
      ],
      [
        0.46515029641134814,
        0.03674159245592158,
        1.9940174801577677,
        1.557892912035432,
        1.557892912035432,
        0.0
      ],
      [
        0.8701370793521039,
        0.06038030785616095,
        1.557892912035432,
        3.7968958882253254,
        2.7968958882253405,
        0.0
      ],
      [
        0.8701370793521039,
        0.06038030785616095,
        1.557892912035432,
        2.7968958882253405,
        3.7968958882253254,
        0.0
      ],
      [
        0.0,
        0.0,
        0.0,
        0.0,
        0.0,
        1.0
      ]
    ],
    "vwap": [
      [
        1.0,
        0.0,
        0.0,
        0.0,
        0.0,
        0.0
      ],
      [
        0.0,
        1.0,
        0.0,
        0.0,
        0.0,
        0.0
      ],
      [
        0.0,
        0.0,
        1.0,
        0.0,
        0.0,
        0.0
      ],
      [
        0.0,
        0.0,
        0.0,
        1.0,
        0.0,
        0.0
      ],
      [
        0.0,
        0.0,
        0.0,
        0.0,
        1.0,
        0.0
      ],
      [
        0.0,
        0.0,
        0.0,
        0.0,
        0.0,
        1.0
      ]
    ]
  },
  "b": {
    "trend": [
      [
        0.057398599477538226
      ],
      [
        0.034494076311761414
      ],
      [
        0.6278463811534122
      ],
      [
        0.13456254448811075
      ],
      [
        0.13456254448811075
      ],
      [
        0.0
      ]
    ],
    "breakout": [
      [
        0.0
      ],
      [
        0.0
      ],
      [
        0.0
      ],
      [
        0.0
      ],
      [
        0.0
      ],
      [
        0.0
      ]
    ],
    "reversion": [
      [
        -0.007916494195897267
      ],
      [
        -0.05731378446864743
      ],
      [
        -1.5785910862315846
      ],
      [
        -0.9940951996255007
      ],
      [
        -0.9940951996255007
      ],
      [
        0.0
      ]
    ],
    "vwap": [
      [
        0.0
      ],
      [
        0.0
      ],
      [
        0.0
      ],
      [
        0.0
      ],
      [
        0.0
      ],
      [
        0.0
      ]
    ]
  },
  "counts": {
    "trend": 1,
    "breakout": 0,
    "reversion": 8,
    "vwap": 0
  },
  "reward_sum": {
    "trend": 0.13456254448811075,
    "breakout": 0.0,
    "reversion": -0.9940951996255007,
    "vwap": 0.0
  },
  "disabled_until": {
    "trend": 0.0,
    "breakout": 0.0,
    "reversion": 0.0,
    "vwap": 0.0
  },
  "_snapshot_time": "2025-09-23T01:15:00.110090"
}