{
  "arms": [
    "trend",
    "breakout",
    "reversion",
    "vwap"
  ],
  "d": 6,
  "alpha": 0.6,
  "alpha_base": 0.6,
  "alpha_boost_until": 0.0,
  "A": {
    "trend": [
      [
        1.0799722752960803,
        0.04805987936983821,
        0.8747653095071858,
        0.1874831955883398,
        0.1874831955883398,
        0.0
      ],
      [
        0.04805987936983821,
        1.028881909342858,
        0.5256961252657489,
        0.11266929358316209,
        0.11266929358316209,
        0.0
      ],
      [
        0.8747653095071858,
        0.5256961252657489,
        10.568495380232372,
        2.0507581534856154,
        2.0507581534856154,
        0.0
      ],
      [
        0.1874831955883398,
        0.11266929358316209,
        2.0507581534856154,
        1.4395266796884414,
        0.43952667968844233,
        0.0
      ],
      [
        0.1874831955883398,
        0.11266929358316209,
        2.0507581534856154,
        0.43952667968844233,
        1.4395266796884414,
        0.0
      ],
      [
        0.0,
        0.0,
        0.0,
        0.0,
        0.0,
        1.0
      ]
    ],
    "breakout": [
      [
        1.0,
        0.0,
        0.0,
        0.0,
        0.0,
        0.0
      ],
      [
        0.0,
        1.0,
        0.0,
        0.0,
        0.0,
        0.0
      ],
      [
        0.0,
        0.0,
        1.0,
        0.0,
        0.0,
        0.0
      ],
      [
        0.0,
        0.0,
        0.0,
        1.0,
        0.0,
        0.0
      ],
      [
        0.0,
        0.0,
        0.0,
        0.0,
        1.0,
        0.0
      ],
      [
        0.0,
        0.0,
        0.0,
        0.0,
        0.0,
        1.0
      ]
    ],
    "reversion": [
      [
        1.0650460056647377,
        0.006594360930279908,
        0.18587656732485777,
        0.22359697231061834,
        0.22359697231061834,
        0.0
      ],
      [
        0.006594360930279908,
        1.000715706410888,
        0.019222177710831942,
        0.022441207233783685,
        0.022441207233783685,
        0.0
      ],
      [
        0.18587656732485777,
        0.019222177710831942,
        1.534193452934944,
        0.6371349881133207,
        0.6371349881133207,
        0.0
      ],
      [
        0.22359697231061834,
        0.022441207233783685,
        0.6371349881133207,
        1.7697119722457213,
        0.769711972245731,
        0.0
      ],
      [
        0.22359697231061834,
        0.022441207233783685,
        0.6371349881133207,
        0.769711972245731,
        1.7697119722457213,
        0.0
      ],
      [
        0.0,
        0.0,
        0.0,
        0.0,
        0.0,
        1.0
      ]
    ],
    "vwap": [
      [
        1.0,
        0.0,
        0.0,
        0.0,
        0.0,
        0.0
      ],
      [
        0.0,
        1.0,
        0.0,
        0.0,
        0.0,
        0.0
      ],
      [
        0.0,
        0.0,
        1.0,
        0.0,
        0.0,
        0.0
      ],
      [
        0.0,
        0.0,
        0.0,
        1.0,
        0.0,
        0.0
      ],
      [
        0.0,
        0.0,
        0.0,
        0.0,
        1.0,
        0.0
      ],
      [
        0.0,
        0.0,
        0.0,
        0.0,
        0.0,
        1.0
      ]
    ]
  },
  "b": {
    "trend": [
      [
        0.19114454870720757
      ],
      [
        0.11486960848694222
      ],
      [
        2.0908073415621544
      ],
      [
        0.4481101816628616
      ],
      [
        0.4481101816628616
      ],
      [
        0.0
      ]
    ],
    "breakout": [
      [
        0.0
      ],
      [
        0.0
      ],
      [
        0.0
      ],
      [
        0.0
      ],
      [
        0.0
      ],
      [
        0.0
      ]
    ],
    "reversion": [
      [
        0.08914369489726566
      ],
      [
        0.00969926895133965
      ],
      [
        0.26004283335084893
      ],
      [
        0.303247449835023
      ],
      [
        0.303247449835023
      ],
      [
        0.0
      ]
    ],
    "vwap": [
      [
        0.0
      ],
      [
        0.0
      ],
      [
        0.0
      ],
      [
        0.0
      ],
      [
        0.0
      ],
      [
        0.0
      ]
    ]
  },
  "counts": {
    "trend": 1,
    "breakout": 0,
    "reversion": 2,
    "vwap": 0
  },
  "reward_sum": {
    "trend": 0.4481101816628616,
    "breakout": 0.0,
    "reversion": 0.303247449835023,
    "vwap": 0.0
  },
  "disabled_until": {
    "trend": 0.0,
    "breakout": 0.0,
    "reversion": 0.0,
    "vwap": 0.0
  },
  "_snapshot_time": "2025-09-18T22:44:00.868997"
}