{
  "arms": [
    "trend",
    "breakout",
    "reversion",
    "vwap"
  ],
  "d": 6,
  "alpha": 0.6,
  "alpha_base": 0.6,
  "alpha_boost_until": 0.0,
  "A": {
    "trend": [
      [
        1.0045471746895447,
        0.0027326553639241405,
        0.049738620790209125,
        0.010660179900319238,
        0.010660179900319238,
        0.0
      ],
      [
        0.0027326553639241405,
        1.0016422077109,
        0.02989076034600168,
        0.006406307162992954,
        0.006406307162992954,
        0.0
      ],
      [
        0.049738620790209125,
        0.02989076034600168,
        1.5440587984888867,
        0.11660485506234211,
        0.11660485506234211,
        0.0
      ],
      [
        0.010660179900319238,
        0.006406307162992954,
        0.11660485506234211,
        1.0249912183423433,
        0.024991218342344988,
        0.0
      ],
      [
        0.010660179900319238,
        0.006406307162992954,
        0.11660485506234211,
        0.024991218342344988,
        1.0249912183423433,
        0.0
      ],
      [
        0.0,
        0.0,
        0.0,
        0.0,
        0.0,
        1.0
      ]
    ],
    "breakout": [
      [
        1.0,
        0.0,
        0.0,
        0.0,
        0.0,
        0.0
      ],
      [
        0.0,
        1.0,
        0.0,
        0.0,
        0.0,
        0.0
      ],
      [
        0.0,
        0.0,
        1.0,
        0.0,
        0.0,
        0.0
      ],
      [
        0.0,
        0.0,
        0.0,
        1.0,
        0.0,
        0.0
      ],
      [
        0.0,
        0.0,
        0.0,
        0.0,
        1.0,
        0.0
      ],
      [
        0.0,
        0.0,
        0.0,
        0.0,
        0.0,
        1.0
      ]
    ],
    "reversion": [
      [
        1.121408887755201,
        0.011276920442015394,
        0.4574323323422021,
        0.3901466776372666,
        0.3901466776372666,
        0.0
      ],
      [
        0.011276920442015394,
        1.001168956437136,
        0.04904921226000016,
        0.0371182810671551,
        0.0371182810671551,
        0.0
      ],
      [
        0.4574323323422021,
        0.04904921226000016,
        3.1662846941217526,
        1.5020335820082198,
        1.5020335820082198,
        0.0
      ],
      [
        0.3901466776372666,
        0.0371182810671551,
        1.5020335820082198,
        2.266148838486844,
        1.266148838486858,
        0.0
      ],
      [
        0.3901466776372666,
        0.0371182810671551,
        1.5020335820082198,
        1.266148838486858,
        2.266148838486844,
        0.0
      ],
      [
        0.0,
        0.0,
        0.0,
        0.0,
        0.0,
        1.0
      ]
    ],
    "vwap": [
      [
        1.0,
        0.0,
        0.0,
        0.0,
        0.0,
        0.0
      ],
      [
        0.0,
        1.0,
        0.0,
        0.0,
        0.0,
        0.0
      ],
      [
        0.0,
        0.0,
        1.0,
        0.0,
        0.0,
        0.0
      ],
      [
        0.0,
        0.0,
        0.0,
        1.0,
        0.0,
        0.0
      ],
      [
        0.0,
        0.0,
        0.0,
        0.0,
        1.0,
        0.0
      ],
      [
        0.0,
        0.0,
        0.0,
        0.0,
        0.0,
        1.0
      ]
    ]
  },
  "b": {
    "trend": [
      [
        0.010868362200622168
      ],
      [
        0.006531415723459096
      ],
      [
        0.11888202741593833
      ],
      [
        0.02547927101786571
      ],
      [
        0.02547927101786571
      ],
      [
        0.0
      ]
    ],
    "breakout": [
      [
        0.0
      ],
      [
        0.0
      ],
      [
        0.0
      ],
      [
        0.0
      ],
      [
        0.0
      ],
      [
        0.0
      ]
    ],
    "reversion": [
      [
        -0.2566035126797935
      ],
      [
        -0.039924256990011134
      ],
      [
        -1.665102413590347
      ],
      [
        -1.0219060935251225
      ],
      [
        -1.0219060935251225
      ],
      [
        0.0
      ]
    ],
    "vwap": [
      [
        0.0
      ],
      [
        0.0
      ],
      [
        0.0
      ],
      [
        0.0
      ],
      [
        0.0
      ],
      [
        0.0
      ]
    ]
  },
  "counts": {
    "trend": 1,
    "breakout": 0,
    "reversion": 9,
    "vwap": 0
  },
  "reward_sum": {
    "trend": 0.02547927101786571,
    "breakout": 0.0,
    "reversion": -1.0219060935251225,
    "vwap": 0.0
  },
  "disabled_until": {
    "trend": 0.0,
    "breakout": 0.0,
    "reversion": 0.0,
    "vwap": 0.0
  },
  "_snapshot_time": "2025-09-25T22:08:00.759832"
}