{
  "arms": [
    "trend",
    "breakout",
    "reversion",
    "vwap"
  ],
  "d": 6,
  "alpha": 0.6,
  "alpha_base": 0.6,
  "alpha_boost_until": 0.0,
  "A": {
    "trend": [
      [
        1.009500550466817,
        0.005709420017022039,
        0.1039204141538325,
        0.022272638295865347,
        0.022272638295865347,
        0.0
      ],
      [
        0.005709420017022039,
        1.0034311145490609,
        0.06245167528129184,
        0.013384892524119637,
        0.013384892524119637,
        0.0
      ],
      [
        0.1039204141538325,
        0.06245167528129184,
        2.1367186054771183,
        0.24362607241436665,
        0.24362607241436665,
        0.0
      ],
      [
        0.022272638295865347,
        0.013384892524119637,
        0.24362607241436665,
        1.0522149130612117,
        0.052214913061211746,
        0.0
      ],
      [
        0.022272638295865347,
        0.013384892524119637,
        0.24362607241436665,
        0.052214913061211746,
        1.0522149130612117,
        0.0
      ],
      [
        0.0,
        0.0,
        0.0,
        0.0,
        0.0,
        1.0
      ]
    ],
    "breakout": [
      [
        1.0,
        0.0,
        0.0,
        0.0,
        0.0,
        0.0
      ],
      [
        0.0,
        1.0,
        0.0,
        0.0,
        0.0,
        0.0
      ],
      [
        0.0,
        0.0,
        1.0,
        0.0,
        0.0,
        0.0
      ],
      [
        0.0,
        0.0,
        0.0,
        1.0,
        0.0,
        0.0
      ],
      [
        0.0,
        0.0,
        0.0,
        0.0,
        1.0,
        0.0
      ],
      [
        0.0,
        0.0,
        0.0,
        0.0,
        0.0,
        1.0
      ]
    ],
    "reversion": [
      [
        1.1095654049159331,
        0.007139682169494507,
        0.18401924307993997,
        0.3442370518808886,
        0.3442370518808886,
        0.0
      ],
      [
        0.007139682169494507,
        1.000570923030911,
        0.014535430989624058,
        0.023887200834541787,
        0.023887200834541787,
        0.0
      ],
      [
        0.18401924307993997,
        0.014535430989624058,
        1.3932456793386643,
        0.6163218140117904,
        0.6163218140117904,
        0.0
      ],
      [
        0.3442370518808886,
        0.023887200834541787,
        0.6163218140117904,
        2.1064868028579387,
        1.106486802857957,
        0.0
      ],
      [
        0.3442370518808886,
        0.023887200834541787,
        0.6163218140117904,
        1.106486802857957,
        2.1064868028579387,
        0.0
      ],
      [
        0.0,
        0.0,
        0.0,
        0.0,
        0.0,
        1.0
      ]
    ],
    "vwap": [
      [
        1.0,
        0.0,
        0.0,
        0.0,
        0.0,
        0.0
      ],
      [
        0.0,
        1.0,
        0.0,
        0.0,
        0.0,
        0.0
      ],
      [
        0.0,
        0.0,
        1.0,
        0.0,
        0.0,
        0.0
      ],
      [
        0.0,
        0.0,
        0.0,
        1.0,
        0.0,
        0.0
      ],
      [
        0.0,
        0.0,
        0.0,
        0.0,
        1.0,
        0.0
      ],
      [
        0.0,
        0.0,
        0.0,
        0.0,
        0.0,
        1.0
      ]
    ]
  },
  "b": {
    "trend": [
      [
        0.0227075999116735
      ],
      [
        0.01364628564703451
      ],
      [
        0.24838383791581684
      ],
      [
        0.0532346163694905
      ],
      [
        0.0532346163694905
      ],
      [
        0.0
      ]
    ],
    "breakout": [
      [
        0.0
      ],
      [
        0.0
      ],
      [
        0.0
      ],
      [
        0.0
      ],
      [
        0.0
      ],
      [
        0.0
      ]
    ],
    "reversion": [
      [
        -0.003131863574020963
      ],
      [
        -0.02267404603917611
      ],
      [
        -0.6245102691801486
      ],
      [
        -0.39327642612682157
      ],
      [
        -0.39327642612682157
      ],
      [
        0.0
      ]
    ],
    "vwap": [
      [
        0.0
      ],
      [
        0.0
      ],
      [
        0.0
      ],
      [
        0.0
      ],
      [
        0.0
      ],
      [
        0.0
      ]
    ]
  },
  "counts": {
    "trend": 1,
    "breakout": 0,
    "reversion": 8,
    "vwap": 0
  },
  "reward_sum": {
    "trend": 0.0532346163694905,
    "breakout": 0.0,
    "reversion": -0.39327642612682157,
    "vwap": 0.0
  },
  "disabled_until": {
    "trend": 0.0,
    "breakout": 0.0,
    "reversion": 0.0,
    "vwap": 0.0
  },
  "_snapshot_time": "2025-09-24T11:48:00.966087"
}