{
  "arms": [
    "trend",
    "breakout",
    "reversion",
    "vwap"
  ],
  "d": 6,
  "alpha": 0.6,
  "alpha_base": 0.6,
  "alpha_boost_until": 0.0,
  "A": {
    "trend": [
      [
        1.0076969410540002,
        0.0046255287498377495,
        0.08419189023236694,
        0.01804434223881076,
        0.01804434223881076,
        0.0
      ],
      [
        0.0046255287498377495,
        1.0027797427660512,
        0.050595685486074786,
        0.010843869429682693,
        0.010843869429682693,
        0.0
      ],
      [
        0.08419189023236694,
        0.050595685486074786,
        1.9209209647274008,
        0.19737545999470585,
        0.19737545999470585,
        0.0
      ],
      [
        0.01804434223881076,
        0.010843869429682693,
        0.19737545999470585,
        1.0423022970485336,
        0.04230229704853423,
        0.0
      ],
      [
        0.01804434223881076,
        0.010843869429682693,
        0.19737545999470585,
        0.04230229704853423,
        1.0423022970485336,
        0.0
      ],
      [
        0.0,
        0.0,
        0.0,
        0.0,
        0.0,
        1.0
      ]
    ],
    "breakout": [
      [
        1.0,
        0.0,
        0.0,
        0.0,
        0.0,
        0.0
      ],
      [
        0.0,
        1.0,
        0.0,
        0.0,
        0.0,
        0.0
      ],
      [
        0.0,
        0.0,
        1.0,
        0.0,
        0.0,
        0.0
      ],
      [
        0.0,
        0.0,
        0.0,
        1.0,
        0.0,
        0.0
      ],
      [
        0.0,
        0.0,
        0.0,
        0.0,
        1.0,
        0.0
      ],
      [
        0.0,
        0.0,
        0.0,
        0.0,
        0.0,
        1.0
      ]
    ],
    "reversion": [
      [
        1.0887652211459833,
        0.005784266184873558,
        0.14908454744123234,
        0.2788861872987497,
        0.2788861872987497,
        0.0
      ],
      [
        0.005784266184873558,
        1.000462537505658,
        0.011775986655971593,
        0.019352391991463956,
        0.019352391991463956,
        0.0
      ],
      [
        0.14908454744123234,
        0.011775986655971593,
        1.3185908884102768,
        0.4993176647302678,
        0.4993176647302678,
        0.0
      ],
      [
        0.2788861872987497,
        0.019352391991463956,
        0.4993176647302678,
        1.8964284467908121,
        0.8964284467908287,
        0.0
      ],
      [
        0.2788861872987497,
        0.019352391991463956,
        0.4993176647302678,
        0.8964284467908287,
        1.8964284467908121,
        0.0
      ],
      [
        0.0,
        0.0,
        0.0,
        0.0,
        0.0,
        1.0
      ]
    ],
    "vwap": [
      [
        1.0,
        0.0,
        0.0,
        0.0,
        0.0,
        0.0
      ],
      [
        0.0,
        1.0,
        0.0,
        0.0,
        0.0,
        0.0
      ],
      [
        0.0,
        0.0,
        1.0,
        0.0,
        0.0,
        0.0
      ],
      [
        0.0,
        0.0,
        0.0,
        1.0,
        0.0,
        0.0
      ],
      [
        0.0,
        0.0,
        0.0,
        0.0,
        1.0,
        0.0
      ],
      [
        0.0,
        0.0,
        0.0,
        0.0,
        0.0,
        1.0
      ]
    ]
  },
  "b": {
    "trend": [
      [
        0.01839672960092427
      ],
      [
        0.011055638996722406
      ],
      [
        0.2012299988176216
      ],
      [
        0.04312841720691907
      ],
      [
        0.04312841720691907
      ],
      [
        0.0
      ]
    ],
    "breakout": [
      [
        0.0
      ],
      [
        0.0
      ],
      [
        0.0
      ],
      [
        0.0
      ],
      [
        0.0
      ],
      [
        0.0
      ]
    ],
    "reversion": [
      [
        -0.0025373023808046187
      ],
      [
        -0.01836954568356623
      ],
      [
        -0.5059516020978241
      ],
      [
        -0.3186157981475464
      ],
      [
        -0.3186157981475464
      ],
      [
        0.0
      ]
    ],
    "vwap": [
      [
        0.0
      ],
      [
        0.0
      ],
      [
        0.0
      ],
      [
        0.0
      ],
      [
        0.0
      ],
      [
        0.0
      ]
    ]
  },
  "counts": {
    "trend": 1,
    "breakout": 0,
    "reversion": 8,
    "vwap": 0
  },
  "reward_sum": {
    "trend": 0.04312841720691907,
    "breakout": 0.0,
    "reversion": -0.3186157981475464,
    "vwap": 0.0
  },
  "disabled_until": {
    "trend": 0.0,
    "breakout": 0.0,
    "reversion": 0.0,
    "vwap": 0.0
  },
  "_snapshot_time": "2025-09-24T19:26:00.389284"
}