{
  "arms": [
    "trend",
    "breakout",
    "reversion",
    "vwap"
  ],
  "d": 6,
  "alpha": 0.6,
  "alpha_base": 0.6,
  "alpha_boost_until": 0.0,
  "A": {
    "trend": [
      [
        1.0034688697979801,
        0.002084640751102353,
        0.03794373676671768,
        0.008132253238979833,
        0.008132253238979833,
        0.0
      ],
      [
        0.002084640751102353,
        1.0012527789494092,
        0.02280254507075087,
        0.004887132549666352,
        0.004887132549666352,
        0.0
      ],
      [
        0.03794373676671768,
        0.02280254507075087,
        1.41504214446458,
        0.08895349038463306,
        0.08895349038463306,
        0.0
      ],
      [
        0.008132253238979833,
        0.004887132549666352,
        0.08895349038463306,
        1.01906486740477,
        0.019064867404770626,
        0.0
      ],
      [
        0.008132253238979833,
        0.004887132549666352,
        0.08895349038463306,
        0.019064867404770626,
        1.01906486740477,
        0.0
      ],
      [
        0.0,
        0.0,
        0.0,
        0.0,
        0.0,
        1.0
      ]
    ],
    "breakout": [
      [
        1.0,
        0.0,
        0.0,
        0.0,
        0.0,
        0.0
      ],
      [
        0.0,
        1.0,
        0.0,
        0.0,
        0.0,
        0.0
      ],
      [
        0.0,
        0.0,
        1.0,
        0.0,
        0.0,
        0.0
      ],
      [
        0.0,
        0.0,
        0.0,
        1.0,
        0.0,
        0.0
      ],
      [
        0.0,
        0.0,
        0.0,
        0.0,
        1.0,
        0.0
      ],
      [
        0.0,
        0.0,
        0.0,
        0.0,
        0.0,
        1.0
      ]
    ],
    "reversion": [
      [
        1.0926183075633285,
        0.008602741571701917,
        0.34895804771480177,
        0.29762833390812343,
        0.29762833390812343,
        0.0
      ],
      [
        0.008602741571701917,
        1.000891753221898,
        0.037417812738680924,
        0.028316150783224234,
        0.028316150783224234,
        0.0
      ],
      [
        0.34895804771480177,
        0.037417812738680924,
        2.6525777130455777,
        1.1458453400000341,
        1.1458453400000341,
        0.0
      ],
      [
        0.29762833390812343,
        0.028316150783224234,
        1.1458453400000341,
        1.9658976761270957,
        0.9658976761271122,
        0.0
      ],
      [
        0.29762833390812343,
        0.028316150783224234,
        1.1458453400000341,
        0.9658976761271122,
        1.9658976761270957,
        0.0
      ],
      [
        0.0,
        0.0,
        0.0,
        0.0,
        0.0,
        1.0
      ]
    ],
    "vwap": [
      [
        1.0,
        0.0,
        0.0,
        0.0,
        0.0,
        0.0
      ],
      [
        0.0,
        1.0,
        0.0,
        0.0,
        0.0,
        0.0
      ],
      [
        0.0,
        0.0,
        1.0,
        0.0,
        0.0,
        0.0
      ],
      [
        0.0,
        0.0,
        0.0,
        1.0,
        0.0,
        0.0
      ],
      [
        0.0,
        0.0,
        0.0,
        0.0,
        1.0,
        0.0
      ],
      [
        0.0,
        0.0,
        0.0,
        0.0,
        0.0,
        1.0
      ]
    ]
  },
  "b": {
    "trend": [
      [
        0.008291067743215924
      ],
      [
        0.004982573199410397
      ],
      [
        0.09069066015300567
      ],
      [
        0.019437184569059518
      ],
      [
        0.019437184569059518
      ],
      [
        0.0
      ]
    ],
    "breakout": [
      [
        0.0
      ],
      [
        0.0
      ],
      [
        0.0
      ],
      [
        0.0
      ],
      [
        0.0
      ],
      [
        0.0
      ]
    ],
    "reversion": [
      [
        -0.1957532393108451
      ],
      [
        -0.03045672505124966
      ],
      [
        -1.2702444632991348
      ],
      [
        -0.7795740050084928
      ],
      [
        -0.7795740050084928
      ],
      [
        0.0
      ]
    ],
    "vwap": [
      [
        0.0
      ],
      [
        0.0
      ],
      [
        0.0
      ],
      [
        0.0
      ],
      [
        0.0
      ],
      [
        0.0
      ]
    ]
  },
  "counts": {
    "trend": 1,
    "breakout": 0,
    "reversion": 9,
    "vwap": 0
  },
  "reward_sum": {
    "trend": 0.019437184569059518,
    "breakout": 0.0,
    "reversion": -0.7795740050084928,
    "vwap": 0.0
  },
  "disabled_until": {
    "trend": 0.0,
    "breakout": 0.0,
    "reversion": 0.0,
    "vwap": 0.0
  },
  "_snapshot_time": "2025-09-26T07:10:00.866505"
}