{
  "arms": [
    "trend",
    "breakout",
    "reversion",
    "vwap"
  ],
  "d": 6,
  "alpha": 0.6,
  "alpha_base": 0.6,
  "alpha_boost_until": 0.0,
  "A": {
    "trend": [
      [
        1.0032500350814146,
        0.001953130549083786,
        0.03555004447950142,
        0.007619227545819581,
        0.007619227545819581,
        0.0
      ],
      [
        0.001953130549083786,
        1.0011737470046314,
        0.021364039511840443,
        0.004578826291833543,
        0.004578826291833543,
        0.0
      ],
      [
        0.03555004447950142,
        0.021364039511840443,
        1.3888590833132075,
        0.08334183212430508,
        0.08334183212430508,
        0.0
      ],
      [
        0.007619227545819581,
        0.004578826291833543,
        0.08334183212430508,
        1.0178621543893343,
        0.01786215438933485,
        0.0
      ],
      [
        0.007619227545819581,
        0.004578826291833543,
        0.08334183212430508,
        0.01786215438933485,
        1.0178621543893343,
        0.0
      ],
      [
        0.0,
        0.0,
        0.0,
        0.0,
        0.0,
        1.0
      ]
    ],
    "breakout": [
      [
        1.0,
        0.0,
        0.0,
        0.0,
        0.0,
        0.0
      ],
      [
        0.0,
        1.0,
        0.0,
        0.0,
        0.0,
        0.0
      ],
      [
        0.0,
        0.0,
        1.0,
        0.0,
        0.0,
        0.0
      ],
      [
        0.0,
        0.0,
        0.0,
        1.0,
        0.0,
        0.0
      ],
      [
        0.0,
        0.0,
        0.0,
        0.0,
        1.0,
        0.0
      ],
      [
        0.0,
        0.0,
        0.0,
        0.0,
        0.0,
        1.0
      ]
    ],
    "reversion": [
      [
        1.174188146957348,
        0.014178309777424443,
        0.5096259767849983,
        0.5708268795328717,
        0.5708268795328717,
        0.0
      ],
      [
        0.014178309777424443,
        1.0012637329728262,
        0.047843759664510085,
        0.04696598406247926,
        0.04696598406247926,
        0.0
      ],
      [
        0.5096259767849983,
        0.047843759664510085,
        2.9301079426419054,
        1.6837510931756525,
        1.6837510931756525,
        0.0
      ],
      [
        0.5708268795328717,
        0.04696598406247926,
        1.6837510931756525,
        2.8802124777038087,
        1.8802124777038243,
        0.0
      ],
      [
        0.5708268795328717,
        0.04696598406247926,
        1.6837510931756525,
        1.8802124777038243,
        2.8802124777038087,
        0.0
      ],
      [
        0.0,
        0.0,
        0.0,
        0.0,
        0.0,
        1.0
      ]
    ],
    "vwap": [
      [
        1.0,
        0.0,
        0.0,
        0.0,
        0.0,
        0.0
      ],
      [
        0.0,
        1.0,
        0.0,
        0.0,
        0.0,
        0.0
      ],
      [
        0.0,
        0.0,
        1.0,
        0.0,
        0.0,
        0.0
      ],
      [
        0.0,
        0.0,
        0.0,
        1.0,
        0.0,
        0.0
      ],
      [
        0.0,
        0.0,
        0.0,
        0.0,
        1.0,
        0.0
      ],
      [
        0.0,
        0.0,
        0.0,
        0.0,
        0.0,
        1.0
      ]
    ]
  },
  "b": {
    "trend": [
      [
        0.007768023188280796
      ],
      [
        0.004668246038876734
      ],
      [
        0.08496941200432
      ],
      [
        0.01821098381096846
      ],
      [
        0.01821098381096846
      ],
      [
        0.0
      ]
    ],
    "breakout": [
      [
        0.0
      ],
      [
        0.0
      ],
      [
        0.0
      ],
      [
        0.0
      ],
      [
        0.0
      ],
      [
        0.0
      ]
    ],
    "reversion": [
      [
        -0.5981521842622558
      ],
      [
        -0.05756480793515424
      ],
      [
        -2.0568845241079865
      ],
      [
        -2.1157294877047645
      ],
      [
        -2.1157294877047645
      ],
      [
        0.0
      ]
    ],
    "vwap": [
      [
        0.0
      ],
      [
        0.0
      ],
      [
        0.0
      ],
      [
        0.0
      ],
      [
        0.0
      ],
      [
        0.0
      ]
    ]
  },
  "counts": {
    "trend": 1,
    "breakout": 0,
    "reversion": 10,
    "vwap": 0
  },
  "reward_sum": {
    "trend": 0.01821098381096846,
    "breakout": 0.0,
    "reversion": -2.1157294877047645,
    "vwap": 0.0
  },
  "disabled_until": {
    "trend": 0.0,
    "breakout": 0.0,
    "reversion": 0.0,
    "vwap": 0.0
  },
  "_snapshot_time": "2025-09-26T09:11:00.081832"
}