{
  "arms": [
    "trend",
    "breakout",
    "reversion",
    "vwap"
  ],
  "d": 6,
  "alpha": 0.6,
  "alpha_base": 0.6,
  "alpha_boost_until": 0.0,
  "A": {
    "trend": [
      [
        1.017511885875631,
        0.010523886179370376,
        0.19155126212598994,
        0.041054031695189536,
        0.041054031695189536,
        0.0
      ],
      [
        0.010523886179370376,
        1.0063244005301821,
        0.11511402566492546,
        0.024671697830423736,
        0.024671697830423736,
        0.0
      ],
      [
        0.19155126212598994,
        0.11511402566492546,
        3.0952561181956124,
        0.4490636612426236,
        0.4490636612426236,
        0.0
      ],
      [
        0.041054031695189536,
        0.024671697830423736,
        0.4490636612426236,
        1.0962451177674133,
        0.09624511776741324,
        0.0
      ],
      [
        0.041054031695189536,
        0.024671697830423736,
        0.4490636612426236,
        0.09624511776741324,
        1.0962451177674133,
        0.0
      ],
      [
        0.0,
        0.0,
        0.0,
        0.0,
        0.0,
        1.0
      ]
    ],
    "breakout": [
      [
        1.0,
        0.0,
        0.0,
        0.0,
        0.0,
        0.0
      ],
      [
        0.0,
        1.0,
        0.0,
        0.0,
        0.0,
        0.0
      ],
      [
        0.0,
        0.0,
        1.0,
        0.0,
        0.0,
        0.0
      ],
      [
        0.0,
        0.0,
        0.0,
        1.0,
        0.0,
        0.0
      ],
      [
        0.0,
        0.0,
        0.0,
        0.0,
        1.0,
        0.0
      ],
      [
        0.0,
        0.0,
        0.0,
        0.0,
        0.0,
        1.0
      ]
    ],
    "reversion": [
      [
        1.201956389106805,
        0.01316021632400954,
        0.33919339673967136,
        0.6345148091952858,
        0.6345148091952858,
        0.0
      ],
      [
        0.01316021632400954,
        1.0010523536500333,
        0.0267924274001273,
        0.04403007345352012,
        0.04403007345352012,
        0.0
      ],
      [
        0.33919339673967136,
        0.0267924274001273,
        1.7248499422972667,
        1.1360349389579898,
        1.1360349389579898,
        0.0
      ],
      [
        0.6345148091952858,
        0.04403007345352012,
        1.1360349389579898,
        3.0395313600217695,
        2.0395313600217855,
        0.0
      ],
      [
        0.6345148091952858,
        0.04403007345352012,
        1.1360349389579898,
        2.0395313600217855,
        3.0395313600217695,
        0.0
      ],
      [
        0.0,
        0.0,
        0.0,
        0.0,
        0.0,
        1.0
      ]
    ],
    "vwap": [
      [
        1.0,
        0.0,
        0.0,
        0.0,
        0.0,
        0.0
      ],
      [
        0.0,
        1.0,
        0.0,
        0.0,
        0.0,
        0.0
      ],
      [
        0.0,
        0.0,
        1.0,
        0.0,
        0.0,
        0.0
      ],
      [
        0.0,
        0.0,
        0.0,
        1.0,
        0.0,
        0.0
      ],
      [
        0.0,
        0.0,
        0.0,
        0.0,
        1.0,
        0.0
      ],
      [
        0.0,
        0.0,
        0.0,
        0.0,
        0.0,
        1.0
      ]
    ]
  },
  "b": {
    "trend": [
      [
        0.0418557745208203
      ],
      [
        0.025153510600446752
      ],
      [
        0.4578334106140342
      ],
      [
        0.09812468548551037
      ],
      [
        0.09812468548551037
      ],
      [
        0.0
      ]
    ],
    "breakout": [
      [
        0.0
      ],
      [
        0.0
      ],
      [
        0.0
      ],
      [
        0.0
      ],
      [
        0.0
      ],
      [
        0.0
      ]
    ],
    "reversion": [
      [
        -0.005772806289263667
      ],
      [
        -0.04179392635866256
      ],
      [
        -1.1511283056957242
      ],
      [
        -0.7249066163023287
      ],
      [
        -0.7249066163023287
      ],
      [
        0.0
      ]
    ],
    "vwap": [
      [
        0.0
      ],
      [
        0.0
      ],
      [
        0.0
      ],
      [
        0.0
      ],
      [
        0.0
      ],
      [
        0.0
      ]
    ]
  },
  "counts": {
    "trend": 1,
    "breakout": 0,
    "reversion": 8,
    "vwap": 0
  },
  "reward_sum": {
    "trend": 0.09812468548551037,
    "breakout": 0.0,
    "reversion": -0.7249066163023287,
    "vwap": 0.0
  },
  "disabled_until": {
    "trend": 0.0,
    "breakout": 0.0,
    "reversion": 0.0,
    "vwap": 0.0
  },
  "_snapshot_time": "2025-09-23T11:41:00.781499"
}