{
  "arms": [
    "trend",
    "breakout",
    "reversion",
    "vwap"
  ],
  "d": 6,
  "alpha": 0.6,
  "alpha_base": 0.6,
  "alpha_boost_until": 0.0,
  "A": {
    "trend": [
      [
        1.0303944323076961,
        0.018265739530537537,
        0.33246515603691,
        0.0712552603517068,
        0.0712552603517068,
        0.0
      ],
      [
        0.018265739530537537,
        1.0109769196285643,
        0.19979718264426727,
        0.042821330320926124,
        0.042821330320926124,
        0.0
      ],
      [
        0.33246515603691,
        0.19979718264426727,
        4.636622617579102,
        0.7794154867397138,
        0.7794154867397138,
        0.0
      ],
      [
        0.0712552603517068,
        0.042821330320926124,
        0.7794154867397138,
        1.167047440675634,
        0.16704744067563246,
        0.0
      ],
      [
        0.0712552603517068,
        0.042821330320926124,
        0.7794154867397138,
        0.16704744067563246,
        1.167047440675634,
        0.0
      ],
      [
        0.0,
        0.0,
        0.0,
        0.0,
        0.0,
        1.0
      ]
    ],
    "breakout": [
      [
        1.0,
        0.0,
        0.0,
        0.0,
        0.0,
        0.0
      ],
      [
        0.0,
        1.0,
        0.0,
        0.0,
        0.0,
        0.0
      ],
      [
        0.0,
        0.0,
        1.0,
        0.0,
        0.0,
        0.0
      ],
      [
        0.0,
        0.0,
        0.0,
        1.0,
        0.0,
        0.0
      ],
      [
        0.0,
        0.0,
        0.0,
        0.0,
        1.0,
        0.0
      ],
      [
        0.0,
        0.0,
        0.0,
        0.0,
        0.0,
        1.0
      ]
    ],
    "reversion": [
      [
        1.3505247716555493,
        0.022841475044750804,
        0.5887196164730657,
        1.101293004835902,
        1.101293004835902,
        0.0
      ],
      [
        0.022841475044750804,
        1.0018265132611557,
        0.046502165829281225,
        0.07642061492350248,
        0.07642061492350248,
        0.0
      ],
      [
        0.5887196164730657,
        0.046502165829281225,
        2.258082805065003,
        1.9717543442529146,
        1.9717543442529146,
        0.0
      ],
      [
        1.101293004835902,
        0.07642061492350248,
        1.9717543442529146,
        4.539904171478752,
        3.539904171478767,
        0.0
      ],
      [
        1.101293004835902,
        0.07642061492350248,
        1.9717543442529146,
        3.539904171478767,
        4.539904171478752,
        0.0
      ],
      [
        0.0,
        0.0,
        0.0,
        0.0,
        0.0,
        1.0
      ]
    ],
    "vwap": [
      [
        1.0,
        0.0,
        0.0,
        0.0,
        0.0,
        0.0
      ],
      [
        0.0,
        1.0,
        0.0,
        0.0,
        0.0,
        0.0
      ],
      [
        0.0,
        0.0,
        1.0,
        0.0,
        0.0,
        0.0
      ],
      [
        0.0,
        0.0,
        0.0,
        1.0,
        0.0,
        0.0
      ],
      [
        0.0,
        0.0,
        0.0,
        0.0,
        1.0,
        0.0
      ],
      [
        0.0,
        0.0,
        0.0,
        0.0,
        0.0,
        1.0
      ]
    ]
  },
  "b": {
    "trend": [
      [
        0.07264680197177445
      ],
      [
        0.04365758666290167
      ],
      [
        0.7946366659729412
      ],
      [
        0.17030970461346065
      ],
      [
        0.17030970461346065
      ],
      [
        0.0
      ]
    ],
    "breakout": [
      [
        0.0
      ],
      [
        0.0
      ],
      [
        0.0
      ],
      [
        0.0
      ],
      [
        0.0
      ],
      [
        0.0
      ]
    ],
    "reversion": [
      [
        -0.010019547365177565
      ],
      [
        -0.07253945546486995
      ],
      [
        -1.997951083819595
      ],
      [
        -1.2581811710675341
      ],
      [
        -1.2581811710675341
      ],
      [
        0.0
      ]
    ],
    "vwap": [
      [
        0.0
      ],
      [
        0.0
      ],
      [
        0.0
      ],
      [
        0.0
      ],
      [
        0.0
      ],
      [
        0.0
      ]
    ]
  },
  "counts": {
    "trend": 1,
    "breakout": 0,
    "reversion": 8,
    "vwap": 0
  },
  "reward_sum": {
    "trend": 0.17030970461346065,
    "breakout": 0.0,
    "reversion": -1.2581811710675341,
    "vwap": 0.0
  },
  "disabled_until": {
    "trend": 0.0,
    "breakout": 0.0,
    "reversion": 0.0,
    "vwap": 0.0
  },
  "_snapshot_time": "2025-09-22T13:30:00.596938"
}