{
  "arms": [
    "trend",
    "breakout",
    "reversion",
    "vwap"
  ],
  "d": 6,
  "alpha": 0.6,
  "alpha_base": 0.6,
  "alpha_boost_until": 0.0,
  "A": {
    "trend": [
      [
        1.023538086488402,
        0.014145372168558637,
        0.25746799670265585,
        0.055181569569484064,
        0.055181569569484064,
        0.0
      ],
      [
        0.014145372168558637,
        1.008500757012921,
        0.1547271328383752,
        0.03316173720366517,
        0.03316173720366517,
        0.0
      ],
      [
        0.25746799670265585,
        0.1547271328383752,
        3.816276903338735,
        0.6035957162007701,
        0.6035957162007701,
        0.0
      ],
      [
        0.055181569569484064,
        0.03316173720366517,
        0.6035957162007701,
        1.1293650451005046,
        0.12936504510050365,
        0.0
      ],
      [
        0.055181569569484064,
        0.03316173720366517,
        0.6035957162007701,
        0.12936504510050365,
        1.1293650451005046,
        0.0
      ],
      [
        0.0,
        0.0,
        0.0,
        0.0,
        0.0,
        1.0
      ]
    ],
    "breakout": [
      [
        1.0,
        0.0,
        0.0,
        0.0,
        0.0,
        0.0
      ],
      [
        0.0,
        1.0,
        0.0,
        0.0,
        0.0,
        0.0
      ],
      [
        0.0,
        0.0,
        1.0,
        0.0,
        0.0,
        0.0
      ],
      [
        0.0,
        0.0,
        0.0,
        1.0,
        0.0,
        0.0
      ],
      [
        0.0,
        0.0,
        0.0,
        0.0,
        1.0,
        0.0
      ],
      [
        0.0,
        0.0,
        0.0,
        0.0,
        0.0,
        1.0
      ]
    ],
    "reversion": [
      [
        1.2714537421864178,
        0.017688917815053082,
        0.4559168307431536,
        0.8528644238022607,
        0.8528644238022607,
        0.0
      ],
      [
        0.017688917815053082,
        1.001414490215776,
        0.036012253497838806,
        0.059181728592799916,
        0.059181728592799916,
        0.0
      ],
      [
        0.4559168307431536,
        0.036012253497838806,
        1.9742857367891569,
        1.5269679597587555,
        1.5269679597587555,
        0.0
      ],
      [
        0.8528644238022607,
        0.059181728592799916,
        1.5269679597587555,
        3.7413761081441685,
        2.7413761081441836,
        0.0
      ],
      [
        0.8528644238022607,
        0.059181728592799916,
        1.5269679597587555,
        2.7413761081441836,
        3.7413761081441685,
        0.0
      ],
      [
        0.0,
        0.0,
        0.0,
        0.0,
        0.0,
        1.0
      ]
    ],
    "vwap": [
      [
        1.0,
        0.0,
        0.0,
        0.0,
        0.0,
        0.0
      ],
      [
        0.0,
        1.0,
        0.0,
        0.0,
        0.0,
        0.0
      ],
      [
        0.0,
        0.0,
        1.0,
        0.0,
        0.0,
        0.0
      ],
      [
        0.0,
        0.0,
        0.0,
        1.0,
        0.0,
        0.0
      ],
      [
        0.0,
        0.0,
        0.0,
        0.0,
        1.0,
        0.0
      ],
      [
        0.0,
        0.0,
        0.0,
        0.0,
        0.0,
        1.0
      ]
    ]
  },
  "b": {
    "trend": [
      [
        0.056259208614483476
      ],
      [
        0.03380935167149359
      ],
      [
        0.6153833169567304
      ],
      [
        0.1318914107828511
      ],
      [
        0.1318914107828511
      ],
      [
        0.0
      ]
    ],
    "breakout": [
      [
        0.0
      ],
      [
        0.0
      ],
      [
        0.0
      ],
      [
        0.0
      ],
      [
        0.0
      ],
      [
        0.0
      ]
    ],
    "reversion": [
      [
        -0.007759347832809417
      ],
      [
        -0.05617607722587366
      ],
      [
        -1.5472552648609639
      ],
      [
        -0.9743619134866442
      ],
      [
        -0.9743619134866442
      ],
      [
        0.0
      ]
    ],
    "vwap": [
      [
        0.0
      ],
      [
        0.0
      ],
      [
        0.0
      ],
      [
        0.0
      ],
      [
        0.0
      ],
      [
        0.0
      ]
    ]
  },
  "counts": {
    "trend": 1,
    "breakout": 0,
    "reversion": 8,
    "vwap": 0
  },
  "reward_sum": {
    "trend": 0.1318914107828511,
    "breakout": 0.0,
    "reversion": -0.9743619134866442,
    "vwap": 0.0
  },
  "disabled_until": {
    "trend": 0.0,
    "breakout": 0.0,
    "reversion": 0.0,
    "vwap": 0.0
  },
  "_snapshot_time": "2025-09-23T01:52:00.054780"
}