{
  "arms": [
    "trend",
    "breakout",
    "reversion",
    "vwap"
  ],
  "d": 6,
  "alpha": 0.6,
  "alpha_base": 0.6,
  "alpha_boost_until": 0.0,
  "A": {
    "trend": [
      [
        1.1340176923414864,
        0.0805388380349322,
        1.4659333836195971,
        0.3141846987913415,
        0.3141846987913415,
        0.0
      ],
      [
        0.0805388380349322,
        1.0484003590771374,
        0.8809625750942064,
        0.18881141830537782,
        0.18881141830537782,
        0.0
      ],
      [
        1.4659333836195971,
        0.8809625750942064,
        17.03490291218188,
        3.436664447311339,
        3.436664447311339,
        0.0
      ],
      [
        0.3141846987913415,
        0.18881141830537782,
        3.436664447311339,
        1.7365596529082201,
        0.736559652908221,
        0.0
      ],
      [
        0.3141846987913415,
        0.18881141830537782,
        3.436664447311339,
        0.736559652908221,
        1.7365596529082201,
        0.0
      ],
      [
        0.0,
        0.0,
        0.0,
        0.0,
        0.0,
        1.0
      ]
    ],
    "breakout": [
      [
        1.0,
        0.0,
        0.0,
        0.0,
        0.0,
        0.0
      ],
      [
        0.0,
        1.0,
        0.0,
        0.0,
        0.0,
        0.0
      ],
      [
        0.0,
        0.0,
        1.0,
        0.0,
        0.0,
        0.0
      ],
      [
        0.0,
        0.0,
        0.0,
        1.0,
        0.0,
        0.0
      ],
      [
        0.0,
        0.0,
        0.0,
        0.0,
        1.0,
        0.0
      ],
      [
        0.0,
        0.0,
        0.0,
        0.0,
        0.0,
        1.0
      ]
    ],
    "reversion": [
      [
        1.109004221062181,
        0.011050842696059937,
        0.311492308065614,
        0.3747042350948525,
        0.3747042350948525,
        0.0
      ],
      [
        0.011050842696059937,
        1.0011993821762109,
        0.03221256227919219,
        0.03760701812839649,
        0.03760701812839649,
        0.0
      ],
      [
        0.311492308065614,
        0.03221256227919219,
        1.8952024131015515,
        1.0677120352127083,
        1.0677120352127083,
        0.0
      ],
      [
        0.3747042350948525,
        0.03760701812839649,
        1.0677120352127083,
        2.2898847995268152,
        1.2898847995268243,
        0.0
      ],
      [
        0.3747042350948525,
        0.03760701812839649,
        1.0677120352127083,
        1.2898847995268243,
        2.2898847995268152,
        0.0
      ],
      [
        0.0,
        0.0,
        0.0,
        0.0,
        0.0,
        1.0
      ]
    ],
    "vwap": [
      [
        1.0,
        0.0,
        0.0,
        0.0,
        0.0,
        0.0
      ],
      [
        0.0,
        1.0,
        0.0,
        0.0,
        0.0,
        0.0
      ],
      [
        0.0,
        0.0,
        1.0,
        0.0,
        0.0,
        0.0
      ],
      [
        0.0,
        0.0,
        0.0,
        1.0,
        0.0,
        0.0
      ],
      [
        0.0,
        0.0,
        0.0,
        0.0,
        1.0,
        0.0
      ],
      [
        0.0,
        0.0,
        0.0,
        0.0,
        0.0,
        1.0
      ]
    ]
  },
  "b": {
    "trend": [
      [
        0.32032040137103307
      ],
      [
        0.19249871024170775
      ],
      [
        3.5037789535111035
      ],
      [
        0.7509439019815569
      ],
      [
        0.7509439019815569
      ],
      [
        0.0
      ]
    ],
    "breakout": [
      [
        0.0
      ],
      [
        0.0
      ],
      [
        0.0
      ],
      [
        0.0
      ],
      [
        0.0
      ],
      [
        0.0
      ]
    ],
    "reversion": [
      [
        0.1493871749014849
      ],
      [
        0.016254053513489294
      ],
      [
        0.4357802789353817
      ],
      [
        0.5081826581133045
      ],
      [
        0.5081826581133045
      ],
      [
        0.0
      ]
    ],
    "vwap": [
      [
        0.0
      ],
      [
        0.0
      ],
      [
        0.0
      ],
      [
        0.0
      ],
      [
        0.0
      ],
      [
        0.0
      ]
    ]
  },
  "counts": {
    "trend": 1,
    "breakout": 0,
    "reversion": 2,
    "vwap": 0
  },
  "reward_sum": {
    "trend": 0.7509439019815569,
    "breakout": 0.0,
    "reversion": 0.5081826581133045,
    "vwap": 0.0
  },
  "disabled_until": {
    "trend": 0.0,
    "breakout": 0.0,
    "reversion": 0.0,
    "vwap": 0.0
  },
  "_snapshot_time": "2025-09-18T03:17:00.860008"
}