{
  "arms": [
    "trend",
    "breakout",
    "reversion",
    "vwap"
  ],
  "d": 6,
  "alpha": 0.6,
  "alpha_base": 0.6,
  "alpha_boost_until": 0.0,
  "A": {
    "trend": [
      [
        1.0730726581290777,
        0.04391350779898438,
        0.7992948327172241,
        0.1713080615182325,
        0.1713080615182325,
        0.0
      ],
      [
        0.04391350779898438,
        1.0263901193221288,
        0.48034163213570846,
        0.10294873743639416,
        0.10294873743639416,
        0.0
      ],
      [
        0.7992948327172241,
        0.48034163213570846,
        9.742972350614858,
        1.87382876003304,
        1.87382876003304,
        0.0
      ],
      [
        0.1713080615182325,
        0.10294873743639416,
        1.87382876003304,
        1.4016064652978146,
        0.4016064652978155,
        0.0
      ],
      [
        0.1713080615182325,
        0.10294873743639416,
        1.87382876003304,
        0.4016064652978155,
        1.4016064652978146,
        0.0
      ],
      [
        0.0,
        0.0,
        0.0,
        0.0,
        0.0,
        1.0
      ]
    ],
    "breakout": [
      [
        1.0,
        0.0,
        0.0,
        0.0,
        0.0,
        0.0
      ],
      [
        0.0,
        1.0,
        0.0,
        0.0,
        0.0,
        0.0
      ],
      [
        0.0,
        0.0,
        1.0,
        0.0,
        0.0,
        0.0
      ],
      [
        0.0,
        0.0,
        0.0,
        1.0,
        0.0,
        0.0
      ],
      [
        0.0,
        0.0,
        0.0,
        0.0,
        1.0,
        0.0
      ],
      [
        0.0,
        0.0,
        0.0,
        0.0,
        0.0,
        1.0
      ]
    ],
    "reversion": [
      [
        1.059434154111587,
        0.006025431689345906,
        0.1698400452913178,
        0.20430611803728072,
        0.20430611803728072,
        0.0
      ],
      [
        0.006025431689345906,
        1.0006539587587073,
        0.01756378213774373,
        0.02050508952167398,
        0.02050508952167398,
        0.0
      ],
      [
        0.1698400452913178,
        0.01756378213774373,
        1.488105851891656,
        0.5821660943884788,
        0.5821660943884788,
        0.0
      ],
      [
        0.20430611803728072,
        0.02050508952167398,
        0.5821660943884788,
        1.70330498410275,
        0.7033049841027587,
        0.0
      ],
      [
        0.20430611803728072,
        0.02050508952167398,
        0.5821660943884788,
        0.7033049841027587,
        1.70330498410275,
        0.0
      ],
      [
        0.0,
        0.0,
        0.0,
        0.0,
        0.0,
        1.0
      ]
    ],
    "vwap": [
      [
        1.0,
        0.0,
        0.0,
        0.0,
        0.0,
        0.0
      ],
      [
        0.0,
        1.0,
        0.0,
        0.0,
        0.0,
        0.0
      ],
      [
        0.0,
        0.0,
        1.0,
        0.0,
        0.0,
        0.0
      ],
      [
        0.0,
        0.0,
        0.0,
        1.0,
        0.0,
        0.0
      ],
      [
        0.0,
        0.0,
        0.0,
        0.0,
        1.0,
        0.0
      ],
      [
        0.0,
        0.0,
        0.0,
        0.0,
        0.0,
        1.0
      ]
    ]
  },
  "b": {
    "trend": [
      [
        0.1746535309794218
      ],
      [
        0.10495921992104248
      ],
      [
        1.9104226998431726
      ],
      [
        0.4094494246609806
      ],
      [
        0.4094494246609806
      ],
      [
        0.0
      ]
    ],
    "breakout": [
      [
        0.0
      ],
      [
        0.0
      ],
      [
        0.0
      ],
      [
        0.0
      ],
      [
        0.0
      ],
      [
        0.0
      ]
    ],
    "reversion": [
      [
        0.08145281245874544
      ],
      [
        0.008862463416968308
      ],
      [
        0.23760760826189628
      ],
      [
        0.27708474153411594
      ],
      [
        0.27708474153411594
      ],
      [
        0.0
      ]
    ],
    "vwap": [
      [
        0.0
      ],
      [
        0.0
      ],
      [
        0.0
      ],
      [
        0.0
      ],
      [
        0.0
      ],
      [
        0.0
      ]
    ]
  },
  "counts": {
    "trend": 1,
    "breakout": 0,
    "reversion": 2,
    "vwap": 0
  },
  "reward_sum": {
    "trend": 0.4094494246609806,
    "breakout": 0.0,
    "reversion": 0.27708474153411594,
    "vwap": 0.0
  },
  "disabled_until": {
    "trend": 0.0,
    "breakout": 0.0,
    "reversion": 0.0,
    "vwap": 0.0
  },
  "_snapshot_time": "2025-09-19T01:37:00.404709"
}