{
  "arms": [
    "trend",
    "breakout",
    "reversion",
    "vwap"
  ],
  "d": 6,
  "alpha": 0.6,
  "alpha_base": 0.6,
  "alpha_boost_until": 0.0,
  "A": {
    "trend": [
      [
        1.0213997987166024,
        0.012860353679460337,
        0.23407864135932985,
        0.050168669498048435,
        0.050168669498048435,
        0.0
      ],
      [
        0.012860353679460337,
        1.0077285164664884,
        0.14067114165672076,
        0.03014920102366654,
        0.03014920102366654,
        0.0
      ],
      [
        0.23407864135932985,
        0.14067114165672076,
        3.560435781020667,
        0.5487628248483222,
        0.5487628248483222,
        0.0
      ],
      [
        0.050168669498048435,
        0.03014920102366654,
        0.5487628248483222,
        1.1176130407830303,
        0.1176130407830293,
        0.0
      ],
      [
        0.050168669498048435,
        0.03014920102366654,
        0.5487628248483222,
        0.1176130407830293,
        1.1176130407830303,
        0.0
      ],
      [
        0.0,
        0.0,
        0.0,
        0.0,
        0.0,
        1.0
      ]
    ],
    "breakout": [
      [
        1.0,
        0.0,
        0.0,
        0.0,
        0.0,
        0.0
      ],
      [
        0.0,
        1.0,
        0.0,
        0.0,
        0.0,
        0.0
      ],
      [
        0.0,
        0.0,
        1.0,
        0.0,
        0.0,
        0.0
      ],
      [
        0.0,
        0.0,
        0.0,
        1.0,
        0.0,
        0.0
      ],
      [
        0.0,
        0.0,
        0.0,
        0.0,
        1.0,
        0.0
      ],
      [
        0.0,
        0.0,
        0.0,
        0.0,
        0.0,
        1.0
      ]
    ],
    "reversion": [
      [
        1.246793869438791,
        0.01608199039217428,
        0.41449964143100065,
        0.7753870311808022,
        0.7753870311808022,
        0.0
      ],
      [
        0.01608199039217428,
        1.0012859926366193,
        0.03274076576125752,
        0.0538054391214219,
        0.0538054391214219,
        0.0
      ],
      [
        0.41449964143100065,
        0.03274076576125752,
        1.8857779781724107,
        1.3882524818505737,
        1.3882524818505737,
        0.0
      ],
      [
        0.7753870311808022,
        0.0538054391214219,
        1.3882524818505737,
        3.492339254072016,
        2.4923392540720317,
        0.0
      ],
      [
        0.7753870311808022,
        0.0538054391214219,
        1.3882524818505737,
        2.4923392540720317,
        3.492339254072016,
        0.0
      ],
      [
        0.0,
        0.0,
        0.0,
        0.0,
        0.0,
        1.0
      ]
    ],
    "vwap": [
      [
        1.0,
        0.0,
        0.0,
        0.0,
        0.0,
        0.0
      ],
      [
        0.0,
        1.0,
        0.0,
        0.0,
        0.0,
        0.0
      ],
      [
        0.0,
        0.0,
        1.0,
        0.0,
        0.0,
        0.0
      ],
      [
        0.0,
        0.0,
        0.0,
        1.0,
        0.0,
        0.0
      ],
      [
        0.0,
        0.0,
        0.0,
        0.0,
        1.0,
        0.0
      ],
      [
        0.0,
        0.0,
        0.0,
        0.0,
        0.0,
        1.0
      ]
    ]
  },
  "b": {
    "trend": [
      [
        0.051148411783535463
      ],
      [
        0.030737983772184188
      ],
      [
        0.5594795958846384
      ],
      [
        0.1199099019621827
      ],
      [
        0.1199099019621827
      ],
      [
        0.0
      ]
    ],
    "breakout": [
      [
        0.0
      ],
      [
        0.0
      ],
      [
        0.0
      ],
      [
        0.0
      ],
      [
        0.0
      ],
      [
        0.0
      ]
    ],
    "reversion": [
      [
        -0.0070544596679955164
      ],
      [
        -0.05107283236104681
      ],
      [
        -1.406696812314882
      ],
      [
        -0.8858472346939185
      ],
      [
        -0.8858472346939185
      ],
      [
        0.0
      ]
    ],
    "vwap": [
      [
        0.0
      ],
      [
        0.0
      ],
      [
        0.0
      ],
      [
        0.0
      ],
      [
        0.0
      ],
      [
        0.0
      ]
    ]
  },
  "counts": {
    "trend": 1,
    "breakout": 0,
    "reversion": 8,
    "vwap": 0
  },
  "reward_sum": {
    "trend": 0.1199099019621827,
    "breakout": 0.0,
    "reversion": -0.8858472346939185,
    "vwap": 0.0
  },
  "disabled_until": {
    "trend": 0.0,
    "breakout": 0.0,
    "reversion": 0.0,
    "vwap": 0.0
  },
  "_snapshot_time": "2025-09-23T05:03:00.903231"
}