{
  "arms": [
    "trend",
    "breakout",
    "reversion",
    "vwap"
  ],
  "d": 6,
  "alpha": 0.6,
  "alpha_base": 0.6,
  "alpha_boost_until": 0.0,
  "A": {
    "trend": [
      [
        1.0412654048965173,
        0.02479872398442865,
        0.4513757368112816,
        0.09674065103941494,
        0.09674065103941494,
        0.0
      ],
      [
        0.02479872398442865,
        1.0149029607924116,
        0.271257299874343,
        0.058136948109838826,
        0.058136948109838826,
        0.0
      ],
      [
        0.4513757368112816,
        0.271257299874343,
        5.937309019331055,
        1.0581837922594344,
        1.0581837922594344,
        0.0
      ],
      [
        0.09674065103941494,
        0.058136948109838826,
        1.0581837922594344,
        1.2267941775198588,
        0.22679417751985861,
        0.0
      ],
      [
        0.09674065103941494,
        0.058136948109838826,
        1.0581837922594344,
        0.22679417751985861,
        1.2267941775198588,
        0.0
      ],
      [
        0.0,
        0.0,
        0.0,
        0.0,
        0.0,
        1.0
      ]
    ],
    "breakout": [
      [
        1.0,
        0.0,
        0.0,
        0.0,
        0.0,
        0.0
      ],
      [
        0.0,
        1.0,
        0.0,
        0.0,
        0.0,
        0.0
      ],
      [
        0.0,
        0.0,
        1.0,
        0.0,
        0.0,
        0.0
      ],
      [
        0.0,
        0.0,
        0.0,
        1.0,
        0.0,
        0.0
      ],
      [
        0.0,
        0.0,
        0.0,
        0.0,
        1.0,
        0.0
      ],
      [
        0.0,
        0.0,
        0.0,
        0.0,
        0.0,
        1.0
      ]
    ],
    "reversion": [
      [
        1.4758946139277982,
        0.031011032106583465,
        0.7992830100706362,
        1.495185081734484,
        1.495185081734484,
        0.0
      ],
      [
        0.031011032106583465,
        1.0024797899992806,
        0.06313428334782226,
        0.10375346330981403,
        0.10375346330981403,
        0.0
      ],
      [
        0.7992830100706362,
        0.06313428334782226,
        2.708052837401034,
        2.6769784856768513,
        2.6769784856768513,
        0.0
      ],
      [
        1.495185081734484,
        0.10375346330981403,
        2.6769784856768513,
        5.805997935811247,
        4.805997935811259,
        0.0
      ],
      [
        1.495185081734484,
        0.10375346330981403,
        2.6769784856768513,
        4.805997935811259,
        5.805997935811247,
        0.0
      ],
      [
        0.0,
        0.0,
        0.0,
        0.0,
        0.0,
        1.0
      ]
    ],
    "vwap": [
      [
        1.0,
        0.0,
        0.0,
        0.0,
        0.0,
        0.0
      ],
      [
        0.0,
        1.0,
        0.0,
        0.0,
        0.0,
        0.0
      ],
      [
        0.0,
        0.0,
        1.0,
        0.0,
        0.0,
        0.0
      ],
      [
        0.0,
        0.0,
        0.0,
        1.0,
        0.0,
        0.0
      ],
      [
        0.0,
        0.0,
        0.0,
        0.0,
        1.0,
        0.0
      ],
      [
        0.0,
        0.0,
        0.0,
        0.0,
        0.0,
        1.0
      ]
    ]
  },
  "b": {
    "trend": [
      [
        0.09862989601037322
      ],
      [
        0.05927230264449692
      ],
      [
        1.0788490285008283
      ],
      [
        0.2312232335032369
      ],
      [
        0.2312232335032369
      ],
      [
        0.0
      ]
    ],
    "breakout": [
      [
        0.0
      ],
      [
        0.0
      ],
      [
        0.0
      ],
      [
        0.0
      ],
      [
        0.0
      ],
      [
        0.0
      ]
    ],
    "reversion": [
      [
        -0.013603171617691165
      ],
      [
        -0.09848415559887955
      ],
      [
        -2.7125448372455883
      ],
      [
        -1.7081863853114287
      ],
      [
        -1.7081863853114287
      ],
      [
        0.0
      ]
    ],
    "vwap": [
      [
        0.0
      ],
      [
        0.0
      ],
      [
        0.0
      ],
      [
        0.0
      ],
      [
        0.0
      ],
      [
        0.0
      ]
    ]
  },
  "counts": {
    "trend": 1,
    "breakout": 0,
    "reversion": 8,
    "vwap": 0
  },
  "reward_sum": {
    "trend": 0.2312232335032369,
    "breakout": 0.0,
    "reversion": -1.7081863853114287,
    "vwap": 0.0
  },
  "disabled_until": {
    "trend": 0.0,
    "breakout": 0.0,
    "reversion": 0.0,
    "vwap": 0.0
  },
  "_snapshot_time": "2025-09-22T03:21:00.947390"
}