{
  "arms": [
    "trend",
    "breakout",
    "reversion",
    "vwap"
  ],
  "d": 6,
  "alpha": 0.6,
  "alpha_base": 0.6,
  "alpha_boost_until": 0.0,
  "A": {
    "trend": [
      [
        1.0433865685736192,
        0.026073451633076783,
        0.474577782690882,
        0.10171340619833343,
        0.10171340619833343,
        0.0
      ],
      [
        0.026073451633076783,
        1.0156690169887201,
        0.2852007261677515,
        0.06112535893332179,
        0.06112535893332179,
        0.0
      ],
      [
        0.474577782690882,
        0.2852007261677515,
        6.191101283836802,
        1.1125775642209037,
        1.1125775642209037,
        0.0
      ],
      [
        0.10171340619833343,
        0.06112535893332179,
        1.1125775642209037,
        1.2384520680152926,
        0.2384520680152932,
        0.0
      ],
      [
        0.10171340619833343,
        0.06112535893332179,
        1.1125775642209037,
        0.2384520680152932,
        1.2384520680152926,
        0.0
      ],
      [
        0.0,
        0.0,
        0.0,
        0.0,
        0.0,
        1.0
      ]
    ],
    "breakout": [
      [
        1.0,
        0.0,
        0.0,
        0.0,
        0.0,
        0.0
      ],
      [
        0.0,
        1.0,
        0.0,
        0.0,
        0.0,
        0.0
      ],
      [
        0.0,
        0.0,
        1.0,
        0.0,
        0.0,
        0.0
      ],
      [
        0.0,
        0.0,
        0.0,
        1.0,
        0.0,
        0.0
      ],
      [
        0.0,
        0.0,
        0.0,
        0.0,
        1.0,
        0.0
      ],
      [
        0.0,
        0.0,
        0.0,
        0.0,
        0.0,
        1.0
      ]
    ],
    "reversion": [
      [
        1.3718703975390607,
        0.02627958495972758,
        0.6649113839521806,
        1.2081607548937519,
        1.2081607548937519,
        0.0
      ],
      [
        0.02627958495972758,
        1.002295848452997,
        0.05774166678027706,
        0.09117251137403083,
        0.09117251137403083,
        0.0
      ],
      [
        0.6649113839521806,
        0.05774166678027706,
        2.5562532367573856,
        2.3176786650938443,
        2.3176786650938443,
        0.0
      ],
      [
        1.2081607548937519,
        0.09117251137403083,
        2.3176786650938443,
        5.022508343290044,
        4.0225083432900535,
        0.0
      ],
      [
        1.2081607548937519,
        0.09117251137403083,
        2.3176786650938443,
        4.0225083432900535,
        5.022508343290044,
        0.0
      ],
      [
        0.0,
        0.0,
        0.0,
        0.0,
        0.0,
        1.0
      ]
    ],
    "vwap": [
      [
        1.0,
        0.0,
        0.0,
        0.0,
        0.0,
        0.0
      ],
      [
        0.0,
        1.0,
        0.0,
        0.0,
        0.0,
        0.0
      ],
      [
        0.0,
        0.0,
        1.0,
        0.0,
        0.0,
        0.0
      ],
      [
        0.0,
        0.0,
        0.0,
        1.0,
        0.0,
        0.0
      ],
      [
        0.0,
        0.0,
        0.0,
        0.0,
        1.0,
        0.0
      ],
      [
        0.0,
        0.0,
        0.0,
        0.0,
        0.0,
        1.0
      ]
    ]
  },
  "b": {
    "trend": [
      [
        0.10369976394013677
      ],
      [
        0.06231907404400208
      ],
      [
        1.1343050546338949
      ],
      [
        0.24310879055615112
      ],
      [
        0.24310879055615112
      ],
      [
        0.0
      ]
    ],
    "breakout": [
      [
        0.0
      ],
      [
        0.0
      ],
      [
        0.0
      ],
      [
        0.0
      ],
      [
        0.0
      ],
      [
        0.0
      ]
    ],
    "reversion": [
      [
        -0.3839742858154619
      ],
      [
        -0.12174579535849334
      ],
      [
        -3.3567895492327913
      ],
      [
        -2.8429236364657338
      ],
      [
        -2.8429236364657338
      ],
      [
        0.0
      ]
    ],
    "vwap": [
      [
        0.0
      ],
      [
        0.0
      ],
      [
        0.0
      ],
      [
        0.0
      ],
      [
        0.0
      ],
      [
        0.0
      ]
    ]
  },
  "counts": {
    "trend": 1,
    "breakout": 0,
    "reversion": 7,
    "vwap": 0
  },
  "reward_sum": {
    "trend": 0.24310879055615112,
    "breakout": 0.0,
    "reversion": -2.8429236364657338,
    "vwap": 0.0
  },
  "disabled_until": {
    "trend": 0.0,
    "breakout": 0.0,
    "reversion": 0.0,
    "vwap": 0.0
  },
  "_snapshot_time": "2025-09-22T01:41:00.065925"
}