{
  "arms": [
    "trend",
    "breakout",
    "reversion",
    "vwap"
  ],
  "d": 6,
  "alpha": 0.6,
  "alpha_base": 0.6,
  "alpha_boost_until": 0.0,
  "A": {
    "trend": [
      [
        1.1200245017892119,
        0.07212953559290812,
        1.312870867652207,
        0.2813797289251674,
        0.2813797289251674,
        0.0
      ],
      [
        0.07212953559290812,
        1.0433467319363334,
        0.7889786215777886,
        0.1690970499363088,
        0.1690970499363088,
        0.0
      ],
      [
        1.312870867652207,
        0.7889786215777886,
        15.360650445830862,
        3.0778319705296684,
        3.0778319705296684,
        0.0
      ],
      [
        0.2813797289251674,
        0.1690970499363088,
        3.0778319705296684,
        1.6596532430440631,
        0.6596532430440636,
        0.0
      ],
      [
        0.2813797289251674,
        0.1690970499363088,
        3.0778319705296684,
        0.6596532430440636,
        1.6596532430440631,
        0.0
      ],
      [
        0.0,
        0.0,
        0.0,
        0.0,
        0.0,
        1.0
      ]
    ],
    "breakout": [
      [
        1.0,
        0.0,
        0.0,
        0.0,
        0.0,
        0.0
      ],
      [
        0.0,
        1.0,
        0.0,
        0.0,
        0.0,
        0.0
      ],
      [
        0.0,
        0.0,
        1.0,
        0.0,
        0.0,
        0.0
      ],
      [
        0.0,
        0.0,
        0.0,
        1.0,
        0.0,
        0.0
      ],
      [
        0.0,
        0.0,
        0.0,
        0.0,
        1.0,
        0.0
      ],
      [
        0.0,
        0.0,
        0.0,
        0.0,
        0.0,
        1.0
      ]
    ],
    "reversion": [
      [
        1.0976227623183696,
        0.009896990955237779,
        0.27896845881723337,
        0.33558023832383865,
        0.33558023832383865,
        0.0
      ],
      [
        0.009896990955237779,
        1.0010741510739327,
        0.02884915171544938,
        0.03368035619608501,
        0.03368035619608501,
        0.0
      ],
      [
        0.27896845881723337,
        0.02884915171544938,
        1.8017316352473238,
        0.9562290085864941,
        0.9562290085864941,
        0.0
      ],
      [
        0.33558023832383865,
        0.03368035619608501,
        0.9562290085864941,
        2.1552040460015895,
        1.1552040460016009,
        0.0
      ],
      [
        0.33558023832383865,
        0.03368035619608501,
        0.9562290085864941,
        1.1552040460016009,
        2.1552040460015895,
        0.0
      ],
      [
        0.0,
        0.0,
        0.0,
        0.0,
        0.0,
        1.0
      ]
    ],
    "vwap": [
      [
        1.0,
        0.0,
        0.0,
        0.0,
        0.0,
        0.0
      ],
      [
        0.0,
        1.0,
        0.0,
        0.0,
        0.0,
        0.0
      ],
      [
        0.0,
        0.0,
        1.0,
        0.0,
        0.0,
        0.0
      ],
      [
        0.0,
        0.0,
        0.0,
        1.0,
        0.0,
        0.0
      ],
      [
        0.0,
        0.0,
        0.0,
        0.0,
        1.0,
        0.0
      ],
      [
        0.0,
        0.0,
        0.0,
        0.0,
        0.0,
        1.0
      ]
    ]
  },
  "b": {
    "trend": [
      [
        0.28687478433455155
      ],
      [
        0.17239934062552384
      ],
      [
        3.1379388491717064
      ],
      [
        0.6725355893856192
      ],
      [
        0.6725355893856192
      ],
      [
        0.0
      ]
    ],
    "breakout": [
      [
        0.0
      ],
      [
        0.0
      ],
      [
        0.0
      ],
      [
        0.0
      ],
      [
        0.0
      ],
      [
        0.0
      ]
    ],
    "reversion": [
      [
        0.13378921042425648
      ],
      [
        0.0145569188733733
      ],
      [
        0.3902791486329085
      ],
      [
        0.4551217775228377
      ],
      [
        0.4551217775228377
      ],
      [
        0.0
      ]
    ],
    "vwap": [
      [
        0.0
      ],
      [
        0.0
      ],
      [
        0.0
      ],
      [
        0.0
      ],
      [
        0.0
      ],
      [
        0.0
      ]
    ]
  },
  "counts": {
    "trend": 1,
    "breakout": 0,
    "reversion": 2,
    "vwap": 0
  },
  "reward_sum": {
    "trend": 0.6725355893856192,
    "breakout": 0.0,
    "reversion": 0.4551217775228377,
    "vwap": 0.0
  },
  "disabled_until": {
    "trend": 0.0,
    "breakout": 0.0,
    "reversion": 0.0,
    "vwap": 0.0
  },
  "_snapshot_time": "2025-09-18T06:57:00.946944"
}