{
  "arms": [
    "trend",
    "breakout",
    "reversion",
    "vwap"
  ],
  "d": 6,
  "alpha": 0.6,
  "alpha_base": 0.6,
  "alpha_boost_until": 0.0,
  "A": {
    "trend": [
      [
        1.0924847465438892,
        0.05557933353769724,
        1.0116311888793346,
        0.21681683759816625,
        0.21681683759816625,
        0.0
      ],
      [
        0.05557933353769724,
        1.033400776148841,
        0.6079466005475846,
        0.13029754401433866,
        0.13029754401433866,
        0.0
      ],
      [
        1.0116311888793346,
        0.6079466005475846,
        12.065583250831189,
        2.371620006380237,
        2.371620006380237,
        0.0
      ],
      [
        0.21681683759816625,
        0.13029754401433866,
        2.371620006380237,
        1.5082950737585836,
        0.5082950737585841,
        0.0
      ],
      [
        0.21681683759816625,
        0.13029754401433866,
        2.371620006380237,
        0.5082950737585841,
        1.5082950737585836,
        0.0
      ],
      [
        0.0,
        0.0,
        0.0,
        0.0,
        0.0,
        1.0
      ]
    ],
    "breakout": [
      [
        1.0,
        0.0,
        0.0,
        0.0,
        0.0,
        0.0
      ],
      [
        0.0,
        1.0,
        0.0,
        0.0,
        0.0,
        0.0
      ],
      [
        0.0,
        0.0,
        1.0,
        0.0,
        0.0,
        0.0
      ],
      [
        0.0,
        0.0,
        0.0,
        1.0,
        0.0,
        0.0
      ],
      [
        0.0,
        0.0,
        0.0,
        0.0,
        1.0,
        0.0
      ],
      [
        0.0,
        0.0,
        0.0,
        0.0,
        0.0,
        1.0
      ]
    ],
    "reversion": [
      [
        1.0752231110759785,
        0.007626115388088216,
        0.21495883609466676,
        0.2585809799154506,
        0.2585809799154506,
        0.0
      ],
      [
        0.007626115388088216,
        1.0008276859169716,
        0.0222296818119295,
        0.025952361058521875,
        0.025952361058521875,
        0.0
      ],
      [
        0.21495883609466676,
        0.0222296818119295,
        1.6177734210660248,
        0.7368212004941251,
        0.7368212004941251,
        0.0
      ],
      [
        0.2585809799154506,
        0.025952361058521875,
        0.7368212004941251,
        1.8901411945751159,
        0.8901411945751263,
        0.0
      ],
      [
        0.2585809799154506,
        0.025952361058521875,
        0.7368212004941251,
        0.8901411945751263,
        1.8901411945751159,
        0.0
      ],
      [
        0.0,
        0.0,
        0.0,
        0.0,
        0.0,
        1.0
      ]
    ],
    "vwap": [
      [
        1.0,
        0.0,
        0.0,
        0.0,
        0.0,
        0.0
      ],
      [
        0.0,
        1.0,
        0.0,
        0.0,
        0.0,
        0.0
      ],
      [
        0.0,
        0.0,
        1.0,
        0.0,
        0.0,
        0.0
      ],
      [
        0.0,
        0.0,
        0.0,
        1.0,
        0.0,
        0.0
      ],
      [
        0.0,
        0.0,
        0.0,
        0.0,
        1.0,
        0.0
      ],
      [
        0.0,
        0.0,
        0.0,
        0.0,
        0.0,
        1.0
      ]
    ]
  },
  "b": {
    "trend": [
      [
        0.2210510464405744
      ],
      [
        0.1328421204370983
      ],
      [
        2.4179352949578634
      ],
      [
        0.5182215514238012
      ],
      [
        0.5182215514238012
      ],
      [
        0.0
      ]
    ],
    "breakout": [
      [
        0.0
      ],
      [
        0.0
      ],
      [
        0.0
      ],
      [
        0.0
      ],
      [
        0.0
      ],
      [
        0.0
      ]
    ],
    "reversion": [
      [
        0.10309112749432454
      ],
      [
        0.011216817669680974
      ],
      [
        0.3007291645006746
      ],
      [
        0.35069358017187224
      ],
      [
        0.35069358017187224
      ],
      [
        0.0
      ]
    ],
    "vwap": [
      [
        0.0
      ],
      [
        0.0
      ],
      [
        0.0
      ],
      [
        0.0
      ],
      [
        0.0
      ],
      [
        0.0
      ]
    ]
  },
  "counts": {
    "trend": 1,
    "breakout": 0,
    "reversion": 2,
    "vwap": 0
  },
  "reward_sum": {
    "trend": 0.5182215514238012,
    "breakout": 0.0,
    "reversion": 0.35069358017187224,
    "vwap": 0.0
  },
  "disabled_until": {
    "trend": 0.0,
    "breakout": 0.0,
    "reversion": 0.0,
    "vwap": 0.0
  },
  "_snapshot_time": "2025-09-18T17:21:00.483004"
}