{
  "arms": [
    "trend",
    "breakout",
    "reversion",
    "vwap"
  ],
  "d": 6,
  "alpha": 0.6,
  "alpha_base": 0.6,
  "alpha_boost_until": 0.0,
  "A": {
    "trend": [
      [
        1.0532854935508387,
        0.03202227750472992,
        0.5828557595200721,
        0.12491997473408537,
        0.12491997473408537,
        0.0
      ],
      [
        0.03202227750472992,
        1.0192440041042605,
        0.3502711081914595,
        0.07507150314751297,
        0.07507150314751297,
        0.0
      ],
      [
        0.5828557595200721,
        0.3502711081914595,
        7.375484466172534,
        1.3664192991549116,
        1.3664192991549116,
        0.0
      ],
      [
        0.12491997473408537,
        0.07507150314751297,
        1.3664192991549116,
        1.2928564426765687,
        0.29285644267656924,
        0.0
      ],
      [
        0.12491997473408537,
        0.07507150314751297,
        1.3664192991549116,
        0.29285644267656924,
        1.2928564426765687,
        0.0
      ],
      [
        0.0,
        0.0,
        0.0,
        0.0,
        0.0,
        1.0
      ]
    ],
    "breakout": [
      [
        1.0,
        0.0,
        0.0,
        0.0,
        0.0,
        0.0
      ],
      [
        0.0,
        1.0,
        0.0,
        0.0,
        0.0,
        0.0
      ],
      [
        0.0,
        0.0,
        1.0,
        0.0,
        0.0,
        0.0
      ],
      [
        0.0,
        0.0,
        0.0,
        1.0,
        0.0,
        0.0
      ],
      [
        0.0,
        0.0,
        0.0,
        0.0,
        1.0,
        0.0
      ],
      [
        0.0,
        0.0,
        0.0,
        0.0,
        0.0,
        1.0
      ]
    ],
    "reversion": [
      [
        1.4567150231342358,
        0.032275441477105975,
        0.8166151974278598,
        1.4838104102201801,
        1.4838104102201801,
        0.0
      ],
      [
        0.032275441477105975,
        1.0028196610600428,
        0.07091579984285666,
        0.11197410688497478,
        0.11197410688497478,
        0.0
      ],
      [
        0.8166151974278598,
        0.07091579984285666,
        2.911322433116561,
        2.846471975588953,
        2.846471975588953,
        0.0
      ],
      [
        1.4838104102201801,
        0.11197410688497478,
        2.846471975588953,
        5.940269521911593,
        4.940269521911602,
        0.0
      ],
      [
        1.4838104102201801,
        0.11197410688497478,
        2.846471975588953,
        4.940269521911602,
        5.940269521911593,
        0.0
      ],
      [
        0.0,
        0.0,
        0.0,
        0.0,
        0.0,
        1.0
      ]
    ],
    "vwap": [
      [
        1.0,
        0.0,
        0.0,
        0.0,
        0.0,
        0.0
      ],
      [
        0.0,
        1.0,
        0.0,
        0.0,
        0.0,
        0.0
      ],
      [
        0.0,
        0.0,
        1.0,
        0.0,
        0.0,
        0.0
      ],
      [
        0.0,
        0.0,
        0.0,
        1.0,
        0.0,
        0.0
      ],
      [
        0.0,
        0.0,
        0.0,
        0.0,
        1.0,
        0.0
      ],
      [
        0.0,
        0.0,
        0.0,
        0.0,
        0.0,
        1.0
      ]
    ]
  },
  "b": {
    "trend": [
      [
        0.12735953278442816
      ],
      [
        0.07653757204677995
      ],
      [
        1.3931040564044468
      ],
      [
        0.29857562644879787
      ],
      [
        0.29857562644879787
      ],
      [
        0.0
      ]
    ],
    "breakout": [
      [
        0.0
      ],
      [
        0.0
      ],
      [
        0.0
      ],
      [
        0.0
      ],
      [
        0.0
      ],
      [
        0.0
      ]
    ],
    "reversion": [
      [
        -0.4715804914553329
      ],
      [
        -0.1495228824655498
      ],
      [
        -4.122662698564438
      ],
      [
        -3.4915549691231607
      ],
      [
        -3.4915549691231607
      ],
      [
        0.0
      ]
    ],
    "vwap": [
      [
        0.0
      ],
      [
        0.0
      ],
      [
        0.0
      ],
      [
        0.0
      ],
      [
        0.0
      ],
      [
        0.0
      ]
    ]
  },
  "counts": {
    "trend": 1,
    "breakout": 0,
    "reversion": 7,
    "vwap": 0
  },
  "reward_sum": {
    "trend": 0.29857562644879787,
    "breakout": 0.0,
    "reversion": -3.4915549691231607,
    "vwap": 0.0
  },
  "disabled_until": {
    "trend": 0.0,
    "breakout": 0.0,
    "reversion": 0.0,
    "vwap": 0.0
  },
  "_snapshot_time": "2025-09-19T12:10:00.660514"
}