{
  "arms": [
    "trend",
    "breakout",
    "reversion",
    "vwap"
  ],
  "d": 6,
  "alpha": 0.6,
  "alpha_base": 0.6,
  "alpha_boost_until": 0.0,
  "A": {
    "trend": [
      [
        1.0224998115687427,
        0.013521413837914274,
        0.24611097480866728,
        0.05274748726888247,
        0.05274748726888247,
        0.0
      ],
      [
        0.013521413837914274,
        1.0081257850368015,
        0.14790205376934862,
        0.03169895899321571,
        0.03169895899321571,
        0.0
      ],
      [
        0.24611097480866728,
        0.14790205376934862,
        3.6920497416705964,
        0.5769708546575834,
        0.5769708546575834,
        0.0
      ],
      [
        0.05274748726888247,
        0.03169895899321571,
        0.5769708546575834,
        1.1236586984153285,
        0.12365869841532712,
        0.0
      ],
      [
        0.05274748726888247,
        0.03169895899321571,
        0.5769708546575834,
        0.12365869841532712,
        1.1236586984153285,
        0.0
      ],
      [
        0.0,
        0.0,
        0.0,
        0.0,
        0.0,
        1.0
      ]
    ],
    "breakout": [
      [
        1.0,
        0.0,
        0.0,
        0.0,
        0.0,
        0.0
      ],
      [
        0.0,
        1.0,
        0.0,
        0.0,
        0.0,
        0.0
      ],
      [
        0.0,
        0.0,
        1.0,
        0.0,
        0.0,
        0.0
      ],
      [
        0.0,
        0.0,
        0.0,
        1.0,
        0.0,
        0.0
      ],
      [
        0.0,
        0.0,
        0.0,
        0.0,
        1.0,
        0.0
      ],
      [
        0.0,
        0.0,
        0.0,
        0.0,
        0.0,
        1.0
      ]
    ],
    "reversion": [
      [
        1.2594798031621561,
        0.01690865219183262,
        0.435806147105188,
        0.815244214464506,
        0.815244214464506,
        0.0
      ],
      [
        0.01690865219183262,
        1.0013520964559486,
        0.034423737811754694,
        0.056571197591043045,
        0.056571197591043045,
        0.0
      ],
      [
        0.435806147105188,
        0.034423737811754694,
        1.9313095821391713,
        1.4596127592192998,
        1.4596127592192998,
        0.0
      ],
      [
        0.815244214464506,
        0.056571197591043045,
        1.4596127592192998,
        3.620452852133416,
        2.620452852133431,
        0.0
      ],
      [
        0.815244214464506,
        0.056571197591043045,
        1.4596127592192998,
        2.620452852133431,
        3.620452852133416,
        0.0
      ],
      [
        0.0,
        0.0,
        0.0,
        0.0,
        0.0,
        1.0
      ]
    ],
    "vwap": [
      [
        1.0,
        0.0,
        0.0,
        0.0,
        0.0,
        0.0
      ],
      [
        0.0,
        1.0,
        0.0,
        0.0,
        0.0,
        0.0
      ],
      [
        0.0,
        0.0,
        1.0,
        0.0,
        0.0,
        0.0
      ],
      [
        0.0,
        0.0,
        0.0,
        1.0,
        0.0,
        0.0
      ],
      [
        0.0,
        0.0,
        0.0,
        0.0,
        1.0,
        0.0
      ],
      [
        0.0,
        0.0,
        0.0,
        0.0,
        0.0,
        1.0
      ]
    ]
  },
  "b": {
    "trend": [
      [
        0.05377759120122859
      ],
      [
        0.03231800691380647
      ],
      [
        0.5882384993740454
      ],
      [
        0.12607362504220324
      ],
      [
        0.12607362504220324
      ],
      [
        0.0
      ]
    ],
    "breakout": [
      [
        0.0
      ],
      [
        0.0
      ],
      [
        0.0
      ],
      [
        0.0
      ],
      [
        0.0
      ],
      [
        0.0
      ]
    ],
    "reversion": [
      [
        -0.007417079728233838
      ],
      [
        -0.053698126773222075
      ],
      [
        -1.479005182739461
      ],
      [
        -0.9313823986504134
      ],
      [
        -0.9313823986504134
      ],
      [
        0.0
      ]
    ],
    "vwap": [
      [
        0.0
      ],
      [
        0.0
      ],
      [
        0.0
      ],
      [
        0.0
      ],
      [
        0.0
      ],
      [
        0.0
      ]
    ]
  },
  "counts": {
    "trend": 1,
    "breakout": 0,
    "reversion": 8,
    "vwap": 0
  },
  "reward_sum": {
    "trend": 0.12607362504220324,
    "breakout": 0.0,
    "reversion": -0.9313823986504134,
    "vwap": 0.0
  },
  "disabled_until": {
    "trend": 0.0,
    "breakout": 0.0,
    "reversion": 0.0,
    "vwap": 0.0
  },
  "_snapshot_time": "2025-09-23T03:25:00.756233"
}