{
  "arms": [
    "trend",
    "breakout",
    "reversion",
    "vwap"
  ],
  "d": 6,
  "alpha": 0.6,
  "alpha_base": 0.6,
  "alpha_boost_until": 0.0,
  "A": {
    "trend": [
      [
        1.010293888915466,
        0.006186182119892857,
        0.11259823344816945,
        0.024132503192607783,
        0.024132503192607783,
        0.0
      ],
      [
        0.006186182119892857,
        1.0037176279572044,
        0.06766666943939274,
        0.01450259090459851,
        0.01450259090459851,
        0.0
      ],
      [
        0.11259823344816945,
        0.06766666943939274,
        2.2316396922256705,
        0.2639699389108125,
        0.2639699389108125,
        0.0
      ],
      [
        0.024132503192607783,
        0.01450259090459851,
        0.2639699389108125,
        1.056575091797066,
        0.056575091797066025,
        0.0
      ],
      [
        0.024132503192607783,
        0.01450259090459851,
        0.2639699389108125,
        0.056575091797066025,
        1.056575091797066,
        0.0
      ],
      [
        0.0,
        0.0,
        0.0,
        0.0,
        0.0,
        1.0
      ]
    ],
    "breakout": [
      [
        1.0,
        0.0,
        0.0,
        0.0,
        0.0,
        0.0
      ],
      [
        0.0,
        1.0,
        0.0,
        0.0,
        0.0,
        0.0
      ],
      [
        0.0,
        0.0,
        1.0,
        0.0,
        0.0,
        0.0
      ],
      [
        0.0,
        0.0,
        0.0,
        1.0,
        0.0,
        0.0
      ],
      [
        0.0,
        0.0,
        0.0,
        0.0,
        1.0,
        0.0
      ],
      [
        0.0,
        0.0,
        0.0,
        0.0,
        0.0,
        1.0
      ]
    ],
    "reversion": [
      [
        1.1187146061822388,
        0.007735877557959367,
        0.1993856727764627,
        0.37298238507611337,
        0.37298238507611337,
        0.0
      ],
      [
        0.007735877557959367,
        1.0006185976570523,
        0.015749204476963565,
        0.02588188892328286,
        0.02588188892328286,
        0.0
      ],
      [
        0.1993856727764627,
        0.015749204476963565,
        1.4260834520839518,
        0.6677874415566846,
        0.6677874415566846,
        0.0
      ],
      [
        0.37298238507611337,
        0.02588188892328286,
        0.6677874415566846,
        2.19888339889687,
        1.1988833988968874,
        0.0
      ],
      [
        0.37298238507611337,
        0.02588188892328286,
        0.6677874415566846,
        1.1988833988968874,
        2.19888339889687,
        0.0
      ],
      [
        0.0,
        0.0,
        0.0,
        0.0,
        0.0,
        1.0
      ]
    ],
    "vwap": [
      [
        1.0,
        0.0,
        0.0,
        0.0,
        0.0,
        0.0
      ],
      [
        0.0,
        1.0,
        0.0,
        0.0,
        0.0,
        0.0
      ],
      [
        0.0,
        0.0,
        1.0,
        0.0,
        0.0,
        0.0
      ],
      [
        0.0,
        0.0,
        0.0,
        1.0,
        0.0,
        0.0
      ],
      [
        0.0,
        0.0,
        0.0,
        0.0,
        1.0,
        0.0
      ],
      [
        0.0,
        0.0,
        0.0,
        0.0,
        0.0,
        1.0
      ]
    ]
  },
  "b": {
    "trend": [
      [
        0.024603786048402236
      ],
      [
        0.014785811522177518
      ],
      [
        0.26912499910746385
      ],
      [
        0.05767994489150694
      ],
      [
        0.05767994489150694
      ],
      [
        0.0
      ]
    ],
    "breakout": [
      [
        0.0
      ],
      [
        0.0
      ],
      [
        0.0
      ],
      [
        0.0
      ],
      [
        0.0
      ],
      [
        0.0
      ]
    ],
    "reversion": [
      [
        -0.0033933881875549254
      ],
      [
        -0.024567430277504725
      ],
      [
        -0.6766596693488276
      ],
      [
        -0.42611676636641405
      ],
      [
        -0.42611676636641405
      ],
      [
        0.0
      ]
    ],
    "vwap": [
      [
        0.0
      ],
      [
        0.0
      ],
      [
        0.0
      ],
      [
        0.0
      ],
      [
        0.0
      ],
      [
        0.0
      ]
    ]
  },
  "counts": {
    "trend": 1,
    "breakout": 0,
    "reversion": 8,
    "vwap": 0
  },
  "reward_sum": {
    "trend": 0.05767994489150694,
    "breakout": 0.0,
    "reversion": -0.42611676636641405,
    "vwap": 0.0
  },
  "disabled_until": {
    "trend": 0.0,
    "breakout": 0.0,
    "reversion": 0.0,
    "vwap": 0.0
  },
  "_snapshot_time": "2025-09-24T09:02:00.313007"
}