{
  "arms": [
    "trend",
    "breakout",
    "reversion",
    "vwap"
  ],
  "d": 6,
  "alpha": 0.6,
  "alpha_base": 0.6,
  "alpha_boost_until": 0.0,
  "A": {
    "trend": [
      [
        1.012579293421994,
        0.00755961140508416,
        0.13759680417909406,
        0.02949029673430101,
        0.02949029673430101,
        0.0
      ],
      [
        0.00755961140508416,
        1.0045429995691153,
        0.08268972948487215,
        0.017722393146675012,
        0.017722393146675012,
        0.0
      ],
      [
        0.13759680417909406,
        0.08268972948487215,
        2.5050829871890046,
        0.32257539822059245,
        0.32257539822059245,
        0.0
      ],
      [
        0.02949029673430101,
        0.017722393146675012,
        0.32257539822059245,
        1.0691356479495608,
        0.0691356479495614,
        0.0
      ],
      [
        0.02949029673430101,
        0.017722393146675012,
        0.32257539822059245,
        0.0691356479495614,
        1.0691356479495608,
        0.0
      ],
      [
        0.0,
        0.0,
        0.0,
        0.0,
        0.0,
        1.0
      ]
    ],
    "breakout": [
      [
        1.0,
        0.0,
        0.0,
        0.0,
        0.0,
        0.0
      ],
      [
        0.0,
        1.0,
        0.0,
        0.0,
        0.0,
        0.0
      ],
      [
        0.0,
        0.0,
        1.0,
        0.0,
        0.0,
        0.0
      ],
      [
        0.0,
        0.0,
        0.0,
        1.0,
        0.0,
        0.0
      ],
      [
        0.0,
        0.0,
        0.0,
        0.0,
        1.0,
        0.0
      ],
      [
        0.0,
        0.0,
        0.0,
        0.0,
        0.0,
        1.0
      ]
    ],
    "reversion": [
      [
        1.1450711074217241,
        0.009453363493362048,
        0.2436524138344364,
        0.455790314198786,
        0.455790314198786,
        0.0
      ],
      [
        0.009453363493362048,
        1.0007559360220535,
        0.019245774449834396,
        0.031628073486617475,
        0.031628073486617475,
        0.0
      ],
      [
        0.2436524138344364,
        0.019245774449834396,
        1.5206806494644969,
        0.8160467088627058,
        0.8160467088627058,
        0.0
      ],
      [
        0.455790314198786,
        0.031628073486617475,
        0.8160467088627058,
        2.465054283889048,
        1.465054283889066,
        0.0
      ],
      [
        0.455790314198786,
        0.031628073486617475,
        0.8160467088627058,
        1.465054283889066,
        2.465054283889048,
        0.0
      ],
      [
        0.0,
        0.0,
        0.0,
        0.0,
        0.0,
        1.0
      ]
    ],
    "vwap": [
      [
        1.0,
        0.0,
        0.0,
        0.0,
        0.0,
        0.0
      ],
      [
        0.0,
        1.0,
        0.0,
        0.0,
        0.0,
        0.0
      ],
      [
        0.0,
        0.0,
        1.0,
        0.0,
        0.0,
        0.0
      ],
      [
        0.0,
        0.0,
        0.0,
        1.0,
        0.0,
        0.0
      ],
      [
        0.0,
        0.0,
        0.0,
        0.0,
        1.0,
        0.0
      ],
      [
        0.0,
        0.0,
        0.0,
        0.0,
        0.0,
        1.0
      ]
    ]
  },
  "b": {
    "trend": [
      [
        0.03006621176276869
      ],
      [
        0.01806849317562831
      ],
      [
        0.3288749624916126
      ],
      [
        0.07048579572921039
      ],
      [
        0.07048579572921039
      ],
      [
        0.0
      ]
    ],
    "breakout": [
      [
        0.0
      ],
      [
        0.0
      ],
      [
        0.0
      ],
      [
        0.0
      ],
      [
        0.0
      ],
      [
        0.0
      ]
    ],
    "reversion": [
      [
        -0.004146773494111482
      ],
      [
        -0.030021784441524202
      ],
      [
        -0.826888710133621
      ],
      [
        -0.520721360039254
      ],
      [
        -0.520721360039254
      ],
      [
        0.0
      ]
    ],
    "vwap": [
      [
        0.0
      ],
      [
        0.0
      ],
      [
        0.0
      ],
      [
        0.0
      ],
      [
        0.0
      ],
      [
        0.0
      ]
    ]
  },
  "counts": {
    "trend": 1,
    "breakout": 0,
    "reversion": 8,
    "vwap": 0
  },
  "reward_sum": {
    "trend": 0.07048579572921039,
    "breakout": 0.0,
    "reversion": -0.520721360039254,
    "vwap": 0.0
  },
  "disabled_until": {
    "trend": 0.0,
    "breakout": 0.0,
    "reversion": 0.0,
    "vwap": 0.0
  },
  "_snapshot_time": "2025-09-24T02:29:00.083808"
}