{
  "arms": [
    "trend",
    "breakout",
    "reversion",
    "vwap"
  ],
  "d": 6,
  "alpha": 0.6,
  "alpha_base": 0.6,
  "alpha_boost_until": 0.0,
  "A": {
    "trend": [
      [
        1.0069977221542752,
        0.004205328426045003,
        0.07654358417922547,
        0.01640512673255294,
        0.01640512673255294,
        0.0
      ],
      [
        0.004205328426045003,
        1.002527220541344,
        0.045999384268725234,
        0.009858771791779403,
        0.009858771791779403,
        0.0
      ],
      [
        0.07654358417922547,
        0.045999384268725234,
        1.8372610615045408,
        0.17944513533691905,
        0.17944513533691905,
        0.0
      ],
      [
        0.01640512673255294,
        0.009858771791779403,
        0.17944513533691905,
        1.0384593982409984,
        0.03845939824099909,
        0.0
      ],
      [
        0.01640512673255294,
        0.009858771791779403,
        0.17944513533691905,
        0.03845939824099909,
        1.0384593982409984,
        0.0
      ],
      [
        0.0,
        0.0,
        0.0,
        0.0,
        0.0,
        1.0
      ]
    ],
    "breakout": [
      [
        1.0,
        0.0,
        0.0,
        0.0,
        0.0,
        0.0
      ],
      [
        0.0,
        1.0,
        0.0,
        0.0,
        0.0,
        0.0
      ],
      [
        0.0,
        0.0,
        1.0,
        0.0,
        0.0,
        0.0
      ],
      [
        0.0,
        0.0,
        0.0,
        1.0,
        0.0,
        0.0
      ],
      [
        0.0,
        0.0,
        0.0,
        0.0,
        1.0,
        0.0
      ],
      [
        0.0,
        0.0,
        0.0,
        0.0,
        0.0,
        1.0
      ]
    ],
    "reversion": [
      [
        1.0807014566156274,
        0.00525880182063789,
        0.13554114981139417,
        0.2535511234515365,
        0.2535511234515365,
        0.0
      ],
      [
        0.00525880182063789,
        1.0004205188694857,
        0.010706212004588895,
        0.017594348355639063,
        0.017594348355639063,
        0.0
      ],
      [
        0.13554114981139417,
        0.010706212004588895,
        1.2896489010813443,
        0.4539577814082895,
        0.4539577814082895,
        0.0
      ],
      [
        0.2535511234515365,
        0.017594348355639063,
        0.4539577814082895,
        1.8149935354605695,
        0.8149935354605838,
        0.0
      ],
      [
        0.2535511234515365,
        0.017594348355639063,
        0.4539577814082895,
        0.8149935354605838,
        1.8149935354605695,
        0.0
      ],
      [
        0.0,
        0.0,
        0.0,
        0.0,
        0.0,
        1.0
      ]
    ],
    "vwap": [
      [
        1.0,
        0.0,
        0.0,
        0.0,
        0.0,
        0.0
      ],
      [
        0.0,
        1.0,
        0.0,
        0.0,
        0.0,
        0.0
      ],
      [
        0.0,
        0.0,
        1.0,
        0.0,
        0.0,
        0.0
      ],
      [
        0.0,
        0.0,
        0.0,
        1.0,
        0.0,
        0.0
      ],
      [
        0.0,
        0.0,
        0.0,
        0.0,
        1.0,
        0.0
      ],
      [
        0.0,
        0.0,
        0.0,
        0.0,
        0.0,
        1.0
      ]
    ]
  },
  "b": {
    "trend": [
      [
        0.016725501909320983
      ],
      [
        0.010051303419666176
      ],
      [
        0.1829495134432859
      ],
      [
        0.03921047055581421
      ],
      [
        0.03921047055581421
      ],
      [
        0.0
      ]
    ],
    "breakout": [
      [
        0.0
      ],
      [
        0.0
      ],
      [
        0.0
      ],
      [
        0.0
      ],
      [
        0.0
      ],
      [
        0.0
      ]
    ],
    "reversion": [
      [
        -0.002306804347036781
      ],
      [
        -0.016700787480640578
      ],
      [
        -0.4599890671049497
      ],
      [
        -0.2896715479249575
      ],
      [
        -0.2896715479249575
      ],
      [
        0.0
      ]
    ],
    "vwap": [
      [
        0.0
      ],
      [
        0.0
      ],
      [
        0.0
      ],
      [
        0.0
      ],
      [
        0.0
      ],
      [
        0.0
      ]
    ]
  },
  "counts": {
    "trend": 1,
    "breakout": 0,
    "reversion": 8,
    "vwap": 0
  },
  "reward_sum": {
    "trend": 0.03921047055581421,
    "breakout": 0.0,
    "reversion": -0.2896715479249575,
    "vwap": 0.0
  },
  "disabled_until": {
    "trend": 0.0,
    "breakout": 0.0,
    "reversion": 0.0,
    "vwap": 0.0
  },
  "_snapshot_time": "2025-09-25T04:38:00.240997"
}