{
  "arms": [
    "trend",
    "breakout",
    "reversion",
    "vwap"
  ],
  "d": 6,
  "alpha": 0.6,
  "alpha_base": 0.6,
  "alpha_boost_until": 0.0,
  "A": {
    "trend": [
      [
        1.0661022923650871,
        0.03972461938058242,
        0.7230504825053483,
        0.15496706780492206,
        0.15496706780492206,
        0.0
      ],
      [
        0.03972461938058242,
        1.0238727785144959,
        0.434522074542177,
        0.09312850681600202,
        0.09312850681600202,
        0.0
      ],
      [
        0.7230504825053483,
        0.434522074542177,
        8.908984417117427,
        1.695085134565879,
        1.695085134565879,
        0.0
      ],
      [
        0.15496706780492206,
        0.09312850681600202,
        1.695085134565879,
        1.3632974174544477,
        0.3632974174544486,
        0.0
      ],
      [
        0.15496706780492206,
        0.09312850681600202,
        1.695085134565879,
        0.3632974174544486,
        1.3632974174544477,
        0.0
      ],
      [
        0.0,
        0.0,
        0.0,
        0.0,
        0.0,
        1.0
      ]
    ],
    "breakout": [
      [
        1.0,
        0.0,
        0.0,
        0.0,
        0.0,
        0.0
      ],
      [
        0.0,
        1.0,
        0.0,
        0.0,
        0.0,
        0.0
      ],
      [
        0.0,
        0.0,
        1.0,
        0.0,
        0.0,
        0.0
      ],
      [
        0.0,
        0.0,
        0.0,
        1.0,
        0.0,
        0.0
      ],
      [
        0.0,
        0.0,
        0.0,
        0.0,
        1.0,
        0.0
      ],
      [
        0.0,
        0.0,
        0.0,
        0.0,
        0.0,
        1.0
      ]
    ],
    "reversion": [
      [
        1.1778178168071949,
        0.012317865337912395,
        0.32396529633326543,
        0.5343908394340736,
        0.5343908394340736,
        0.0
      ],
      [
        0.012317865337912395,
        1.0009717248855998,
        0.025317117871222376,
        0.037900428867597126,
        0.037900428867597126,
        0.0
      ],
      [
        0.32396529633326543,
        0.025317117871222376,
        1.6754054282182698,
        1.0066016460345553,
        1.0066016460345553,
        0.0
      ],
      [
        0.5343908394340736,
        0.037900428867597126,
        1.0066016460345553,
        2.621291934448721,
        1.6212919344487289,
        0.0
      ],
      [
        0.5343908394340736,
        0.037900428867597126,
        1.0066016460345553,
        1.6212919344487289,
        2.621291934448721,
        0.0
      ],
      [
        0.0,
        0.0,
        0.0,
        0.0,
        0.0,
        1.0
      ]
    ],
    "vwap": [
      [
        1.0,
        0.0,
        0.0,
        0.0,
        0.0,
        0.0
      ],
      [
        0.0,
        1.0,
        0.0,
        0.0,
        0.0,
        0.0
      ],
      [
        0.0,
        0.0,
        1.0,
        0.0,
        0.0,
        0.0
      ],
      [
        0.0,
        0.0,
        0.0,
        1.0,
        0.0,
        0.0
      ],
      [
        0.0,
        0.0,
        0.0,
        0.0,
        1.0,
        0.0
      ],
      [
        0.0,
        0.0,
        0.0,
        0.0,
        0.0,
        1.0
      ]
    ]
  },
  "b": {
    "trend": [
      [
        0.15799341454095256
      ],
      [
        0.09494721034202346
      ],
      [
        1.7281883960326638
      ],
      [
        0.3703922406907356
      ],
      [
        0.3703922406907356
      ],
      [
        0.0
      ]
    ],
    "breakout": [
      [
        0.0
      ],
      [
        0.0
      ],
      [
        0.0
      ],
      [
        0.0
      ],
      [
        0.0
      ],
      [
        0.0
      ]
    ],
    "reversion": [
      [
        -0.15253316659065683
      ],
      [
        -0.0045055593821656335
      ],
      [
        -0.0956550419597733
      ],
      [
        -0.38680875489228245
      ],
      [
        -0.38680875489228245
      ],
      [
        0.0
      ]
    ],
    "vwap": [
      [
        0.0
      ],
      [
        0.0
      ],
      [
        0.0
      ],
      [
        0.0
      ],
      [
        0.0
      ],
      [
        0.0
      ]
    ]
  },
  "counts": {
    "trend": 1,
    "breakout": 0,
    "reversion": 3,
    "vwap": 0
  },
  "reward_sum": {
    "trend": 0.3703922406907356,
    "breakout": 0.0,
    "reversion": -0.38680875489228245,
    "vwap": 0.0
  },
  "disabled_until": {
    "trend": 0.0,
    "breakout": 0.0,
    "reversion": 0.0,
    "vwap": 0.0
  },
  "_snapshot_time": "2025-09-19T05:02:00.165294"
}