{
  "arms": [
    "trend",
    "breakout",
    "reversion",
    "vwap"
  ],
  "d": 6,
  "alpha": 0.6,
  "alpha_base": 0.6,
  "alpha_boost_until": 0.0,
  "A": {
    "trend": [
      [
        1.0185045713828353,
        0.011120447244461977,
        0.20240961074415773,
        0.0433812363472501,
        0.0433812363472501,
        0.0
      ],
      [
        0.011120447244461977,
        1.0066829079343904,
        0.12163942365832704,
        0.026070247195599056,
        0.026070247195599056,
        0.0
      ],
      [
        0.20240961074415773,
        0.12163942365832704,
        3.2140286134702873,
        0.4745194568944216,
        0.4745194568944216,
        0.0
      ],
      [
        0.0433812363472501,
        0.026070247195599056,
        0.4745194568944216,
        1.1017009055806404,
        0.10170090558064004,
        0.0
      ],
      [
        0.0433812363472501,
        0.026070247195599056,
        0.4745194568944216,
        0.10170090558064004,
        1.1017009055806404,
        0.0
      ],
      [
        0.0,
        0.0,
        0.0,
        0.0,
        0.0,
        1.0
      ]
    ],
    "breakout": [
      [
        1.0,
        0.0,
        0.0,
        0.0,
        0.0,
        0.0
      ],
      [
        0.0,
        1.0,
        0.0,
        0.0,
        0.0,
        0.0
      ],
      [
        0.0,
        0.0,
        1.0,
        0.0,
        0.0,
        0.0
      ],
      [
        0.0,
        0.0,
        0.0,
        1.0,
        0.0,
        0.0
      ],
      [
        0.0,
        0.0,
        0.0,
        0.0,
        1.0,
        0.0
      ],
      [
        0.0,
        0.0,
        0.0,
        0.0,
        0.0,
        1.0
      ]
    ],
    "reversion": [
      [
        1.2134045667603965,
        0.0139062214150259,
        0.3584210442628569,
        0.6704831600438488,
        0.6704831600438488,
        0.0
      ],
      [
        0.0139062214150259,
        1.0011120077743385,
        0.028311193258460213,
        0.04652597915487434,
        0.04652597915487434,
        0.0
      ],
      [
        0.3584210442628569,
        0.028311193258460213,
        1.7659390652921636,
        1.2004326530357563,
        1.2004326530357563,
        0.0
      ],
      [
        0.6704831600438488,
        0.04652597915487434,
        1.2004326530357563,
        3.1551450201929896,
        2.155145020193005,
        0.0
      ],
      [
        0.6704831600438488,
        0.04652597915487434,
        1.2004326530357563,
        2.155145020193005,
        3.1551450201929896,
        0.0
      ],
      [
        0.0,
        0.0,
        0.0,
        0.0,
        0.0,
        1.0
      ]
    ],
    "vwap": [
      [
        1.0,
        0.0,
        0.0,
        0.0,
        0.0,
        0.0
      ],
      [
        0.0,
        1.0,
        0.0,
        0.0,
        0.0,
        0.0
      ],
      [
        0.0,
        0.0,
        1.0,
        0.0,
        0.0,
        0.0
      ],
      [
        0.0,
        0.0,
        0.0,
        1.0,
        0.0,
        0.0
      ],
      [
        0.0,
        0.0,
        0.0,
        0.0,
        1.0,
        0.0
      ],
      [
        0.0,
        0.0,
        0.0,
        0.0,
        0.0,
        1.0
      ]
    ]
  },
  "b": {
    "trend": [
      [
        0.04422842707547464
      ],
      [
        0.026579372189867063
      ],
      [
        0.48378633165624657
      ],
      [
        0.10368701919829447
      ],
      [
        0.10368701919829447
      ],
      [
        0.0
      ]
    ],
    "breakout": [
      [
        0.0
      ],
      [
        0.0
      ],
      [
        0.0
      ],
      [
        0.0
      ],
      [
        0.0
      ],
      [
        0.0
      ]
    ],
    "reversion": [
      [
        -0.006100045809892602
      ],
      [
        -0.044163072964576874
      ],
      [
        -1.2163816081733854
      ],
      [
        -0.7659989519417038
      ],
      [
        -0.7659989519417038
      ],
      [
        0.0
      ]
    ],
    "vwap": [
      [
        0.0
      ],
      [
        0.0
      ],
      [
        0.0
      ],
      [
        0.0
      ],
      [
        0.0
      ],
      [
        0.0
      ]
    ]
  },
  "counts": {
    "trend": 1,
    "breakout": 0,
    "reversion": 8,
    "vwap": 0
  },
  "reward_sum": {
    "trend": 0.10368701919829447,
    "breakout": 0.0,
    "reversion": -0.7659989519417038,
    "vwap": 0.0
  },
  "disabled_until": {
    "trend": 0.0,
    "breakout": 0.0,
    "reversion": 0.0,
    "vwap": 0.0
  },
  "_snapshot_time": "2025-09-23T09:58:00.389309"
}