{
  "arms": [
    "trend",
    "breakout",
    "reversion",
    "vwap"
  ],
  "d": 6,
  "alpha": 0.6,
  "alpha_base": 0.6,
  "alpha_boost_until": 0.0,
  "A": {
    "trend": [
      [
        1.143760311483529,
        0.08639373085846827,
        1.5725016313985585,
        0.3370248313671355,
        0.3370248313671355,
        0.0
      ],
      [
        0.08639373085846827,
        1.051918896492519,
        0.9450054838891625,
        0.20253735035270065,
        0.20253735035270065,
        0.0
      ],
      [
        1.5725016313985585,
        0.9450054838891625,
        18.200584467531765,
        3.686497974841714,
        3.686497974841714,
        0.0
      ],
      [
        0.3370248313671355,
        0.20253735035270065,
        3.686497974841714,
        1.7901049725470273,
        0.7901049725470279,
        0.0
      ],
      [
        0.3370248313671355,
        0.20253735035270065,
        3.686497974841714,
        0.7901049725470279,
        1.7901049725470273,
        0.0
      ],
      [
        0.0,
        0.0,
        0.0,
        0.0,
        0.0,
        1.0
      ]
    ],
    "breakout": [
      [
        1.0,
        0.0,
        0.0,
        0.0,
        0.0,
        0.0
      ],
      [
        0.0,
        1.0,
        0.0,
        0.0,
        0.0,
        0.0
      ],
      [
        0.0,
        0.0,
        1.0,
        0.0,
        0.0,
        0.0
      ],
      [
        0.0,
        0.0,
        0.0,
        1.0,
        0.0,
        0.0
      ],
      [
        0.0,
        0.0,
        0.0,
        0.0,
        1.0,
        0.0
      ],
      [
        0.0,
        0.0,
        0.0,
        0.0,
        0.0,
        1.0
      ]
    ],
    "reversion": [
      [
        1.1169284480215431,
        0.011854200444617522,
        0.33413671321942345,
        0.40194392703147913,
        0.40194392703147913,
        0.0
      ],
      [
        0.011854200444617522,
        1.001286573080221,
        0.03455430328660961,
        0.04034091727478146,
        0.04034091727478146,
        0.0
      ],
      [
        0.33413671321942345,
        0.03455430328660961,
        1.9602805084896064,
        1.1453309788813337,
        1.1453309788813337,
        0.0
      ],
      [
        0.40194392703147913,
        0.04034091727478146,
        1.1453309788813337,
        2.38365492882347,
        1.383654928823478,
        0.0
      ],
      [
        0.40194392703147913,
        0.04034091727478146,
        1.1453309788813337,
        1.383654928823478,
        2.38365492882347,
        0.0
      ],
      [
        0.0,
        0.0,
        0.0,
        0.0,
        0.0,
        1.0
      ]
    ],
    "vwap": [
      [
        1.0,
        0.0,
        0.0,
        0.0,
        0.0,
        0.0
      ],
      [
        0.0,
        1.0,
        0.0,
        0.0,
        0.0,
        0.0
      ],
      [
        0.0,
        0.0,
        1.0,
        0.0,
        0.0,
        0.0
      ],
      [
        0.0,
        0.0,
        0.0,
        1.0,
        0.0,
        0.0
      ],
      [
        0.0,
        0.0,
        0.0,
        0.0,
        1.0,
        0.0
      ],
      [
        0.0,
        0.0,
        0.0,
        0.0,
        0.0,
        1.0
      ]
    ]
  },
  "b": {
    "trend": [
      [
        0.3436065781396377
      ],
      [
        0.20649269556150188
      ],
      [
        3.758491471728353
      ],
      [
        0.8055349063946451
      ],
      [
        0.8055349063946451
      ],
      [
        0.0
      ]
    ],
    "breakout": [
      [
        0.0
      ],
      [
        0.0
      ],
      [
        0.0
      ],
      [
        0.0
      ],
      [
        0.0
      ],
      [
        0.0
      ]
    ],
    "reversion": [
      [
        0.16024710185846025
      ],
      [
        0.01743566655374973
      ],
      [
        0.46745998639118896
      ],
      [
        0.5451257661917019
      ],
      [
        0.5451257661917019
      ],
      [
        0.0
      ]
    ],
    "vwap": [
      [
        0.0
      ],
      [
        0.0
      ],
      [
        0.0
      ],
      [
        0.0
      ],
      [
        0.0
      ],
      [
        0.0
      ]
    ]
  },
  "counts": {
    "trend": 1,
    "breakout": 0,
    "reversion": 2,
    "vwap": 0
  },
  "reward_sum": {
    "trend": 0.8055349063946451,
    "breakout": 0.0,
    "reversion": 0.5451257661917019,
    "vwap": 0.0
  },
  "disabled_until": {
    "trend": 0.0,
    "breakout": 0.0,
    "reversion": 0.0,
    "vwap": 0.0
  },
  "_snapshot_time": "2025-09-18T01:04:00.358429"
}