{
  "arms": [
    "trend",
    "breakout",
    "reversion",
    "vwap"
  ],
  "d": 6,
  "alpha": 0.6,
  "alpha_base": 0.6,
  "alpha_boost_until": 0.0,
  "A": {
    "trend": [
      [
        1.0236563683300521,
        0.014216454440762449,
        0.2587618057313124,
        0.055458863888928706,
        0.055458863888928706,
        0.0
      ],
      [
        0.014216454440762449,
        1.0085434743848452,
        0.15550465611897005,
        0.033328379099160976,
        0.033328379099160976,
        0.0
      ],
      [
        0.2587618057313124,
        0.15550465611897005,
        3.8304290485816437,
        0.6066288605032866,
        0.6066288605032866,
        0.0
      ],
      [
        0.055458863888928706,
        0.033328379099160976,
        0.6066288605032866,
        1.1300151207040248,
        0.13001512070402377,
        0.0
      ],
      [
        0.055458863888928706,
        0.033328379099160976,
        0.6066288605032866,
        0.13001512070402377,
        1.1300151207040248,
        0.0
      ],
      [
        0.0,
        0.0,
        0.0,
        0.0,
        0.0,
        1.0
      ]
    ],
    "breakout": [
      [
        1.0,
        0.0,
        0.0,
        0.0,
        0.0,
        0.0
      ],
      [
        0.0,
        1.0,
        0.0,
        0.0,
        0.0,
        0.0
      ],
      [
        0.0,
        0.0,
        1.0,
        0.0,
        0.0,
        0.0
      ],
      [
        0.0,
        0.0,
        0.0,
        1.0,
        0.0,
        0.0
      ],
      [
        0.0,
        0.0,
        0.0,
        0.0,
        1.0,
        0.0
      ],
      [
        0.0,
        0.0,
        0.0,
        0.0,
        0.0,
        1.0
      ]
    ],
    "reversion": [
      [
        1.2728178313431333,
        0.01777780684929958,
        0.4582078700936217,
        0.8571501746756389,
        0.8571501746756389,
        0.0
      ],
      [
        0.01777780684929958,
        1.00142159820681,
        0.036193219595817894,
        0.059479124213869264,
        0.059479124213869264,
        0.0
      ],
      [
        0.4582078700936217,
        0.036193219595817894,
        1.9791816450142279,
        1.534641165586689,
        1.534641165586689,
        0.0
      ],
      [
        0.8571501746756389,
        0.059479124213869264,
        1.534641165586689,
        3.7551518674815765,
        2.7551518674815916,
        0.0
      ],
      [
        0.8571501746756389,
        0.059479124213869264,
        1.534641165586689,
        2.7551518674815916,
        3.7551518674815765,
        0.0
      ],
      [
        0.0,
        0.0,
        0.0,
        0.0,
        0.0,
        1.0
      ]
    ],
    "vwap": [
      [
        1.0,
        0.0,
        0.0,
        0.0,
        0.0,
        0.0
      ],
      [
        0.0,
        1.0,
        0.0,
        0.0,
        0.0,
        0.0
      ],
      [
        0.0,
        0.0,
        1.0,
        0.0,
        0.0,
        0.0
      ],
      [
        0.0,
        0.0,
        0.0,
        1.0,
        0.0,
        0.0
      ],
      [
        0.0,
        0.0,
        0.0,
        0.0,
        1.0,
        0.0
      ],
      [
        0.0,
        0.0,
        0.0,
        0.0,
        0.0,
        1.0
      ]
    ]
  },
  "b": {
    "trend": [
      [
        0.05654191820551103
      ],
      [
        0.03397924791104884
      ],
      [
        0.6184756954338999
      ],
      [
        0.13255418169130764
      ],
      [
        0.13255418169130764
      ],
      [
        0.0
      ]
    ],
    "breakout": [
      [
        0.0
      ],
      [
        0.0
      ],
      [
        0.0
      ],
      [
        0.0
      ],
      [
        0.0
      ],
      [
        0.0
      ]
    ],
    "reversion": [
      [
        -0.007798339530461725
      ],
      [
        -0.05645836907122981
      ],
      [
        -1.5550304169456923
      ],
      [
        -0.9792582045091902
      ],
      [
        -0.9792582045091902
      ],
      [
        0.0
      ]
    ],
    "vwap": [
      [
        0.0
      ],
      [
        0.0
      ],
      [
        0.0
      ],
      [
        0.0
      ],
      [
        0.0
      ],
      [
        0.0
      ]
    ]
  },
  "counts": {
    "trend": 1,
    "breakout": 0,
    "reversion": 8,
    "vwap": 0
  },
  "reward_sum": {
    "trend": 0.13255418169130764,
    "breakout": 0.0,
    "reversion": -0.9792582045091902,
    "vwap": 0.0
  },
  "disabled_until": {
    "trend": 0.0,
    "breakout": 0.0,
    "reversion": 0.0,
    "vwap": 0.0
  },
  "_snapshot_time": "2025-09-23T01:48:00.543669"
}