{
  "arms": [
    "trend",
    "breakout",
    "reversion",
    "vwap"
  ],
  "d": 6,
  "alpha": 0.6,
  "alpha_base": 0.6,
  "alpha_boost_until": 0.0,
  "A": {
    "trend": [
      [
        1.003739743258552,
        0.002247423988059962,
        0.04090664742165311,
        0.008767276086585648,
        0.008767276086585648,
        0.0
      ],
      [
        0.002247423988059962,
        1.001350604635907,
        0.024583126255075215,
        0.0052687538220390125,
        0.0052687538220390125,
        0.0
      ],
      [
        0.04090664742165311,
        0.024583126255075215,
        1.447451519419975,
        0.09589959709190672,
        0.09589959709190672,
        0.0
      ],
      [
        0.008767276086585648,
        0.0052687538220390125,
        0.09589959709190672,
        1.0205535847421214,
        0.020553584742122436,
        0.0
      ],
      [
        0.008767276086585648,
        0.0052687538220390125,
        0.09589959709190672,
        0.020553584742122436,
        1.0205535847421214,
        0.0
      ],
      [
        0.0,
        0.0,
        0.0,
        0.0,
        0.0,
        1.0
      ]
    ],
    "breakout": [
      [
        1.0,
        0.0,
        0.0,
        0.0,
        0.0,
        0.0
      ],
      [
        0.0,
        1.0,
        0.0,
        0.0,
        0.0,
        0.0
      ],
      [
        0.0,
        0.0,
        1.0,
        0.0,
        0.0,
        0.0
      ],
      [
        0.0,
        0.0,
        0.0,
        1.0,
        0.0,
        0.0
      ],
      [
        0.0,
        0.0,
        0.0,
        0.0,
        1.0,
        0.0
      ],
      [
        0.0,
        0.0,
        0.0,
        0.0,
        0.0,
        1.0
      ]
    ],
    "reversion": [
      [
        1.0998505886643866,
        0.009274503417962918,
        0.37620711714769334,
        0.32086922257359013,
        0.32086922257359013,
        0.0
      ],
      [
        0.009274503417962918,
        1.0009613875106602,
        0.04033965559062328,
        0.03052727261811859,
        0.03052727261811859,
        0.0
      ],
      [
        0.37620711714769334,
        0.04033965559062328,
        2.7816224653902264,
        1.2353209071448112,
        1.2353209071448112,
        0.0
      ],
      [
        0.32086922257359013,
        0.03052727261811859,
        1.2353209071448112,
        2.0413216791389623,
        1.0413216791389788,
        0.0
      ],
      [
        0.32086922257359013,
        0.03052727261811859,
        1.2353209071448112,
        1.0413216791389788,
        2.0413216791389623,
        0.0
      ],
      [
        0.0,
        0.0,
        0.0,
        0.0,
        0.0,
        1.0
      ]
    ],
    "vwap": [
      [
        1.0,
        0.0,
        0.0,
        0.0,
        0.0,
        0.0
      ],
      [
        0.0,
        1.0,
        0.0,
        0.0,
        0.0,
        0.0
      ],
      [
        0.0,
        0.0,
        1.0,
        0.0,
        0.0,
        0.0
      ],
      [
        0.0,
        0.0,
        0.0,
        1.0,
        0.0,
        0.0
      ],
      [
        0.0,
        0.0,
        0.0,
        0.0,
        1.0,
        0.0
      ],
      [
        0.0,
        0.0,
        0.0,
        0.0,
        0.0,
        1.0
      ]
    ]
  },
  "b": {
    "trend": [
      [
        0.008938491930986317
      ],
      [
        0.005371647140975319
      ],
      [
        0.09777241714817239
      ],
      [
        0.02095497501799939
      ],
      [
        0.02095497501799939
      ],
      [
        0.0
      ]
    ],
    "breakout": [
      [
        0.0
      ],
      [
        0.0
      ],
      [
        0.0
      ],
      [
        0.0
      ],
      [
        0.0
      ],
      [
        0.0
      ]
    ],
    "reversion": [
      [
        -0.21103901261404212
      ],
      [
        -0.032834997800810284
      ],
      [
        -1.3694339784968836
      ],
      [
        -0.8404485609319462
      ],
      [
        -0.8404485609319462
      ],
      [
        0.0
      ]
    ],
    "vwap": [
      [
        0.0
      ],
      [
        0.0
      ],
      [
        0.0
      ],
      [
        0.0
      ],
      [
        0.0
      ],
      [
        0.0
      ]
    ]
  },
  "counts": {
    "trend": 1,
    "breakout": 0,
    "reversion": 9,
    "vwap": 0
  },
  "reward_sum": {
    "trend": 0.02095497501799939,
    "breakout": 0.0,
    "reversion": -0.8404485609319462,
    "vwap": 0.0
  },
  "disabled_until": {
    "trend": 0.0,
    "breakout": 0.0,
    "reversion": 0.0,
    "vwap": 0.0
  },
  "_snapshot_time": "2025-09-26T04:36:00.208967"
}