{
  "arms": [
    "trend",
    "breakout",
    "reversion",
    "vwap"
  ],
  "d": 6,
  "alpha": 0.6,
  "alpha_base": 0.6,
  "alpha_boost_until": 0.0,
  "A": {
    "trend": [
      [
        1.0300912478454265,
        0.018083538778720425,
        0.32914881610544183,
        0.07054448912969852,
        0.07054448912969852,
        0.0
      ],
      [
        0.018083538778720425,
        1.0108674248552694,
        0.1978042057473907,
        0.042394187550974884,
        0.042394187550974884,
        0.0
      ],
      [
        0.32914881610544183,
        0.1978042057473907,
        4.600347306968749,
        0.7716408172594852,
        0.7716408172594852,
        0.0
      ],
      [
        0.07054448912969852,
        0.042394187550974884,
        0.7716408172594852,
        1.1653811424548945,
        0.16538114245489302,
        0.0
      ],
      [
        0.07054448912969852,
        0.042394187550974884,
        0.7716408172594852,
        0.16538114245489302,
        1.1653811424548945,
        0.0
      ],
      [
        0.0,
        0.0,
        0.0,
        0.0,
        0.0,
        1.0
      ]
    ],
    "breakout": [
      [
        1.0,
        0.0,
        0.0,
        0.0,
        0.0,
        0.0
      ],
      [
        0.0,
        1.0,
        0.0,
        0.0,
        0.0,
        0.0
      ],
      [
        0.0,
        0.0,
        1.0,
        0.0,
        0.0,
        0.0
      ],
      [
        0.0,
        0.0,
        0.0,
        1.0,
        0.0,
        0.0
      ],
      [
        0.0,
        0.0,
        0.0,
        0.0,
        1.0,
        0.0
      ],
      [
        0.0,
        0.0,
        0.0,
        0.0,
        0.0,
        1.0
      ]
    ],
    "reversion": [
      [
        1.347028287058285,
        0.022613631331179416,
        0.5828471382987469,
        1.0903076071126638,
        1.0903076071126638,
        0.0
      ],
      [
        0.022613631331179416,
        1.0018082937913757,
        0.04603830672513414,
        0.07565831928964054,
        0.07565831928964054,
        0.0
      ],
      [
        0.5828471382987469,
        0.04603830672513414,
        2.2455334290844795,
        1.9520860946689917,
        1.9520860946689917,
        0.0
      ],
      [
        1.0903076071126638,
        0.07565831928964054,
        1.9520860946689917,
        4.504593627368251,
        3.504593627368266,
        0.0
      ],
      [
        1.0903076071126638,
        0.07565831928964054,
        1.9520860946689917,
        3.504593627368266,
        4.504593627368251,
        0.0
      ],
      [
        0.0,
        0.0,
        0.0,
        0.0,
        0.0,
        1.0
      ]
    ],
    "vwap": [
      [
        1.0,
        0.0,
        0.0,
        0.0,
        0.0,
        0.0
      ],
      [
        0.0,
        1.0,
        0.0,
        0.0,
        0.0,
        0.0
      ],
      [
        0.0,
        0.0,
        1.0,
        0.0,
        0.0,
        0.0
      ],
      [
        0.0,
        0.0,
        0.0,
        1.0,
        0.0,
        0.0
      ],
      [
        0.0,
        0.0,
        0.0,
        0.0,
        1.0,
        0.0
      ],
      [
        0.0,
        0.0,
        0.0,
        0.0,
        0.0,
        1.0
      ]
    ]
  },
  "b": {
    "trend": [
      [
        0.07192215012210601
      ],
      [
        0.043222102235939225
      ],
      [
        0.7867101652298611
      ],
      [
        0.16861086530994138
      ],
      [
        0.16861086530994138
      ],
      [
        0.0
      ]
    ],
    "breakout": [
      [
        0.0
      ],
      [
        0.0
      ],
      [
        0.0
      ],
      [
        0.0
      ],
      [
        0.0
      ],
      [
        0.0
      ]
    ],
    "reversion": [
      [
        -0.00991960238020992
      ],
      [
        -0.07181587439660787
      ],
      [
        -1.9780215217584947
      ],
      [
        -1.2456308138861354
      ],
      [
        -1.2456308138861354
      ],
      [
        0.0
      ]
    ],
    "vwap": [
      [
        0.0
      ],
      [
        0.0
      ],
      [
        0.0
      ],
      [
        0.0
      ],
      [
        0.0
      ],
      [
        0.0
      ]
    ]
  },
  "counts": {
    "trend": 1,
    "breakout": 0,
    "reversion": 8,
    "vwap": 0
  },
  "reward_sum": {
    "trend": 0.16861086530994138,
    "breakout": 0.0,
    "reversion": -1.2456308138861354,
    "vwap": 0.0
  },
  "disabled_until": {
    "trend": 0.0,
    "breakout": 0.0,
    "reversion": 0.0,
    "vwap": 0.0
  },
  "_snapshot_time": "2025-09-22T13:42:00.359392"
}