{
  "arms": [
    "trend",
    "breakout",
    "reversion",
    "vwap"
  ],
  "d": 6,
  "alpha": 0.6,
  "alpha_base": 0.6,
  "alpha_boost_until": 0.0,
  "A": {
    "trend": [
      [
        1.0043032395926623,
        0.002586060918701381,
        0.047070371578418535,
        0.010088310070302323,
        0.010088310070302323,
        0.0
      ],
      [
        0.002586060918701381,
        1.0015541107882147,
        0.02828725794754474,
        0.006062638123390048,
        0.006062638123390048,
        0.0
      ],
      [
        0.047070371578418535,
        0.02828725794754474,
        1.5148725356377573,
        0.11034953861673019,
        0.11034953861673019,
        0.0
      ],
      [
        0.010088310070302323,
        0.006062638123390048,
        0.11034953861673019,
        1.0236505539333938,
        0.023650553933395897,
        0.0
      ],
      [
        0.010088310070302323,
        0.006062638123390048,
        0.11034953861673019,
        0.023650553933395897,
        1.0236505539333938,
        0.0
      ],
      [
        0.0,
        0.0,
        0.0,
        0.0,
        0.0,
        1.0
      ]
    ],
    "breakout": [
      [
        1.0,
        0.0,
        0.0,
        0.0,
        0.0,
        0.0
      ],
      [
        0.0,
        1.0,
        0.0,
        0.0,
        0.0,
        0.0
      ],
      [
        0.0,
        0.0,
        1.0,
        0.0,
        0.0,
        0.0
      ],
      [
        0.0,
        0.0,
        0.0,
        1.0,
        0.0,
        0.0
      ],
      [
        0.0,
        0.0,
        0.0,
        0.0,
        1.0,
        0.0
      ],
      [
        0.0,
        0.0,
        0.0,
        0.0,
        0.0,
        1.0
      ]
    ],
    "reversion": [
      [
        1.1148958569571912,
        0.010671965306493102,
        0.4328931826667879,
        0.3692170951810262,
        0.3692170951810262,
        0.0
      ],
      [
        0.010671965306493102,
        1.0011062472778858,
        0.046417946658492824,
        0.035127055282704836,
        0.035127055282704836,
        0.0
      ],
      [
        0.4328931826667879,
        0.046417946658492824,
        3.0500734414618833,
        1.4214563593670697,
        1.4214563593670697,
        0.0
      ],
      [
        0.3692170951810262,
        0.035127055282704836,
        1.4214563593670697,
        2.1982257520274944,
        1.1982257520275095,
        0.0
      ],
      [
        0.3692170951810262,
        0.035127055282704836,
        1.4214563593670697,
        1.1982257520275095,
        2.1982257520274944,
        0.0
      ],
      [
        0.0,
        0.0,
        0.0,
        0.0,
        0.0,
        1.0
      ]
    ],
    "vwap": [
      [
        1.0,
        0.0,
        0.0,
        0.0,
        0.0,
        0.0
      ],
      [
        0.0,
        1.0,
        0.0,
        0.0,
        0.0,
        0.0
      ],
      [
        0.0,
        0.0,
        1.0,
        0.0,
        0.0,
        0.0
      ],
      [
        0.0,
        0.0,
        0.0,
        1.0,
        0.0,
        0.0
      ],
      [
        0.0,
        0.0,
        0.0,
        0.0,
        1.0,
        0.0
      ],
      [
        0.0,
        0.0,
        0.0,
        0.0,
        0.0,
        1.0
      ]
    ]
  },
  "b": {
    "trend": [
      [
        0.010285324343630099
      ],
      [
        0.0061810351825610475
      ],
      [
        0.11250455110258052
      ],
      [
        0.024112424818065147
      ],
      [
        0.024112424818065147
      ],
      [
        0.0
      ]
    ],
    "breakout": [
      [
        0.0
      ],
      [
        0.0
      ],
      [
        0.0
      ],
      [
        0.0
      ],
      [
        0.0
      ],
      [
        0.0
      ]
    ],
    "reversion": [
      [
        -0.2428379094207394
      ],
      [
        -0.0377825034481459
      ],
      [
        -1.5757772949596425
      ],
      [
        -0.9670855117467643
      ],
      [
        -0.9670855117467643
      ],
      [
        0.0
      ]
    ],
    "vwap": [
      [
        0.0
      ],
      [
        0.0
      ],
      [
        0.0
      ],
      [
        0.0
      ],
      [
        0.0
      ],
      [
        0.0
      ]
    ]
  },
  "counts": {
    "trend": 1,
    "breakout": 0,
    "reversion": 9,
    "vwap": 0
  },
  "reward_sum": {
    "trend": 0.024112424818065147,
    "breakout": 0.0,
    "reversion": -0.9670855117467643,
    "vwap": 0.0
  },
  "disabled_until": {
    "trend": 0.0,
    "breakout": 0.0,
    "reversion": 0.0,
    "vwap": 0.0
  },
  "_snapshot_time": "2025-09-25T23:57:00.639842"
}