{
  "arms": [
    "trend",
    "breakout",
    "reversion",
    "vwap"
  ],
  "d": 6,
  "alpha": 0.6,
  "alpha_base": 0.6,
  "alpha_boost_until": 0.0,
  "A": {
    "trend": [
      [
        1.0063939928777637,
        0.003842513236733488,
        0.06993977772915812,
        0.014989772553724084,
        0.014989772553724084,
        0.0
      ],
      [
        0.003842513236733488,
        1.002309184301068,
        0.04203078214759043,
        0.009008205131667807,
        0.009008205131667807,
        0.0
      ],
      [
        0.06993977772915812,
        0.04203078214759043,
        1.7650262679860194,
        0.16396348583124068,
        0.16396348583124068,
        0.0
      ],
      [
        0.014989772553724084,
        0.009008205131667807,
        0.16396348583124068,
        1.0351413092738686,
        0.03514130927386981,
        0.0
      ],
      [
        0.014989772553724084,
        0.009008205131667807,
        0.16396348583124068,
        0.03514130927386981,
        1.0351413092738686,
        0.0
      ],
      [
        0.0,
        0.0,
        0.0,
        0.0,
        0.0,
        1.0
      ]
    ],
    "breakout": [
      [
        1.0,
        0.0,
        0.0,
        0.0,
        0.0,
        0.0
      ],
      [
        0.0,
        1.0,
        0.0,
        0.0,
        0.0,
        0.0
      ],
      [
        0.0,
        0.0,
        1.0,
        0.0,
        0.0,
        0.0
      ],
      [
        0.0,
        0.0,
        0.0,
        1.0,
        0.0,
        0.0
      ],
      [
        0.0,
        0.0,
        0.0,
        0.0,
        1.0,
        0.0
      ],
      [
        0.0,
        0.0,
        0.0,
        0.0,
        0.0,
        1.0
      ]
    ],
    "reversion": [
      [
        1.0737389292471646,
        0.004805098094125173,
        0.12384732166143195,
        0.23167597137412016,
        0.23167597137412016,
        0.0
      ],
      [
        0.004805098094125173,
        1.0003842385560868,
        0.009782532343519649,
        0.01607639394572216,
        0.01607639394572216,
        0.0
      ],
      [
        0.12384732166143195,
        0.009782532343519649,
        1.2646594091242243,
        0.414792522071819,
        0.414792522071819,
        0.0
      ],
      [
        0.23167597137412016,
        0.01607639394572216,
        0.414792522071819,
        1.7446798752897097,
        0.7446798752897222,
        0.0
      ],
      [
        0.23167597137412016,
        0.01607639394572216,
        0.414792522071819,
        0.7446798752897222,
        1.7446798752897097,
        0.0
      ],
      [
        0.0,
        0.0,
        0.0,
        0.0,
        0.0,
        1.0
      ]
    ],
    "vwap": [
      [
        1.0,
        0.0,
        0.0,
        0.0,
        0.0,
        0.0
      ],
      [
        0.0,
        1.0,
        0.0,
        0.0,
        0.0,
        0.0
      ],
      [
        0.0,
        0.0,
        1.0,
        0.0,
        0.0,
        0.0
      ],
      [
        0.0,
        0.0,
        0.0,
        1.0,
        0.0,
        0.0
      ],
      [
        0.0,
        0.0,
        0.0,
        0.0,
        1.0,
        0.0
      ],
      [
        0.0,
        0.0,
        0.0,
        0.0,
        0.0,
        1.0
      ]
    ]
  },
  "b": {
    "trend": [
      [
        0.015282507325597716
      ],
      [
        0.009184126071412464
      ],
      [
        0.16716552331702583
      ],
      [
        0.03582758273911148
      ],
      [
        0.03582758273911148
      ],
      [
        0.0
      ]
    ],
    "breakout": [
      [
        0.0
      ],
      [
        0.0
      ],
      [
        0.0
      ],
      [
        0.0
      ],
      [
        0.0
      ],
      [
        0.0
      ]
    ],
    "reversion": [
      [
        -0.002107784539049537
      ],
      [
        -0.015259925137068855
      ],
      [
        -0.4203034579075091
      ],
      [
        -0.26468010210882326
      ],
      [
        -0.26468010210882326
      ],
      [
        0.0
      ]
    ],
    "vwap": [
      [
        0.0
      ],
      [
        0.0
      ],
      [
        0.0
      ],
      [
        0.0
      ],
      [
        0.0
      ],
      [
        0.0
      ]
    ]
  },
  "counts": {
    "trend": 1,
    "breakout": 0,
    "reversion": 8,
    "vwap": 0
  },
  "reward_sum": {
    "trend": 0.03582758273911148,
    "breakout": 0.0,
    "reversion": -0.26468010210882326,
    "vwap": 0.0
  },
  "disabled_until": {
    "trend": 0.0,
    "breakout": 0.0,
    "reversion": 0.0,
    "vwap": 0.0
  },
  "_snapshot_time": "2025-09-25T07:38:00.084174"
}