{
  "arms": [
    "trend",
    "breakout",
    "reversion",
    "vwap"
  ],
  "d": 6,
  "alpha": 0.6,
  "alpha_base": 0.6,
  "alpha_boost_until": 0.0,
  "A": {
    "trend": [
      [
        1.0101912073735342,
        0.006124474953246926,
        0.11147506606952397,
        0.02389178147326152,
        0.02389178147326152,
        0.0
      ],
      [
        0.006124474953246926,
        1.0036805446183312,
        0.0669916944117348,
        0.01435792756032514,
        0.01435792756032514,
        0.0
      ],
      [
        0.11147506606952397,
        0.0669916944117348,
        2.219354086295719,
        0.26133683877017716,
        0.26133683877017716,
        0.0
      ],
      [
        0.02389178147326152,
        0.01435792756032514,
        0.26133683877017716,
        1.0560107552563904,
        0.05601075525639029,
        0.0
      ],
      [
        0.02389178147326152,
        0.01435792756032514,
        0.26133683877017716,
        0.05601075525639029,
        1.0560107552563904,
        0.0
      ],
      [
        0.0,
        0.0,
        0.0,
        0.0,
        0.0,
        1.0
      ]
    ],
    "breakout": [
      [
        1.0,
        0.0,
        0.0,
        0.0,
        0.0,
        0.0
      ],
      [
        0.0,
        1.0,
        0.0,
        0.0,
        0.0,
        0.0
      ],
      [
        0.0,
        0.0,
        1.0,
        0.0,
        0.0,
        0.0
      ],
      [
        0.0,
        0.0,
        0.0,
        1.0,
        0.0,
        0.0
      ],
      [
        0.0,
        0.0,
        0.0,
        0.0,
        1.0,
        0.0
      ],
      [
        0.0,
        0.0,
        0.0,
        0.0,
        0.0,
        1.0
      ]
    ],
    "reversion": [
      [
        1.1175304279855713,
        0.007658712179318722,
        0.1973968006905175,
        0.36926188578497915,
        0.36926188578497915,
        0.0
      ],
      [
        0.007658712179318722,
        1.0006124271454233,
        0.015592106162305854,
        0.025623717081273114,
        0.025623717081273114,
        0.0
      ],
      [
        0.1973968006905175,
        0.015592106162305854,
        1.4218332696494143,
        0.6611262618271566,
        0.6611262618271566,
        0.0
      ],
      [
        0.36926188578497915,
        0.025623717081273114,
        0.6611262618271566,
        2.1869245369928736,
        1.186924536992891,
        0.0
      ],
      [
        0.36926188578497915,
        0.025623717081273114,
        0.6611262618271566,
        1.186924536992891,
        2.1869245369928736,
        0.0
      ],
      [
        0.0,
        0.0,
        0.0,
        0.0,
        0.0,
        1.0
      ]
    ],
    "vwap": [
      [
        1.0,
        0.0,
        0.0,
        0.0,
        0.0,
        0.0
      ],
      [
        0.0,
        1.0,
        0.0,
        0.0,
        0.0,
        0.0
      ],
      [
        0.0,
        0.0,
        1.0,
        0.0,
        0.0,
        0.0
      ],
      [
        0.0,
        0.0,
        0.0,
        1.0,
        0.0,
        0.0
      ],
      [
        0.0,
        0.0,
        0.0,
        0.0,
        1.0,
        0.0
      ],
      [
        0.0,
        0.0,
        0.0,
        0.0,
        0.0,
        1.0
      ]
    ]
  },
  "b": {
    "trend": [
      [
        0.024358363282569424
      ],
      [
        0.014638323052243798
      ],
      [
        0.2664404772413669
      ],
      [
        0.057104587441214154
      ],
      [
        0.057104587441214154
      ],
      [
        0.0
      ]
    ],
    "breakout": [
      [
        0.0
      ],
      [
        0.0
      ],
      [
        0.0
      ],
      [
        0.0
      ],
      [
        0.0
      ],
      [
        0.0
      ]
    ],
    "reversion": [
      [
        -0.003359539140384065
      ],
      [
        -0.024322370160486613
      ],
      [
        -0.6699099891470731
      ],
      [
        -0.42186625162190905
      ],
      [
        -0.42186625162190905
      ],
      [
        0.0
      ]
    ],
    "vwap": [
      [
        0.0
      ],
      [
        0.0
      ],
      [
        0.0
      ],
      [
        0.0
      ],
      [
        0.0
      ],
      [
        0.0
      ]
    ]
  },
  "counts": {
    "trend": 1,
    "breakout": 0,
    "reversion": 8,
    "vwap": 0
  },
  "reward_sum": {
    "trend": 0.057104587441214154,
    "breakout": 0.0,
    "reversion": -0.42186625162190905,
    "vwap": 0.0
  },
  "disabled_until": {
    "trend": 0.0,
    "breakout": 0.0,
    "reversion": 0.0,
    "vwap": 0.0
  },
  "_snapshot_time": "2025-09-24T09:27:00.892605"
}