{
  "arms": [
    "trend",
    "breakout",
    "reversion",
    "vwap"
  ],
  "d": 6,
  "alpha": 0.6,
  "alpha_base": 0.6,
  "alpha_boost_until": 0.0,
  "A": {
    "trend": [
      [
        1.0246242735785924,
        0.014798123641920725,
        0.2693490990298751,
        0.05772797488209759,
        0.05772797488209759,
        0.0
      ],
      [
        0.014798123641920725,
        1.008893032422769,
        0.16186716158599865,
        0.034692016687371714,
        0.034692016687371714,
        0.0
      ],
      [
        0.2693490990298751,
        0.16186716158599865,
        3.946236643962323,
        0.6314492069658169,
        0.6314492069658169,
        0.0
      ],
      [
        0.05772797488209759,
        0.034692016687371714,
        0.6314492069658169,
        1.1353347165085572,
        0.1353347165085562,
        0.0
      ],
      [
        0.05772797488209759,
        0.034692016687371714,
        0.6314492069658169,
        0.1353347165085562,
        1.1353347165085572,
        0.0
      ],
      [
        0.0,
        0.0,
        0.0,
        0.0,
        0.0,
        1.0
      ]
    ],
    "breakout": [
      [
        1.0,
        0.0,
        0.0,
        0.0,
        0.0,
        0.0
      ],
      [
        0.0,
        1.0,
        0.0,
        0.0,
        0.0,
        0.0
      ],
      [
        0.0,
        0.0,
        1.0,
        0.0,
        0.0,
        0.0
      ],
      [
        0.0,
        0.0,
        0.0,
        1.0,
        0.0,
        0.0
      ],
      [
        0.0,
        0.0,
        0.0,
        0.0,
        1.0,
        0.0
      ],
      [
        0.0,
        0.0,
        0.0,
        0.0,
        0.0,
        1.0
      ]
    ],
    "reversion": [
      [
        1.283980229863828,
        0.01850518952769288,
        0.4769555407503496,
        0.8922206530043774,
        0.8922206530043774,
        0.0
      ],
      [
        0.01850518952769288,
        1.0014797631942032,
        0.03767407273099077,
        0.06191272499747081,
        0.06191272499747081,
        0.0
      ],
      [
        0.4769555407503496,
        0.03767407273099077,
        2.0192450664261936,
        1.5974313292362086,
        1.5974313292362086,
        0.0
      ],
      [
        0.8922206530043774,
        0.06191272499747081,
        1.5974313292362086,
        3.8678794812832775,
        2.867879481283292,
        0.0
      ],
      [
        0.8922206530043774,
        0.06191272499747081,
        1.5974313292362086,
        2.867879481283292,
        3.8678794812832775,
        0.0
      ],
      [
        0.0,
        0.0,
        0.0,
        0.0,
        0.0,
        1.0
      ]
    ],
    "vwap": [
      [
        1.0,
        0.0,
        0.0,
        0.0,
        0.0,
        0.0
      ],
      [
        0.0,
        1.0,
        0.0,
        0.0,
        0.0,
        0.0
      ],
      [
        0.0,
        0.0,
        1.0,
        0.0,
        0.0,
        0.0
      ],
      [
        0.0,
        0.0,
        0.0,
        1.0,
        0.0,
        0.0
      ],
      [
        0.0,
        0.0,
        0.0,
        0.0,
        1.0,
        0.0
      ],
      [
        0.0,
        0.0,
        0.0,
        0.0,
        0.0,
        1.0
      ]
    ]
  },
  "b": {
    "trend": [
      [
        0.05885534259213273
      ],
      [
        0.03536951593256819
      ],
      [
        0.6437807576206678
      ],
      [
        0.13797766370616904
      ],
      [
        0.13797766370616904
      ],
      [
        0.0
      ]
    ],
    "breakout": [
      [
        0.0
      ],
      [
        0.0
      ],
      [
        0.0
      ],
      [
        0.0
      ],
      [
        0.0
      ],
      [
        0.0
      ]
    ],
    "reversion": [
      [
        -0.00811741022027019
      ],
      [
        -0.058768375027581345
      ],
      [
        -1.6186548110708647
      ],
      [
        -1.0193247583688738
      ],
      [
        -1.0193247583688738
      ],
      [
        0.0
      ]
    ],
    "vwap": [
      [
        0.0
      ],
      [
        0.0
      ],
      [
        0.0
      ],
      [
        0.0
      ],
      [
        0.0
      ],
      [
        0.0
      ]
    ]
  },
  "counts": {
    "trend": 1,
    "breakout": 0,
    "reversion": 8,
    "vwap": 0
  },
  "reward_sum": {
    "trend": 0.13797766370616904,
    "breakout": 0.0,
    "reversion": -1.0193247583688738,
    "vwap": 0.0
  },
  "disabled_until": {
    "trend": 0.0,
    "breakout": 0.0,
    "reversion": 0.0,
    "vwap": 0.0
  },
  "_snapshot_time": "2025-09-23T00:19:00.890362"
}