{
  "arms": [
    "trend",
    "breakout",
    "reversion",
    "vwap"
  ],
  "d": 6,
  "alpha": 0.6,
  "alpha_base": 0.6,
  "alpha_boost_until": 0.0,
  "A": {
    "trend": [
      [
        1.003815482491362,
        0.0022929399919368165,
        0.04173511020060579,
        0.00894483553885925,
        0.00894483553885925,
        0.0
      ],
      [
        0.0022929399919368165,
        1.0013779577860784,
        0.025080996561646557,
        0.005375459375002845,
        0.005375459375002845,
        0.0
      ],
      [
        0.04173511020060579,
        0.025080996561646557,
        1.4565135411839258,
        0.09784180579672344,
        0.09784180579672344,
        0.0
      ],
      [
        0.00894483553885925,
        0.005375459375002845,
        0.09784180579672344,
        1.0209698466703445,
        0.020969846670345987,
        0.0
      ],
      [
        0.00894483553885925,
        0.005375459375002845,
        0.09784180579672344,
        0.020969846670345987,
        1.0209698466703445,
        0.0
      ],
      [
        0.0,
        0.0,
        0.0,
        0.0,
        0.0,
        1.0
      ]
    ],
    "breakout": [
      [
        1.0,
        0.0,
        0.0,
        0.0,
        0.0,
        0.0
      ],
      [
        0.0,
        1.0,
        0.0,
        0.0,
        0.0,
        0.0
      ],
      [
        0.0,
        0.0,
        1.0,
        0.0,
        0.0,
        0.0
      ],
      [
        0.0,
        0.0,
        0.0,
        1.0,
        0.0,
        0.0
      ],
      [
        0.0,
        0.0,
        0.0,
        0.0,
        1.0,
        0.0
      ],
      [
        0.0,
        0.0,
        0.0,
        0.0,
        0.0,
        1.0
      ]
    ],
    "reversion": [
      [
        1.1018728149131491,
        0.009462335502950274,
        0.3838262600835913,
        0.32736763357935234,
        0.32736763357935234,
        0.0
      ],
      [
        0.009462335502950274,
        1.0009808580324198,
        0.04115663535501511,
        0.031145526879983752,
        0.031145526879983752,
        0.0
      ],
      [
        0.3838262600835913,
        0.04115663535501511,
        2.8177048136576732,
        1.2603392710572208,
        1.2603392710572208,
        0.0
      ],
      [
        0.32736763357935234,
        0.031145526879983752,
        1.2603392710572208,
        2.0624110694082445,
        1.0624110694082607,
        0.0
      ],
      [
        0.32736763357935234,
        0.031145526879983752,
        1.2603392710572208,
        1.0624110694082607,
        2.0624110694082445,
        0.0
      ],
      [
        0.0,
        0.0,
        0.0,
        0.0,
        0.0,
        1.0
      ]
    ],
    "vwap": [
      [
        1.0,
        0.0,
        0.0,
        0.0,
        0.0,
        0.0
      ],
      [
        0.0,
        1.0,
        0.0,
        0.0,
        0.0,
        0.0
      ],
      [
        0.0,
        0.0,
        1.0,
        0.0,
        0.0,
        0.0
      ],
      [
        0.0,
        0.0,
        0.0,
        1.0,
        0.0,
        0.0
      ],
      [
        0.0,
        0.0,
        0.0,
        0.0,
        1.0,
        0.0
      ],
      [
        0.0,
        0.0,
        0.0,
        0.0,
        0.0,
        1.0
      ]
    ]
  },
  "b": {
    "trend": [
      [
        0.009119518935924182
      ],
      [
        0.005480436543149843
      ],
      [
        0.0997525551824768
      ],
      [
        0.021379366111636322
      ],
      [
        0.021379366111636322
      ],
      [
        0.0
      ]
    ],
    "breakout": [
      [
        0.0
      ],
      [
        0.0
      ],
      [
        0.0
      ],
      [
        0.0
      ],
      [
        0.0
      ],
      [
        0.0
      ]
    ],
    "reversion": [
      [
        -0.21531308487069722
      ],
      [
        -0.03349998931782631
      ],
      [
        -1.3971684703442213
      ],
      [
        -0.8574697639452222
      ],
      [
        -0.8574697639452222
      ],
      [
        0.0
      ]
    ],
    "vwap": [
      [
        0.0
      ],
      [
        0.0
      ],
      [
        0.0
      ],
      [
        0.0
      ],
      [
        0.0
      ],
      [
        0.0
      ]
    ]
  },
  "counts": {
    "trend": 1,
    "breakout": 0,
    "reversion": 9,
    "vwap": 0
  },
  "reward_sum": {
    "trend": 0.021379366111636322,
    "breakout": 0.0,
    "reversion": -0.8574697639452222,
    "vwap": 0.0
  },
  "disabled_until": {
    "trend": 0.0,
    "breakout": 0.0,
    "reversion": 0.0,
    "vwap": 0.0
  },
  "_snapshot_time": "2025-09-26T03:57:00.709430"
}