{
  "arms": [
    "trend",
    "breakout",
    "reversion",
    "vwap"
  ],
  "d": 6,
  "alpha": 0.6,
  "alpha_base": 0.6,
  "alpha_boost_until": 0.0,
  "A": {
    "trend": [
      [
        1.0845056144937195,
        0.05078422020138832,
        0.9243525927455544,
        0.1981109402199954,
        0.1981109402199954,
        0.0
      ],
      [
        0.05078422020138832,
        1.0305191203793314,
        0.5554959382870853,
        0.1190561085522224,
        0.1190561085522224,
        0.0
      ],
      [
        0.9243525927455544,
        0.5554959382870853,
        11.110898794528604,
        2.1670082199949676,
        2.1670082199949676,
        0.0
      ],
      [
        0.1981109402199954,
        0.1190561085522224,
        2.1670082199949676,
        1.4644418583308236,
        0.46444185833082485,
        0.0
      ],
      [
        0.1981109402199954,
        0.1190561085522224,
        2.1670082199949676,
        0.46444185833082485,
        1.4644418583308236,
        0.0
      ],
      [
        0.0,
        0.0,
        0.0,
        0.0,
        0.0,
        1.0
      ]
    ],
    "breakout": [
      [
        1.0,
        0.0,
        0.0,
        0.0,
        0.0,
        0.0
      ],
      [
        0.0,
        1.0,
        0.0,
        0.0,
        0.0,
        0.0
      ],
      [
        0.0,
        0.0,
        1.0,
        0.0,
        0.0,
        0.0
      ],
      [
        0.0,
        0.0,
        0.0,
        1.0,
        0.0,
        0.0
      ],
      [
        0.0,
        0.0,
        0.0,
        0.0,
        1.0,
        0.0
      ],
      [
        0.0,
        0.0,
        0.0,
        0.0,
        0.0,
        1.0
      ]
    ],
    "reversion": [
      [
        1.0687332285934104,
        0.006968171413699789,
        0.1964132380079991,
        0.23627187639826977,
        0.23627187639826977,
        0.0
      ],
      [
        0.006968171413699789,
        1.0007562772201395,
        0.020311813479701495,
        0.023713318149955562,
        0.023713318149955562,
        0.0
      ],
      [
        0.1964132380079991,
        0.020311813479701495,
        1.5644749487451635,
        0.6732518674331566,
        0.6732518674331566,
        0.0
      ],
      [
        0.23627187639826977,
        0.023713318149955562,
        0.6732518674331566,
        1.8133441615482613,
        0.8133441615482708,
        0.0
      ],
      [
        0.23627187639826977,
        0.023713318149955562,
        0.6732518674331566,
        0.8133441615482708,
        1.8133441615482613,
        0.0
      ],
      [
        0.0,
        0.0,
        0.0,
        0.0,
        0.0,
        1.0
      ]
    ],
    "vwap": [
      [
        1.0,
        0.0,
        0.0,
        0.0,
        0.0,
        0.0
      ],
      [
        0.0,
        1.0,
        0.0,
        0.0,
        0.0,
        0.0
      ],
      [
        0.0,
        0.0,
        1.0,
        0.0,
        0.0,
        0.0
      ],
      [
        0.0,
        0.0,
        0.0,
        1.0,
        0.0,
        0.0
      ],
      [
        0.0,
        0.0,
        0.0,
        0.0,
        1.0,
        0.0
      ],
      [
        0.0,
        0.0,
        0.0,
        0.0,
        0.0,
        1.0
      ]
    ]
  },
  "b": {
    "trend": [
      [
        0.20197984221187829
      ],
      [
        0.12138115135405879
      ],
      [
        2.2093276517711997
      ],
      [
        0.47351192800398195
      ],
      [
        0.47351192800398195
      ],
      [
        0.0
      ]
    ],
    "breakout": [
      [
        0.0
      ],
      [
        0.0
      ],
      [
        0.0
      ],
      [
        0.0
      ],
      [
        0.0
      ],
      [
        0.0
      ]
    ],
    "reversion": [
      [
        0.09419692871866142
      ],
      [
        0.01024908544665329
      ],
      [
        0.2747837215540413
      ],
      [
        0.32043745156789216
      ],
      [
        0.32043745156789216
      ],
      [
        0.0
      ]
    ],
    "vwap": [
      [
        0.0
      ],
      [
        0.0
      ],
      [
        0.0
      ],
      [
        0.0
      ],
      [
        0.0
      ],
      [
        0.0
      ]
    ]
  },
  "counts": {
    "trend": 1,
    "breakout": 0,
    "reversion": 2,
    "vwap": 0
  },
  "reward_sum": {
    "trend": 0.47351192800398195,
    "breakout": 0.0,
    "reversion": 0.32043745156789216,
    "vwap": 0.0
  },
  "disabled_until": {
    "trend": 0.0,
    "breakout": 0.0,
    "reversion": 0.0,
    "vwap": 0.0
  },
  "_snapshot_time": "2025-09-18T20:14:00.247326"
}