{
  "arms": [
    "trend",
    "breakout",
    "reversion",
    "vwap"
  ],
  "d": 6,
  "alpha": 0.6,
  "alpha_base": 0.6,
  "alpha_boost_until": 0.0,
  "A": {
    "trend": [
      [
        1.1027508480619654,
        0.06174881663331514,
        1.123925473850523,
        0.24088419733899408,
        0.24088419733899408,
        0.0
      ],
      [
        0.06174881663331514,
        1.0371083687145393,
        0.6754306100953554,
        0.144760986521287,
        0.144760986521287,
        0.0
      ],
      [
        1.123925473850523,
        0.6754306100953554,
        13.293898246059602,
        2.634877382949318,
        2.634877382949318,
        0.0
      ],
      [
        0.24088419733899408,
        0.144760986521287,
        2.634877382949318,
        1.5647174463480726,
        0.5647174463480732,
        0.0
      ],
      [
        0.24088419733899408,
        0.144760986521287,
        2.634877382949318,
        0.5647174463480732,
        1.5647174463480726,
        0.0
      ],
      [
        0.0,
        0.0,
        0.0,
        0.0,
        0.0,
        1.0
      ]
    ],
    "breakout": [
      [
        1.0,
        0.0,
        0.0,
        0.0,
        0.0,
        0.0
      ],
      [
        0.0,
        1.0,
        0.0,
        0.0,
        0.0,
        0.0
      ],
      [
        0.0,
        0.0,
        1.0,
        0.0,
        0.0,
        0.0
      ],
      [
        0.0,
        0.0,
        0.0,
        1.0,
        0.0,
        0.0
      ],
      [
        0.0,
        0.0,
        0.0,
        0.0,
        1.0,
        0.0
      ],
      [
        0.0,
        0.0,
        0.0,
        0.0,
        0.0,
        1.0
      ]
    ],
    "reversion": [
      [
        1.0835731160624227,
        0.008472638492582268,
        0.23881995174910772,
        0.2872842925119331,
        0.2872842925119331,
        0.0
      ],
      [
        0.008472638492582268,
        1.0009195616907205,
        0.024697247315690778,
        0.02883315581892189,
        0.02883315581892189,
        0.0
      ],
      [
        0.23881995174910772,
        0.024697247315690778,
        1.6863482389990936,
        0.8186107012238912,
        0.8186107012238912,
        0.0
      ],
      [
        0.2872842925119331,
        0.02883315581892189,
        0.8186107012238912,
        1.988949703117585,
        0.9889497031175964,
        0.0
      ],
      [
        0.2872842925119331,
        0.02883315581892189,
        0.8186107012238912,
        0.9889497031175964,
        1.988949703117585,
        0.0
      ],
      [
        0.0,
        0.0,
        0.0,
        0.0,
        0.0,
        1.0
      ]
    ],
    "vwap": [
      [
        1.0,
        0.0,
        0.0,
        0.0,
        0.0,
        0.0
      ],
      [
        0.0,
        1.0,
        0.0,
        0.0,
        0.0,
        0.0
      ],
      [
        0.0,
        0.0,
        1.0,
        0.0,
        0.0,
        0.0
      ],
      [
        0.0,
        0.0,
        0.0,
        1.0,
        0.0,
        0.0
      ],
      [
        0.0,
        0.0,
        0.0,
        0.0,
        1.0,
        0.0
      ],
      [
        0.0,
        0.0,
        0.0,
        0.0,
        0.0,
        1.0
      ]
    ]
  },
  "b": {
    "trend": [
      [
        0.24558841685288393
      ],
      [
        0.14758801903386423
      ],
      [
        2.686333816117218
      ],
      [
        0.5757457946593828
      ],
      [
        0.5757457946593828
      ],
      [
        0.0
      ]
    ],
    "breakout": [
      [
        0.0
      ],
      [
        0.0
      ],
      [
        0.0
      ],
      [
        0.0
      ],
      [
        0.0
      ],
      [
        0.0
      ]
    ],
    "reversion": [
      [
        0.11453457108929027
      ],
      [
        0.0124619201672269
      ],
      [
        0.33411105986809214
      ],
      [
        0.3896216848628832
      ],
      [
        0.3896216848628832
      ],
      [
        0.0
      ]
    ],
    "vwap": [
      [
        0.0
      ],
      [
        0.0
      ],
      [
        0.0
      ],
      [
        0.0
      ],
      [
        0.0
      ],
      [
        0.0
      ]
    ]
  },
  "counts": {
    "trend": 1,
    "breakout": 0,
    "reversion": 2,
    "vwap": 0
  },
  "reward_sum": {
    "trend": 0.5757457946593828,
    "breakout": 0.0,
    "reversion": 0.3896216848628832,
    "vwap": 0.0
  },
  "disabled_until": {
    "trend": 0.0,
    "breakout": 0.0,
    "reversion": 0.0,
    "vwap": 0.0
  },
  "_snapshot_time": "2025-09-18T12:09:00.083484"
}