{
  "arms": [
    "trend",
    "breakout",
    "reversion",
    "vwap"
  ],
  "d": 6,
  "alpha": 0.6,
  "alpha_base": 0.6,
  "alpha_boost_until": 0.0,
  "A": {
    "trend": [
      [
        1.0836626709891446,
        0.05027764760487947,
        0.9151321756329175,
        0.19613478359130093,
        0.19613478359130093,
        0.0
      ],
      [
        0.05027764760487947,
        1.0302146921535478,
        0.5499548663026717,
        0.11786852386941397,
        0.11786852386941397,
        0.0
      ],
      [
        0.9151321756329175,
        0.5499548663026717,
        11.010042579053183,
        2.145392313000518,
        2.145392313000518,
        0.0
      ],
      [
        0.19613478359130093,
        0.11786852386941397,
        2.145392313000518,
        1.4598090507939738,
        0.4598090507939749,
        0.0
      ],
      [
        0.19613478359130093,
        0.11786852386941397,
        2.145392313000518,
        0.4598090507939749,
        1.4598090507939738,
        0.0
      ],
      [
        0.0,
        0.0,
        0.0,
        0.0,
        0.0,
        1.0
      ]
    ],
    "breakout": [
      [
        1.0,
        0.0,
        0.0,
        0.0,
        0.0,
        0.0
      ],
      [
        0.0,
        1.0,
        0.0,
        0.0,
        0.0,
        0.0
      ],
      [
        0.0,
        0.0,
        1.0,
        0.0,
        0.0,
        0.0
      ],
      [
        0.0,
        0.0,
        0.0,
        1.0,
        0.0,
        0.0
      ],
      [
        0.0,
        0.0,
        0.0,
        0.0,
        1.0,
        0.0
      ],
      [
        0.0,
        0.0,
        0.0,
        0.0,
        0.0,
        1.0
      ]
    ],
    "reversion": [
      [
        1.068047614638191,
        0.006898663903848134,
        0.1944540159588693,
        0.23391506443119703,
        0.23391506443119703,
        0.0
      ],
      [
        0.006898663903848134,
        1.0007487333548686,
        0.020109203140241474,
        0.023476777801409755,
        0.023476777801409755,
        0.0
      ],
      [
        0.1944540159588693,
        0.020109203140241474,
        1.5588443111314305,
        0.6665361800555107,
        0.6665361800555107,
        0.0
      ],
      [
        0.23391506443119703,
        0.023476777801409755,
        0.6665361800555107,
        1.8052310535368172,
        0.8052310535368268,
        0.0
      ],
      [
        0.23391506443119703,
        0.023476777801409755,
        0.6665361800555107,
        0.8052310535368268,
        1.8052310535368172,
        0.0
      ],
      [
        0.0,
        0.0,
        0.0,
        0.0,
        0.0,
        1.0
      ]
    ],
    "vwap": [
      [
        1.0,
        0.0,
        0.0,
        0.0,
        0.0,
        0.0
      ],
      [
        0.0,
        1.0,
        0.0,
        0.0,
        0.0,
        0.0
      ],
      [
        0.0,
        0.0,
        1.0,
        0.0,
        0.0,
        0.0
      ],
      [
        0.0,
        0.0,
        0.0,
        1.0,
        0.0,
        0.0
      ],
      [
        0.0,
        0.0,
        0.0,
        0.0,
        1.0,
        0.0
      ],
      [
        0.0,
        0.0,
        0.0,
        0.0,
        0.0,
        1.0
      ]
    ]
  },
  "b": {
    "trend": [
      [
        0.1999650932858148
      ],
      [
        0.12017037436930206
      ],
      [
        2.187289608444782
      ],
      [
        0.46878864652214225
      ],
      [
        0.46878864652214225
      ],
      [
        0.0
      ]
    ],
    "breakout": [
      [
        0.0
      ],
      [
        0.0
      ],
      [
        0.0
      ],
      [
        0.0
      ],
      [
        0.0
      ],
      [
        0.0
      ]
    ],
    "reversion": [
      [
        0.09325731435469277
      ],
      [
        0.010146850819322924
      ],
      [
        0.27204275393153976
      ],
      [
        0.3172410879885024
      ],
      [
        0.3172410879885024
      ],
      [
        0.0
      ]
    ],
    "vwap": [
      [
        0.0
      ],
      [
        0.0
      ],
      [
        0.0
      ],
      [
        0.0
      ],
      [
        0.0
      ],
      [
        0.0
      ]
    ]
  },
  "counts": {
    "trend": 1,
    "breakout": 0,
    "reversion": 2,
    "vwap": 0
  },
  "reward_sum": {
    "trend": 0.46878864652214225,
    "breakout": 0.0,
    "reversion": 0.3172410879885024,
    "vwap": 0.0
  },
  "disabled_until": {
    "trend": 0.0,
    "breakout": 0.0,
    "reversion": 0.0,
    "vwap": 0.0
  },
  "_snapshot_time": "2025-09-18T20:35:00.092795"
}