{
  "arms": [
    "trend",
    "breakout",
    "reversion",
    "vwap"
  ],
  "d": 6,
  "alpha": 0.6,
  "alpha_base": 0.6,
  "alpha_boost_until": 0.0,
  "A": {
    "trend": [
      [
        1.0644661782075486,
        0.03874138551915408,
        0.7051540815075111,
        0.15113143965170328,
        0.15113143965170328,
        0.0
      ],
      [
        0.03874138551915408,
        1.023281897479817,
        0.42376711140118856,
        0.09082346015240801,
        0.09082346015240801,
        0.0
      ],
      [
        0.7051540815075111,
        0.42376711140118856,
        8.713227191254115,
        1.653129663920799,
        1.653129663920799,
        0.0
      ],
      [
        0.15113143965170328,
        0.09082346015240801,
        1.653129663920799,
        1.3543053533848473,
        0.3543053533848483,
        0.0
      ],
      [
        0.15113143965170328,
        0.09082346015240801,
        1.653129663920799,
        0.3543053533848483,
        1.3543053533848473,
        0.0
      ],
      [
        0.0,
        0.0,
        0.0,
        0.0,
        0.0,
        1.0
      ]
    ],
    "breakout": [
      [
        1.0,
        0.0,
        0.0,
        0.0,
        0.0,
        0.0
      ],
      [
        0.0,
        1.0,
        0.0,
        0.0,
        0.0,
        0.0
      ],
      [
        0.0,
        0.0,
        1.0,
        0.0,
        0.0,
        0.0
      ],
      [
        0.0,
        0.0,
        0.0,
        1.0,
        0.0,
        0.0
      ],
      [
        0.0,
        0.0,
        0.0,
        0.0,
        1.0,
        0.0
      ],
      [
        0.0,
        0.0,
        0.0,
        0.0,
        0.0,
        1.0
      ]
    ],
    "reversion": [
      [
        1.1734166041240708,
        0.012012982811922228,
        0.3159467513037758,
        0.5211639998378323,
        0.5211639998378323,
        0.0
      ],
      [
        0.012012982811922228,
        1.0009476734830587,
        0.02469048763654916,
        0.036962345995908405,
        0.036962345995908405,
        0.0
      ],
      [
        0.3159467513037758,
        0.02469048763654916,
        1.6586883017216132,
        0.9816870001856268,
        0.9816870001856268,
        0.0
      ],
      [
        0.5211639998378323,
        0.036962345995908405,
        0.9816870001856268,
        2.5811629375176675,
        1.581162937517676,
        0.0
      ],
      [
        0.5211639998378323,
        0.036962345995908405,
        0.9816870001856268,
        1.581162937517676,
        2.5811629375176675,
        0.0
      ],
      [
        0.0,
        0.0,
        0.0,
        0.0,
        0.0,
        1.0
      ]
    ],
    "vwap": [
      [
        1.0,
        0.0,
        0.0,
        0.0,
        0.0,
        0.0
      ],
      [
        0.0,
        1.0,
        0.0,
        0.0,
        0.0,
        0.0
      ],
      [
        0.0,
        0.0,
        1.0,
        0.0,
        0.0,
        0.0
      ],
      [
        0.0,
        0.0,
        0.0,
        1.0,
        0.0,
        0.0
      ],
      [
        0.0,
        0.0,
        0.0,
        0.0,
        1.0,
        0.0
      ],
      [
        0.0,
        0.0,
        0.0,
        0.0,
        0.0,
        1.0
      ]
    ]
  },
  "b": {
    "trend": [
      [
        0.15408288053253152
      ],
      [
        0.09259714849845878
      ],
      [
        1.6854135783905482
      ],
      [
        0.3612245708996573
      ],
      [
        0.3612245708996573
      ],
      [
        0.0
      ]
    ],
    "breakout": [
      [
        0.0
      ],
      [
        0.0
      ],
      [
        0.0
      ],
      [
        0.0
      ],
      [
        0.0
      ],
      [
        0.0
      ]
    ],
    "reversion": [
      [
        -0.14875778052726935
      ],
      [
        -0.0043940411695735995
      ],
      [
        -0.09328746040108954
      ],
      [
        -0.3772347559053234
      ],
      [
        -0.3772347559053234
      ],
      [
        0.0
      ]
    ],
    "vwap": [
      [
        0.0
      ],
      [
        0.0
      ],
      [
        0.0
      ],
      [
        0.0
      ],
      [
        0.0
      ],
      [
        0.0
      ]
    ]
  },
  "counts": {
    "trend": 1,
    "breakout": 0,
    "reversion": 3,
    "vwap": 0
  },
  "reward_sum": {
    "trend": 0.3612245708996573,
    "breakout": 0.0,
    "reversion": -0.3772347559053234,
    "vwap": 0.0
  },
  "disabled_until": {
    "trend": 0.0,
    "breakout": 0.0,
    "reversion": 0.0,
    "vwap": 0.0
  },
  "_snapshot_time": "2025-09-19T05:52:00.458088"
}