{
  "arms": [
    "trend",
    "breakout",
    "reversion",
    "vwap"
  ],
  "d": 6,
  "alpha": 0.6,
  "alpha_base": 0.6,
  "alpha_boost_until": 0.0,
  "A": {
    "trend": [
      [
        1.058904351334359,
        0.03539896806745898,
        0.6443168327467657,
        0.13809255746867174,
        0.13809255746867174,
        0.0
      ],
      [
        0.03539896806745898,
        1.021273249120902,
        0.38720655556093686,
        0.08298765577502831,
        0.08298765577502831,
        0.0
      ],
      [
        0.6443168327467657,
        0.38720655556093686,
        8.047767636117918,
        1.5105057137300688,
        1.5105057137300688,
        0.0
      ],
      [
        0.13809255746867174,
        0.08298765577502831,
        1.5105057137300688,
        1.3237376186352212,
        0.3237376186352221,
        0.0
      ],
      [
        0.13809255746867174,
        0.08298765577502831,
        1.5105057137300688,
        0.3237376186352221,
        1.3237376186352212,
        0.0
      ],
      [
        0.0,
        0.0,
        0.0,
        0.0,
        0.0,
        1.0
      ]
    ],
    "breakout": [
      [
        1.0,
        0.0,
        0.0,
        0.0,
        0.0,
        0.0
      ],
      [
        0.0,
        1.0,
        0.0,
        0.0,
        0.0,
        0.0
      ],
      [
        0.0,
        0.0,
        1.0,
        0.0,
        0.0,
        0.0
      ],
      [
        0.0,
        0.0,
        0.0,
        1.0,
        0.0,
        0.0
      ],
      [
        0.0,
        0.0,
        0.0,
        0.0,
        1.0,
        0.0
      ],
      [
        0.0,
        0.0,
        0.0,
        0.0,
        0.0,
        1.0
      ]
    ],
    "reversion": [
      [
        1.3733851388854985,
        0.021547704249526248,
        0.48660041263684556,
        1.1247098501731017,
        1.1247098501731017,
        0.0
      ],
      [
        0.021547704249526248,
        1.001385852840703,
        0.03228972045505499,
        0.06566442819850367,
        0.06566442819850367,
        0.0
      ],
      [
        0.48660041263684556,
        0.03228972045505499,
        1.7869504267633713,
        1.497376309964841,
        1.497376309964841,
        0.0
      ],
      [
        1.1247098501731017,
        0.06566442819850367,
        1.497376309964841,
        4.405145434206932,
        3.4051454342069407,
        0.0
      ],
      [
        1.1247098501731017,
        0.06566442819850367,
        1.497376309964841,
        3.4051454342069407,
        4.405145434206932,
        0.0
      ],
      [
        0.0,
        0.0,
        0.0,
        0.0,
        0.0,
        1.0
      ]
    ],
    "vwap": [
      [
        1.0,
        0.0,
        0.0,
        0.0,
        0.0,
        0.0
      ],
      [
        0.0,
        1.0,
        0.0,
        0.0,
        0.0,
        0.0
      ],
      [
        0.0,
        0.0,
        1.0,
        0.0,
        0.0,
        0.0
      ],
      [
        0.0,
        0.0,
        0.0,
        1.0,
        0.0,
        0.0
      ],
      [
        0.0,
        0.0,
        0.0,
        0.0,
        1.0,
        0.0
      ],
      [
        0.0,
        0.0,
        0.0,
        0.0,
        0.0,
        1.0
      ]
    ]
  },
  "b": {
    "trend": [
      [
        0.14078936245107943
      ],
      [
        0.0846083189568454
      ],
      [
        1.5400043297989805
      ],
      [
        0.3300598798702373
      ],
      [
        0.3300598798702373
      ],
      [
        0.0
      ]
    ],
    "breakout": [
      [
        0.0
      ],
      [
        0.0
      ],
      [
        0.0
      ],
      [
        0.0
      ],
      [
        0.0
      ],
      [
        0.0
      ]
    ],
    "reversion": [
      [
        1.0563664108446382
      ],
      [
        0.055035084945662005
      ],
      [
        0.7660221010805209
      ],
      [
        2.973753960067831
      ],
      [
        2.973753960067831
      ],
      [
        0.0
      ]
    ],
    "vwap": [
      [
        0.0
      ],
      [
        0.0
      ],
      [
        0.0
      ],
      [
        0.0
      ],
      [
        0.0
      ],
      [
        0.0
      ]
    ]
  },
  "counts": {
    "trend": 1,
    "breakout": 0,
    "reversion": 5,
    "vwap": 0
  },
  "reward_sum": {
    "trend": 0.3300598798702373,
    "breakout": 0.0,
    "reversion": 2.973753960067831,
    "vwap": 0.0
  },
  "disabled_until": {
    "trend": 0.0,
    "breakout": 0.0,
    "reversion": 0.0,
    "vwap": 0.0
  },
  "_snapshot_time": "2025-09-19T08:51:00.487345"
}