{
  "arms": [
    "trend",
    "breakout",
    "reversion",
    "vwap"
  ],
  "d": 6,
  "alpha": 0.6,
  "alpha_base": 0.6,
  "alpha_boost_until": 0.0,
  "A": {
    "trend": [
      [
        1.0191653813349126,
        0.01151756545156124,
        0.2096377860100769,
        0.04493040774487969,
        0.04493040774487969,
        0.0
      ],
      [
        0.01151756545156124,
        1.0069215588050593,
        0.12598324443944164,
        0.02700123221781628,
        0.02700123221781628,
        0.0
      ],
      [
        0.2096377860100769,
        0.12598324443944164,
        3.293092976091643,
        0.49146484693253106,
        0.49146484693253106,
        0.0
      ],
      [
        0.04493040774487969,
        0.02700123221781628,
        0.49146484693253106,
        1.1053327092659346,
        0.10533270926593409,
        0.0
      ],
      [
        0.04493040774487969,
        0.02700123221781628,
        0.49146484693253106,
        0.10533270926593409,
        1.1053327092659346,
        0.0
      ],
      [
        0.0,
        0.0,
        0.0,
        0.0,
        0.0,
        1.0
      ]
    ],
    "breakout": [
      [
        1.0,
        0.0,
        0.0,
        0.0,
        0.0,
        0.0
      ],
      [
        0.0,
        1.0,
        0.0,
        0.0,
        0.0,
        0.0
      ],
      [
        0.0,
        0.0,
        1.0,
        0.0,
        0.0,
        0.0
      ],
      [
        0.0,
        0.0,
        0.0,
        1.0,
        0.0,
        0.0
      ],
      [
        0.0,
        0.0,
        0.0,
        0.0,
        1.0,
        0.0
      ],
      [
        0.0,
        0.0,
        0.0,
        0.0,
        0.0,
        1.0
      ]
    ],
    "reversion": [
      [
        1.2210253788622563,
        0.014402821380338505,
        0.3712204865294614,
        0.6944265379092903,
        0.6944265379092903,
        0.0
      ],
      [
        0.014402821380338505,
        1.0011517182755365,
        0.02932220388244743,
        0.04818745130786913,
        0.04818745130786913,
        0.0
      ],
      [
        0.3712204865294614,
        0.02932220388244743,
        1.7932912339297689,
        1.2433008625993935,
        1.2433008625993935,
        0.0
      ],
      [
        0.6944265379092903,
        0.04818745130786913,
        1.2433008625993935,
        3.232106612442273,
        2.2321066124422884,
        0.0
      ],
      [
        0.6944265379092903,
        0.04818745130786913,
        1.2433008625993935,
        2.2321066124422884,
        3.232106612442273,
        0.0
      ],
      [
        0.0,
        0.0,
        0.0,
        0.0,
        0.0,
        1.0
      ]
    ],
    "vwap": [
      [
        1.0,
        0.0,
        0.0,
        0.0,
        0.0,
        0.0
      ],
      [
        0.0,
        1.0,
        0.0,
        0.0,
        0.0,
        0.0
      ],
      [
        0.0,
        0.0,
        1.0,
        0.0,
        0.0,
        0.0
      ],
      [
        0.0,
        0.0,
        0.0,
        1.0,
        0.0,
        0.0
      ],
      [
        0.0,
        0.0,
        0.0,
        0.0,
        1.0,
        0.0
      ],
      [
        0.0,
        0.0,
        0.0,
        0.0,
        0.0,
        1.0
      ]
    ]
  },
  "b": {
    "trend": [
      [
        0.04580785219003376
      ],
      [
        0.027528538387757217
      ],
      [
        0.5010626476553296
      ],
      [
        0.10738974825750557
      ],
      [
        0.10738974825750557
      ],
      [
        0.0
      ]
    ],
    "breakout": [
      [
        0.0
      ],
      [
        0.0
      ],
      [
        0.0
      ],
      [
        0.0
      ],
      [
        0.0
      ],
      [
        0.0
      ]
    ],
    "reversion": [
      [
        -0.00631788230531362
      ],
      [
        -0.04574016424248573
      ],
      [
        -1.2598193650160243
      ],
      [
        -0.7933532591694542
      ],
      [
        -0.7933532591694542
      ],
      [
        0.0
      ]
    ],
    "vwap": [
      [
        0.0
      ],
      [
        0.0
      ],
      [
        0.0
      ],
      [
        0.0
      ],
      [
        0.0
      ],
      [
        0.0
      ]
    ]
  },
  "counts": {
    "trend": 1,
    "breakout": 0,
    "reversion": 8,
    "vwap": 0
  },
  "reward_sum": {
    "trend": 0.10738974825750557,
    "breakout": 0.0,
    "reversion": -0.7933532591694542,
    "vwap": 0.0
  },
  "disabled_until": {
    "trend": 0.0,
    "breakout": 0.0,
    "reversion": 0.0,
    "vwap": 0.0
  },
  "_snapshot_time": "2025-09-23T08:44:00.871654"
}