{
  "arms": [
    "trend",
    "breakout",
    "reversion",
    "vwap"
  ],
  "d": 6,
  "alpha": 0.6,
  "alpha_base": 0.6,
  "alpha_boost_until": 0.0,
  "A": {
    "trend": [
      [
        1.0157622283150078,
        0.009472417642420267,
        0.17241288283285597,
        0.03695221779234982,
        0.03695221779234982,
        0.0
      ],
      [
        0.009472417642420267,
        1.0056925134060526,
        0.1036126872728774,
        0.022206685041452,
        0.022206685041452,
        0.0
      ],
      [
        0.17241288283285597,
        0.1036126872728774,
        2.8859136901623645,
        0.40419655579921504,
        0.40419655579921504,
        0.0
      ],
      [
        0.03695221779234982,
        0.022206685041452,
        0.40419655579921504,
        1.0866290204966282,
        0.08662902049662846,
        0.0
      ],
      [
        0.03695221779234982,
        0.022206685041452,
        0.40419655579921504,
        0.08662902049662846,
        1.0866290204966282,
        0.0
      ],
      [
        0.0,
        0.0,
        0.0,
        0.0,
        0.0,
        1.0
      ]
    ],
    "breakout": [
      [
        1.0,
        0.0,
        0.0,
        0.0,
        0.0,
        0.0
      ],
      [
        0.0,
        1.0,
        0.0,
        0.0,
        0.0,
        0.0
      ],
      [
        0.0,
        0.0,
        1.0,
        0.0,
        0.0,
        0.0
      ],
      [
        0.0,
        0.0,
        0.0,
        1.0,
        0.0,
        0.0
      ],
      [
        0.0,
        0.0,
        0.0,
        0.0,
        1.0,
        0.0
      ],
      [
        0.0,
        0.0,
        0.0,
        0.0,
        0.0,
        1.0
      ]
    ],
    "reversion": [
      [
        1.181778406813713,
        0.011845345261333233,
        0.3053037120229998,
        0.5711188025560673,
        0.5711188025560673,
        0.0
      ],
      [
        0.011845345261333233,
        1.0009472102900716,
        0.024115527065061208,
        0.03963091556384895,
        0.03963091556384895,
        0.0
      ],
      [
        0.3053037120229998,
        0.024115527065061208,
        1.6524283201564165,
        1.0225307661808354,
        1.0225307661808354,
        0.0
      ],
      [
        0.5711188025560673,
        0.03963091556384895,
        1.0225307661808354,
        2.8357565359088124,
        1.8357565359088295,
        0.0
      ],
      [
        0.5711188025560673,
        0.03963091556384895,
        1.0225307661808354,
        1.8357565359088295,
        2.8357565359088124,
        0.0
      ],
      [
        0.0,
        0.0,
        0.0,
        0.0,
        0.0,
        1.0
      ]
    ],
    "vwap": [
      [
        1.0,
        0.0,
        0.0,
        0.0,
        0.0,
        0.0
      ],
      [
        0.0,
        1.0,
        0.0,
        0.0,
        0.0,
        0.0
      ],
      [
        0.0,
        0.0,
        1.0,
        0.0,
        0.0,
        0.0
      ],
      [
        0.0,
        0.0,
        0.0,
        1.0,
        0.0,
        0.0
      ],
      [
        0.0,
        0.0,
        0.0,
        0.0,
        1.0,
        0.0
      ],
      [
        0.0,
        0.0,
        0.0,
        0.0,
        0.0,
        1.0
      ]
    ]
  },
  "b": {
    "trend": [
      [
        0.03767385643008764
      ],
      [
        0.022640358658338508
      ],
      [
        0.412090096954021
      ],
      [
        0.08832079576952412
      ],
      [
        0.08832079576952412
      ],
      [
        0.0
      ]
    ],
    "breakout": [
      [
        0.0
      ],
      [
        0.0
      ],
      [
        0.0
      ],
      [
        0.0
      ],
      [
        0.0
      ],
      [
        0.0
      ]
    ],
    "reversion": [
      [
        -0.005196030364513822
      ],
      [
        -0.03761818767689238
      ],
      [
        -1.0361161158257506
      ],
      [
        -0.6524793317158597
      ],
      [
        -0.6524793317158597
      ],
      [
        0.0
      ]
    ],
    "vwap": [
      [
        0.0
      ],
      [
        0.0
      ],
      [
        0.0
      ],
      [
        0.0
      ],
      [
        0.0
      ],
      [
        0.0
      ]
    ]
  },
  "counts": {
    "trend": 1,
    "breakout": 0,
    "reversion": 8,
    "vwap": 0
  },
  "reward_sum": {
    "trend": 0.08832079576952412,
    "breakout": 0.0,
    "reversion": -0.6524793317158597,
    "vwap": 0.0
  },
  "disabled_until": {
    "trend": 0.0,
    "breakout": 0.0,
    "reversion": 0.0,
    "vwap": 0.0
  },
  "_snapshot_time": "2025-09-23T16:45:00.873155"
}