{
  "arms": [
    "trend",
    "breakout",
    "reversion",
    "vwap"
  ],
  "d": 6,
  "alpha": 0.6,
  "alpha_base": 0.6,
  "alpha_boost_until": 0.0,
  "A": {
    "trend": [
      [
        1.1102204765990606,
        0.06623774038971986,
        1.205630938587705,
        0.2583956389330683,
        0.2583956389330683,
        0.0
      ],
      [
        0.06623774038971986,
        1.0398060177864776,
        0.72453206137441,
        0.1552846057066528,
        0.1552846057066528,
        0.0
      ],
      [
        1.205630938587705,
        0.72453206137441,
        14.187621800686948,
        2.8264237853649603,
        2.8264237853649603,
        0.0
      ],
      [
        0.2583956389330683,
        0.1552846057066528,
        2.8264237853649603,
        1.6057704364907268,
        0.6057704364907278,
        0.0
      ],
      [
        0.2583956389330683,
        0.1552846057066528,
        2.8264237853649603,
        0.6057704364907278,
        1.6057704364907268,
        0.0
      ],
      [
        0.0,
        0.0,
        0.0,
        0.0,
        0.0,
        1.0
      ]
    ],
    "breakout": [
      [
        1.0,
        0.0,
        0.0,
        0.0,
        0.0,
        0.0
      ],
      [
        0.0,
        1.0,
        0.0,
        0.0,
        0.0,
        0.0
      ],
      [
        0.0,
        0.0,
        1.0,
        0.0,
        0.0,
        0.0
      ],
      [
        0.0,
        0.0,
        0.0,
        1.0,
        0.0,
        0.0
      ],
      [
        0.0,
        0.0,
        0.0,
        0.0,
        1.0,
        0.0
      ],
      [
        0.0,
        0.0,
        0.0,
        0.0,
        0.0,
        1.0
      ]
    ],
    "reversion": [
      [
        1.0896485903232032,
        0.009088569781349051,
        0.25618132988330183,
        0.30816885930706367,
        0.30816885930706367,
        0.0
      ],
      [
        0.009088569781349051,
        1.0009864106206923,
        0.026492651118350745,
        0.030929225754905844,
        0.030929225754905844,
        0.0
      ],
      [
        0.25618132988330183,
        0.026492651118350745,
        1.736243363848292,
        0.878120846103145,
        0.878120846103145,
        0.0
      ],
      [
        0.30816885930706367,
        0.030929225754905844,
        0.878120846103145,
        2.0608428997528523,
        1.0608428997528634,
        0.0
      ],
      [
        0.30816885930706367,
        0.030929225754905844,
        0.878120846103145,
        1.0608428997528634,
        2.0608428997528523,
        0.0
      ],
      [
        0.0,
        0.0,
        0.0,
        0.0,
        0.0,
        1.0
      ]
    ],
    "vwap": [
      [
        1.0,
        0.0,
        0.0,
        0.0,
        0.0,
        0.0
      ],
      [
        0.0,
        1.0,
        0.0,
        0.0,
        0.0,
        0.0
      ],
      [
        0.0,
        0.0,
        1.0,
        0.0,
        0.0,
        0.0
      ],
      [
        0.0,
        0.0,
        0.0,
        1.0,
        0.0,
        0.0
      ],
      [
        0.0,
        0.0,
        0.0,
        0.0,
        1.0,
        0.0
      ],
      [
        0.0,
        0.0,
        0.0,
        0.0,
        0.0,
        1.0
      ]
    ]
  },
  "b": {
    "trend": [
      [
        0.2634418388100256
      ],
      [
        0.1583171536298523
      ],
      [
        2.881620921883322
      ],
      [
        0.6176005072872232
      ],
      [
        0.6176005072872232
      ],
      [
        0.0
      ]
    ],
    "breakout": [
      [
        0.0
      ],
      [
        0.0
      ],
      [
        0.0
      ],
      [
        0.0
      ],
      [
        0.0
      ],
      [
        0.0
      ]
    ],
    "reversion": [
      [
        0.12286083522072222
      ],
      [
        0.013367858329917173
      ],
      [
        0.3583997694449208
      ],
      [
        0.41794582340593345
      ],
      [
        0.41794582340593345
      ],
      [
        0.0
      ]
    ],
    "vwap": [
      [
        0.0
      ],
      [
        0.0
      ],
      [
        0.0
      ],
      [
        0.0
      ],
      [
        0.0
      ],
      [
        0.0
      ]
    ]
  },
  "counts": {
    "trend": 1,
    "breakout": 0,
    "reversion": 2,
    "vwap": 0
  },
  "reward_sum": {
    "trend": 0.6176005072872232,
    "breakout": 0.0,
    "reversion": 0.41794582340593345,
    "vwap": 0.0
  },
  "disabled_until": {
    "trend": 0.0,
    "breakout": 0.0,
    "reversion": 0.0,
    "vwap": 0.0
  },
  "_snapshot_time": "2025-09-18T09:53:00.739182"
}