{
  "arms": [
    "trend",
    "breakout",
    "reversion",
    "vwap"
  ],
  "d": 6,
  "alpha": 0.6,
  "alpha_base": 0.6,
  "alpha_boost_until": 0.0,
  "A": {
    "trend": [
      [
        1.0888494526415524,
        0.053394679096224716,
        0.9718670458203256,
        0.20829442761058356,
        0.20829442761058356,
        0.0
      ],
      [
        0.053394679096224716,
        1.0320878932962114,
        0.5840500700113995,
        0.12517594412953942,
        0.12517594412953942,
        0.0
      ],
      [
        0.9718670458203256,
        0.5840500700113995,
        11.630628852178399,
        2.278398842133827,
        2.278398842133827,
        0.0
      ],
      [
        0.20829442761058356,
        0.12517594412953942,
        2.278398842133827,
        1.4883155414435345,
        0.4883155414435353,
        0.0
      ],
      [
        0.20829442761058356,
        0.12517594412953942,
        2.278398842133827,
        0.4883155414435353,
        1.4883155414435345,
        0.0
      ],
      [
        0.0,
        0.0,
        0.0,
        0.0,
        0.0,
        1.0
      ]
    ],
    "breakout": [
      [
        1.0,
        0.0,
        0.0,
        0.0,
        0.0,
        0.0
      ],
      [
        0.0,
        1.0,
        0.0,
        0.0,
        0.0,
        0.0
      ],
      [
        0.0,
        0.0,
        1.0,
        0.0,
        0.0,
        0.0
      ],
      [
        0.0,
        0.0,
        0.0,
        1.0,
        0.0,
        0.0
      ],
      [
        0.0,
        0.0,
        0.0,
        0.0,
        1.0,
        0.0
      ],
      [
        0.0,
        0.0,
        0.0,
        0.0,
        0.0,
        1.0
      ]
    ],
    "reversion": [
      [
        1.0722663195267947,
        0.007326356002839942,
        0.20650945849121888,
        0.2484169486056932,
        0.2484169486056932,
        0.0
      ],
      [
        0.007326356002839942,
        1.0007951521027003,
        0.02135590067761608,
        0.024932252733280025,
        0.024932252733280025,
        0.0
      ],
      [
        0.20650945849121888,
        0.02135590067761608,
        1.5934906281239294,
        0.7078590016736083,
        0.7078590016736083,
        0.0
      ],
      [
        0.2484169486056932,
        0.024932252733280025,
        0.7078590016736083,
        1.8551524534282433,
        0.8551524534282532,
        0.0
      ],
      [
        0.2484169486056932,
        0.024932252733280025,
        0.7078590016736083,
        0.8551524534282532,
        1.8551524534282433,
        0.0
      ],
      [
        0.0,
        0.0,
        0.0,
        0.0,
        0.0,
        1.0
      ]
    ],
    "vwap": [
      [
        1.0,
        0.0,
        0.0,
        0.0,
        0.0,
        0.0
      ],
      [
        0.0,
        1.0,
        0.0,
        0.0,
        0.0,
        0.0
      ],
      [
        0.0,
        0.0,
        1.0,
        0.0,
        0.0,
        0.0
      ],
      [
        0.0,
        0.0,
        0.0,
        1.0,
        0.0,
        0.0
      ],
      [
        0.0,
        0.0,
        0.0,
        0.0,
        1.0,
        0.0
      ],
      [
        0.0,
        0.0,
        0.0,
        0.0,
        0.0,
        1.0
      ]
    ]
  },
  "b": {
    "trend": [
      [
        0.21236220259053065
      ],
      [
        0.1276205009977307
      ],
      [
        2.322893617681541
      ],
      [
        0.49785183948371636
      ],
      [
        0.49785183948371636
      ],
      [
        0.0
      ]
    ],
    "breakout": [
      [
        0.0
      ],
      [
        0.0
      ],
      [
        0.0
      ],
      [
        0.0
      ],
      [
        0.0
      ],
      [
        0.0
      ]
    ],
    "reversion": [
      [
        0.09903892903814604
      ],
      [
        0.010775918706316556
      ],
      [
        0.2889084163360513
      ],
      [
        0.3369088828976824
      ],
      [
        0.3369088828976824
      ],
      [
        0.0
      ]
    ],
    "vwap": [
      [
        0.0
      ],
      [
        0.0
      ],
      [
        0.0
      ],
      [
        0.0
      ],
      [
        0.0
      ],
      [
        0.0
      ]
    ]
  },
  "counts": {
    "trend": 1,
    "breakout": 0,
    "reversion": 2,
    "vwap": 0
  },
  "reward_sum": {
    "trend": 0.49785183948371636,
    "breakout": 0.0,
    "reversion": 0.3369088828976824,
    "vwap": 0.0
  },
  "disabled_until": {
    "trend": 0.0,
    "breakout": 0.0,
    "reversion": 0.0,
    "vwap": 0.0
  },
  "_snapshot_time": "2025-09-18T18:38:00.433171"
}