{
  "arms": [
    "trend",
    "breakout",
    "reversion",
    "vwap"
  ],
  "d": 6,
  "alpha": 0.6,
  "alpha_base": 0.6,
  "alpha_boost_until": 0.0,
  "A": {
    "trend": [
      [
        1.006330212798808,
        0.0038041841671970712,
        0.06924212844630977,
        0.014840249572500686,
        0.014840249572500686,
        0.0
      ],
      [
        0.0038041841671970712,
        1.002286150187665,
        0.04161152509566821,
        0.008918348285479421,
        0.008918348285479421,
        0.0
      ],
      [
        0.06924212844630977,
        0.04161152509566821,
        1.757395130962859,
        0.16232795006007406,
        0.16232795006007406,
        0.0
      ],
      [
        0.014840249572500686,
        0.008918348285479421,
        0.16232795006007406,
        1.0347907747138616,
        0.03479077471386296,
        0.0
      ],
      [
        0.014840249572500686,
        0.008918348285479421,
        0.16232795006007406,
        0.03479077471386296,
        1.0347907747138616,
        0.0
      ],
      [
        0.0,
        0.0,
        0.0,
        0.0,
        0.0,
        1.0
      ]
    ],
    "breakout": [
      [
        1.0,
        0.0,
        0.0,
        0.0,
        0.0,
        0.0
      ],
      [
        0.0,
        1.0,
        0.0,
        0.0,
        0.0,
        0.0
      ],
      [
        0.0,
        0.0,
        1.0,
        0.0,
        0.0,
        0.0
      ],
      [
        0.0,
        0.0,
        0.0,
        1.0,
        0.0,
        0.0
      ],
      [
        0.0,
        0.0,
        0.0,
        0.0,
        1.0,
        0.0
      ],
      [
        0.0,
        0.0,
        0.0,
        0.0,
        0.0,
        1.0
      ]
    ],
    "reversion": [
      [
        1.073003383427924,
        0.0047571672406362744,
        0.12261194462785915,
        0.22936500355966333,
        0.22936500355966333,
        0.0
      ],
      [
        0.0047571672406362744,
        1.00038040577649,
        0.00968495158339304,
        0.01591603191611358,
        0.01591603191611358,
        0.0
      ],
      [
        0.12261194462785915,
        0.00968495158339304,
        1.26201943151821,
        0.41065496666415263,
        0.41065496666415263,
        0.0
      ],
      [
        0.22936500355966333,
        0.01591603191611358,
        0.41065496666415263,
        1.7372516935336946,
        0.7372516935337072,
        0.0
      ],
      [
        0.22936500355966333,
        0.01591603191611358,
        0.41065496666415263,
        0.7372516935337072,
        1.7372516935336946,
        0.0
      ],
      [
        0.0,
        0.0,
        0.0,
        0.0,
        0.0,
        1.0
      ]
    ],
    "vwap": [
      [
        1.0,
        0.0,
        0.0,
        0.0,
        0.0,
        0.0
      ],
      [
        0.0,
        1.0,
        0.0,
        0.0,
        0.0,
        0.0
      ],
      [
        0.0,
        0.0,
        1.0,
        0.0,
        0.0,
        0.0
      ],
      [
        0.0,
        0.0,
        0.0,
        1.0,
        0.0,
        0.0
      ],
      [
        0.0,
        0.0,
        0.0,
        0.0,
        1.0,
        0.0
      ],
      [
        0.0,
        0.0,
        0.0,
        0.0,
        0.0,
        1.0
      ]
    ]
  },
  "b": {
    "trend": [
      [
        0.01513006431502488
      ],
      [
        0.009092514413850124
      ],
      [
        0.1654980472219385
      ],
      [
        0.03547020260128884
      ],
      [
        0.03547020260128884
      ],
      [
        0.0
      ]
    ],
    "breakout": [
      [
        0.0
      ],
      [
        0.0
      ],
      [
        0.0
      ],
      [
        0.0
      ],
      [
        0.0
      ],
      [
        0.0
      ]
    ],
    "reversion": [
      [
        -0.002086759388272518
      ],
      [
        -0.015107707383826594
      ],
      [
        -0.4161109309148817
      ],
      [
        -0.2620399180902877
      ],
      [
        -0.2620399180902877
      ],
      [
        0.0
      ]
    ],
    "vwap": [
      [
        0.0
      ],
      [
        0.0
      ],
      [
        0.0
      ],
      [
        0.0
      ],
      [
        0.0
      ],
      [
        0.0
      ]
    ]
  },
  "counts": {
    "trend": 1,
    "breakout": 0,
    "reversion": 8,
    "vwap": 0
  },
  "reward_sum": {
    "trend": 0.03547020260128884,
    "breakout": 0.0,
    "reversion": -0.2620399180902877,
    "vwap": 0.0
  },
  "disabled_until": {
    "trend": 0.0,
    "breakout": 0.0,
    "reversion": 0.0,
    "vwap": 0.0
  },
  "_snapshot_time": "2025-09-25T07:58:00.026683"
}