{
  "arms": [
    "trend",
    "breakout",
    "reversion",
    "vwap"
  ],
  "d": 6,
  "alpha": 0.6,
  "alpha_base": 0.6,
  "alpha_boost_until": 0.0,
  "A": {
    "trend": [
      [
        1.0519666111449393,
        0.031229686208610517,
        0.5684293527218538,
        0.12182804959943289,
        0.12182804959943289,
        0.0
      ],
      [
        0.031229686208610517,
        1.0187676910077523,
        0.3416014615183383,
        0.07321338983959692,
        0.07321338983959692,
        0.0
      ],
      [
        0.5684293527218538,
        0.3416014615183383,
        7.217683276182646,
        1.3325987177424936,
        1.3325987177424936,
        0.0
      ],
      [
        0.12182804959943289,
        0.07321338983959692,
        1.3325987177424936,
        1.2856078805640316,
        0.285607880564032,
        0.0
      ],
      [
        0.12182804959943289,
        0.07321338983959692,
        1.3325987177424936,
        0.285607880564032,
        1.2856078805640316,
        0.0
      ],
      [
        0.0,
        0.0,
        0.0,
        0.0,
        0.0,
        1.0
      ]
    ],
    "breakout": [
      [
        1.0,
        0.0,
        0.0,
        0.0,
        0.0,
        0.0
      ],
      [
        0.0,
        1.0,
        0.0,
        0.0,
        0.0,
        0.0
      ],
      [
        0.0,
        0.0,
        1.0,
        0.0,
        0.0,
        0.0
      ],
      [
        0.0,
        0.0,
        0.0,
        1.0,
        0.0,
        0.0
      ],
      [
        0.0,
        0.0,
        0.0,
        0.0,
        1.0,
        0.0
      ],
      [
        0.0,
        0.0,
        0.0,
        0.0,
        0.0,
        1.0
      ]
    ],
    "reversion": [
      [
        1.4454107568436916,
        0.03147658405700565,
        0.796402953071894,
        1.4470842524364886,
        1.4470842524364886,
        0.0
      ],
      [
        0.03147658405700565,
        1.0027498709330334,
        0.06916054537338641,
        0.10920260812150721,
        0.10920260812150721,
        0.0
      ],
      [
        0.796402953071894,
        0.06916054537338641,
        2.864014819710794,
        2.7760182449894866,
        2.7760182449894866,
        0.0
      ],
      [
        1.4470842524364886,
        0.10920260812150721,
        2.7760182449894866,
        5.817991691330282,
        4.817991691330291,
        0.0
      ],
      [
        1.4470842524364886,
        0.10920260812150721,
        2.7760182449894866,
        4.817991691330291,
        5.817991691330282,
        0.0
      ],
      [
        0.0,
        0.0,
        0.0,
        0.0,
        0.0,
        1.0
      ]
    ],
    "vwap": [
      [
        1.0,
        0.0,
        0.0,
        0.0,
        0.0,
        0.0
      ],
      [
        0.0,
        1.0,
        0.0,
        0.0,
        0.0,
        0.0
      ],
      [
        0.0,
        0.0,
        1.0,
        0.0,
        0.0,
        0.0
      ],
      [
        0.0,
        0.0,
        0.0,
        1.0,
        0.0,
        0.0
      ],
      [
        0.0,
        0.0,
        0.0,
        0.0,
        1.0,
        0.0
      ],
      [
        0.0,
        0.0,
        0.0,
        0.0,
        0.0,
        1.0
      ]
    ]
  },
  "b": {
    "trend": [
      [
        0.12420722554619813
      ],
      [
        0.07464317170559781
      ],
      [
        1.358622993977463
      ],
      [
        0.29118550740677285
      ],
      [
        0.29118550740677285
      ],
      [
        0.0
      ]
    ],
    "breakout": [
      [
        0.0
      ],
      [
        0.0
      ],
      [
        0.0
      ],
      [
        0.0
      ],
      [
        0.0
      ],
      [
        0.0
      ]
    ],
    "reversion": [
      [
        -0.4599082862884144
      ],
      [
        -0.14582200468771608
      ],
      [
        -4.020621656317033
      ],
      [
        -3.405134630093849
      ],
      [
        -3.405134630093849
      ],
      [
        0.0
      ]
    ],
    "vwap": [
      [
        0.0
      ],
      [
        0.0
      ],
      [
        0.0
      ],
      [
        0.0
      ],
      [
        0.0
      ],
      [
        0.0
      ]
    ]
  },
  "counts": {
    "trend": 1,
    "breakout": 0,
    "reversion": 7,
    "vwap": 0
  },
  "reward_sum": {
    "trend": 0.29118550740677285,
    "breakout": 0.0,
    "reversion": -3.405134630093849,
    "vwap": 0.0
  },
  "disabled_until": {
    "trend": 0.0,
    "breakout": 0.0,
    "reversion": 0.0,
    "vwap": 0.0
  },
  "_snapshot_time": "2025-09-19T12:59:00.120264"
}