{
  "arms": [
    "trend",
    "breakout",
    "reversion",
    "vwap"
  ],
  "d": 6,
  "alpha": 0.6,
  "alpha_base": 0.6,
  "alpha_boost_until": 0.0,
  "A": {
    "trend": [
      [
        1.002969637934302,
        0.0017846239883292955,
        0.032482960339775054,
        0.0069618778208080075,
        0.0069618778208080075,
        0.0
      ],
      [
        0.0017846239883292955,
        1.0010724818480146,
        0.019520854567724948,
        0.004183787531577068,
        0.004183787531577068,
        0.0
      ],
      [
        0.032482960339775054,
        0.019520854567724948,
        1.3553102215753228,
        0.07615150605786132,
        0.07615150605786132,
        0.0
      ],
      [
        0.0069618778208080075,
        0.004183787531577068,
        0.07615150605786132,
        1.0163210949833332,
        0.01632109498333433,
        0.0
      ],
      [
        0.0069618778208080075,
        0.004183787531577068,
        0.07615150605786132,
        0.01632109498333433,
        1.0163210949833332,
        0.0
      ],
      [
        0.0,
        0.0,
        0.0,
        0.0,
        0.0,
        1.0
      ]
    ],
    "breakout": [
      [
        1.0,
        0.0,
        0.0,
        0.0,
        0.0,
        0.0
      ],
      [
        0.0,
        1.0,
        0.0,
        0.0,
        0.0,
        0.0
      ],
      [
        0.0,
        0.0,
        1.0,
        0.0,
        0.0,
        0.0
      ],
      [
        0.0,
        0.0,
        0.0,
        1.0,
        0.0,
        0.0
      ],
      [
        0.0,
        0.0,
        0.0,
        0.0,
        1.0,
        0.0
      ],
      [
        0.0,
        0.0,
        0.0,
        0.0,
        0.0,
        1.0
      ]
    ],
    "reversion": [
      [
        1.1591600447233477,
        0.012955074485228387,
        0.46565793754692913,
        0.5215787254340974,
        0.5215787254340974,
        0.0
      ],
      [
        0.012955074485228387,
        1.0011547042665465,
        0.04371603384586838,
        0.04291398843395813,
        0.04291398843395813,
        0.0
      ],
      [
        0.46565793754692913,
        0.04371603384586838,
        2.7635876598824733,
        1.5384852756855023,
        1.5384852756855023,
        0.0
      ],
      [
        0.5215787254340974,
        0.04291398843395813,
        1.5384852756855023,
        2.717996931869367,
        1.7179969318693822,
        0.0
      ],
      [
        0.5215787254340974,
        0.04291398843395813,
        1.5384852756855023,
        1.7179969318693822,
        2.717996931869367,
        0.0
      ],
      [
        0.0,
        0.0,
        0.0,
        0.0,
        0.0,
        1.0
      ]
    ],
    "vwap": [
      [
        1.0,
        0.0,
        0.0,
        0.0,
        0.0,
        0.0
      ],
      [
        0.0,
        1.0,
        0.0,
        0.0,
        0.0,
        0.0
      ],
      [
        0.0,
        0.0,
        1.0,
        0.0,
        0.0,
        0.0
      ],
      [
        0.0,
        0.0,
        0.0,
        1.0,
        0.0,
        0.0
      ],
      [
        0.0,
        0.0,
        0.0,
        0.0,
        1.0,
        0.0
      ],
      [
        0.0,
        0.0,
        0.0,
        0.0,
        0.0,
        1.0
      ]
    ]
  },
  "b": {
    "trend": [
      [
        0.007097836102255049
      ],
      [
        0.004265492579751383
      ],
      [
        0.07763866629820435
      ],
      [
        0.016639829106854333
      ],
      [
        0.016639829106854333
      ],
      [
        0.0
      ]
    ],
    "breakout": [
      [
        0.0
      ],
      [
        0.0
      ],
      [
        0.0
      ],
      [
        0.0
      ],
      [
        0.0
      ],
      [
        0.0
      ]
    ],
    "reversion": [
      [
        -0.5465465363832133
      ],
      [
        -0.05259839756888563
      ],
      [
        -1.879426577331637
      ],
      [
        -1.9331946849865174
      ],
      [
        -1.9331946849865174
      ],
      [
        0.0
      ]
    ],
    "vwap": [
      [
        0.0
      ],
      [
        0.0
      ],
      [
        0.0
      ],
      [
        0.0
      ],
      [
        0.0
      ],
      [
        0.0
      ]
    ]
  },
  "counts": {
    "trend": 1,
    "breakout": 0,
    "reversion": 10,
    "vwap": 0
  },
  "reward_sum": {
    "trend": 0.016639829106854333,
    "breakout": 0.0,
    "reversion": -1.9331946849865174,
    "vwap": 0.0
  },
  "disabled_until": {
    "trend": 0.0,
    "breakout": 0.0,
    "reversion": 0.0,
    "vwap": 0.0
  },
  "_snapshot_time": "2025-09-26T12:19:00.838547"
}