{
  "arms": [
    "trend",
    "breakout",
    "reversion",
    "vwap"
  ],
  "d": 6,
  "alpha": 0.6,
  "alpha_base": 0.6,
  "alpha_boost_until": 0.0,
  "A": {
    "trend": [
      [
        1.0753037183396237,
        0.045254278512193345,
        0.823698966129479,
        0.17653845287916944,
        0.17653845287916944,
        0.0
      ],
      [
        0.045254278512193345,
        1.0271958645444679,
        0.4950074610567459,
        0.10609197647683694,
        0.10609197647683694,
        0.0
      ],
      [
        0.823698966129479,
        0.4950074610567459,
        10.00991347788165,
        1.9310406487876675,
        1.9310406487876675,
        0.0
      ],
      [
        0.17653845287916944,
        0.10609197647683694,
        1.9310406487876675,
        1.413868345841986,
        0.41386834584198684,
        0.0
      ],
      [
        0.17653845287916944,
        0.10609197647683694,
        1.9310406487876675,
        0.41386834584198684,
        1.413868345841986,
        0.0
      ],
      [
        0.0,
        0.0,
        0.0,
        0.0,
        0.0,
        1.0
      ]
    ],
    "breakout": [
      [
        1.0,
        0.0,
        0.0,
        0.0,
        0.0,
        0.0
      ],
      [
        0.0,
        1.0,
        0.0,
        0.0,
        0.0,
        0.0
      ],
      [
        0.0,
        0.0,
        1.0,
        0.0,
        0.0,
        0.0
      ],
      [
        0.0,
        0.0,
        0.0,
        1.0,
        0.0,
        0.0
      ],
      [
        0.0,
        0.0,
        0.0,
        0.0,
        1.0,
        0.0
      ],
      [
        0.0,
        0.0,
        0.0,
        0.0,
        0.0,
        1.0
      ]
    ],
    "reversion": [
      [
        1.0612488024325994,
        0.006209400648976661,
        0.17502561506404155,
        0.21054400868468043,
        0.21054400868468043,
        0.0
      ],
      [
        0.006209400648976661,
        1.000673925479547,
        0.018100040931080526,
        0.021131152546022585,
        0.021131152546022585,
        0.0
      ],
      [
        0.17502561506404155,
        0.018100040931080526,
        1.503008738587885,
        0.5999408358906224,
        0.5999408358906224,
        0.0
      ],
      [
        0.21054400868468043,
        0.021131152546022585,
        0.5999408358906224,
        1.724778347821616,
        0.7247783478216253,
        0.0
      ],
      [
        0.21054400868468043,
        0.021131152546022585,
        0.5999408358906224,
        0.7247783478216253,
        1.724778347821616,
        0.0
      ],
      [
        0.0,
        0.0,
        0.0,
        0.0,
        0.0,
        1.0
      ]
    ],
    "vwap": [
      [
        1.0,
        0.0,
        0.0,
        0.0,
        0.0,
        0.0
      ],
      [
        0.0,
        1.0,
        0.0,
        0.0,
        0.0,
        0.0
      ],
      [
        0.0,
        0.0,
        1.0,
        0.0,
        0.0,
        0.0
      ],
      [
        0.0,
        0.0,
        0.0,
        1.0,
        0.0,
        0.0
      ],
      [
        0.0,
        0.0,
        0.0,
        0.0,
        1.0,
        0.0
      ],
      [
        0.0,
        0.0,
        0.0,
        0.0,
        0.0,
        1.0
      ]
    ]
  },
  "b": {
    "trend": [
      [
        0.1799860664800624
      ],
      [
        0.10816384317262993
      ],
      [
        1.9687518776789397
      ],
      [
        0.4219507670642946
      ],
      [
        0.4219507670642946
      ],
      [
        0.0
      ]
    ],
    "breakout": [
      [
        0.0
      ],
      [
        0.0
      ],
      [
        0.0
      ],
      [
        0.0
      ],
      [
        0.0
      ],
      [
        0.0
      ]
    ],
    "reversion": [
      [
        0.083939736207882
      ],
      [
        0.009133052854977897
      ],
      [
        0.24486226265779368
      ],
      [
        0.2855447149032807
      ],
      [
        0.2855447149032807
      ],
      [
        0.0
      ]
    ],
    "vwap": [
      [
        0.0
      ],
      [
        0.0
      ],
      [
        0.0
      ],
      [
        0.0
      ],
      [
        0.0
      ],
      [
        0.0
      ]
    ]
  },
  "counts": {
    "trend": 1,
    "breakout": 0,
    "reversion": 2,
    "vwap": 0
  },
  "reward_sum": {
    "trend": 0.4219507670642946,
    "breakout": 0.0,
    "reversion": 0.2855447149032807,
    "vwap": 0.0
  },
  "disabled_until": {
    "trend": 0.0,
    "breakout": 0.0,
    "reversion": 0.0,
    "vwap": 0.0
  },
  "_snapshot_time": "2025-09-19T00:36:00.426661"
}