{
  "arms": [
    "trend",
    "breakout",
    "reversion",
    "vwap"
  ],
  "d": 6,
  "alpha": 0.6,
  "alpha_base": 0.6,
  "alpha_boost_until": 0.0,
  "A": {
    "trend": [
      [
        1.1053586049026456,
        0.06331596573248682,
        1.1524500495414303,
        0.24699769834916283,
        0.24699769834916283,
        0.0
      ],
      [
        0.06331596573248682,
        1.038050157558009,
        0.6925726466537181,
        0.14843493627435225,
        0.14843493627435225,
        0.0
      ],
      [
        1.1524500495414303,
        0.6925726466537181,
        13.605910242597615,
        2.70174904045229,
        2.70174904045229,
        0.0
      ],
      [
        0.24699769834916283,
        0.14843493627435225,
        2.70174904045229,
        1.579049647118596,
        0.5790496471185967,
        0.0
      ],
      [
        0.24699769834916283,
        0.14843493627435225,
        2.70174904045229,
        0.5790496471185967,
        1.579049647118596,
        0.0
      ],
      [
        0.0,
        0.0,
        0.0,
        0.0,
        0.0,
        1.0
      ]
    ],
    "breakout": [
      [
        1.0,
        0.0,
        0.0,
        0.0,
        0.0,
        0.0
      ],
      [
        0.0,
        1.0,
        0.0,
        0.0,
        0.0,
        0.0
      ],
      [
        0.0,
        0.0,
        1.0,
        0.0,
        0.0,
        0.0
      ],
      [
        0.0,
        0.0,
        0.0,
        1.0,
        0.0,
        0.0
      ],
      [
        0.0,
        0.0,
        0.0,
        0.0,
        1.0,
        0.0
      ],
      [
        0.0,
        0.0,
        0.0,
        0.0,
        0.0,
        1.0
      ]
    ],
    "reversion": [
      [
        1.0856941532043964,
        0.008687669136167003,
        0.2448810634052283,
        0.29457540098595925,
        0.29457540098595925,
        0.0
      ],
      [
        0.008687669136167003,
        1.0009428996323007,
        0.025324049107094227,
        0.029564924565782722,
        0.029564924565782722,
        0.0
      ],
      [
        0.2448810634052283,
        0.025324049107094227,
        1.7037673586374957,
        0.8393865653285189,
        0.8393865653285189,
        0.0
      ],
      [
        0.29457540098595925,
        0.029564924565782722,
        0.8393865653285189,
        2.0140486721483644,
        1.0140486721483757,
        0.0
      ],
      [
        0.29457540098595925,
        0.029564924565782722,
        0.8393865653285189,
        1.0140486721483757,
        2.0140486721483644,
        0.0
      ],
      [
        0.0,
        0.0,
        0.0,
        0.0,
        0.0,
        1.0
      ]
    ],
    "vwap": [
      [
        1.0,
        0.0,
        0.0,
        0.0,
        0.0,
        0.0
      ],
      [
        0.0,
        1.0,
        0.0,
        0.0,
        0.0,
        0.0
      ],
      [
        0.0,
        0.0,
        1.0,
        0.0,
        0.0,
        0.0
      ],
      [
        0.0,
        0.0,
        0.0,
        1.0,
        0.0,
        0.0
      ],
      [
        0.0,
        0.0,
        0.0,
        0.0,
        1.0,
        0.0
      ],
      [
        0.0,
        0.0,
        0.0,
        0.0,
        0.0,
        1.0
      ]
    ]
  },
  "b": {
    "trend": [
      [
        0.2518213082218555
      ],
      [
        0.15133371723000852
      ],
      [
        2.7545114080053708
      ],
      [
        0.5903578885041988
      ],
      [
        0.5903578885041988
      ],
      [
        0.0
      ]
    ],
    "breakout": [
      [
        0.0
      ],
      [
        0.0
      ],
      [
        0.0
      ],
      [
        0.0
      ],
      [
        0.0
      ],
      [
        0.0
      ]
    ],
    "reversion": [
      [
        0.1174413919757938
      ],
      [
        0.012778196462528119
      ],
      [
        0.342590604498152
      ],
      [
        0.3995100569118009
      ],
      [
        0.3995100569118009
      ],
      [
        0.0
      ]
    ],
    "vwap": [
      [
        0.0
      ],
      [
        0.0
      ],
      [
        0.0
      ],
      [
        0.0
      ],
      [
        0.0
      ],
      [
        0.0
      ]
    ]
  },
  "counts": {
    "trend": 1,
    "breakout": 0,
    "reversion": 2,
    "vwap": 0
  },
  "reward_sum": {
    "trend": 0.5903578885041988,
    "breakout": 0.0,
    "reversion": 0.3995100569118009,
    "vwap": 0.0
  },
  "disabled_until": {
    "trend": 0.0,
    "breakout": 0.0,
    "reversion": 0.0,
    "vwap": 0.0
  },
  "_snapshot_time": "2025-09-18T11:18:00.896347"
}