{
  "arms": [
    "trend",
    "breakout",
    "reversion",
    "vwap"
  ],
  "d": 6,
  "alpha": 0.6,
  "alpha_base": 0.6,
  "alpha_boost_until": 0.0,
  "A": {
    "trend": [
      [
        1.172190068275703,
        0.1034787853587582,
        1.883476464957396,
        0.4036741999572191,
        0.4036741999572191,
        0.0
      ],
      [
        0.1034787853587582,
        1.0621862754719338,
        1.1318879119876661,
        0.24259073888836913,
        0.24259073888836913,
        0.0
      ],
      [
        1.883476464957396,
        1.1318879119876661,
        21.602138262517784,
        4.415532572485848,
        4.415532572485848,
        0.0
      ],
      [
        0.4036741999572191,
        0.24259073888836913,
        4.415532572485848,
        1.9463545798134434,
        0.946354579813443,
        0.0
      ],
      [
        0.4036741999572191,
        0.24259073888836913,
        4.415532572485848,
        0.946354579813443,
        1.9463545798134434,
        0.0
      ],
      [
        0.0,
        0.0,
        0.0,
        0.0,
        0.0,
        1.0
      ]
    ],
    "breakout": [
      [
        1.0,
        0.0,
        0.0,
        0.0,
        0.0,
        0.0
      ],
      [
        0.0,
        1.0,
        0.0,
        0.0,
        0.0,
        0.0
      ],
      [
        0.0,
        0.0,
        1.0,
        0.0,
        0.0,
        0.0
      ],
      [
        0.0,
        0.0,
        0.0,
        1.0,
        0.0,
        0.0
      ],
      [
        0.0,
        0.0,
        0.0,
        0.0,
        1.0,
        0.0
      ],
      [
        0.0,
        0.0,
        0.0,
        0.0,
        0.0,
        1.0
      ]
    ],
    "reversion": [
      [
        1.140051988204744,
        0.014198463837819504,
        0.4002149332381162,
        0.4814315684512413,
        0.4814315684512413,
        0.0
      ],
      [
        0.014198463837819504,
        1.001541003245185,
        0.04138769442512189,
        0.04831865782820693,
        0.04831865782820693,
        0.0
      ],
      [
        0.4002149332381162,
        0.04138769442512189,
        2.150183695446407,
        1.3718293833444388,
        1.3718293833444388,
        0.0
      ],
      [
        0.4814315684512413,
        0.04831865782820693,
        1.3718293833444388,
        2.6572838094568505,
        1.6572838094568547,
        0.0
      ],
      [
        0.4814315684512413,
        0.04831865782820693,
        1.3718293833444388,
        1.6572838094568547,
        2.6572838094568505,
        0.0
      ],
      [
        0.0,
        0.0,
        0.0,
        0.0,
        0.0,
        1.0
      ]
    ],
    "vwap": [
      [
        1.0,
        0.0,
        0.0,
        0.0,
        0.0,
        0.0
      ],
      [
        0.0,
        1.0,
        0.0,
        0.0,
        0.0,
        0.0
      ],
      [
        0.0,
        0.0,
        1.0,
        0.0,
        0.0,
        0.0
      ],
      [
        0.0,
        0.0,
        0.0,
        1.0,
        0.0,
        0.0
      ],
      [
        0.0,
        0.0,
        0.0,
        0.0,
        1.0,
        0.0
      ],
      [
        0.0,
        0.0,
        0.0,
        0.0,
        0.0,
        1.0
      ]
    ]
  },
  "b": {
    "trend": [
      [
        0.41155754004208245
      ],
      [
        0.24732828539567117
      ],
      [
        4.501763361890734
      ],
      [
        0.9648359070677682
      ],
      [
        0.9648359070677682
      ],
      [
        0.0
      ]
    ],
    "breakout": [
      [
        0.0
      ],
      [
        0.0
      ],
      [
        0.0
      ],
      [
        0.0
      ],
      [
        0.0
      ],
      [
        0.0
      ]
    ],
    "reversion": [
      [
        0.19193725392806435
      ],
      [
        0.020883709720304306
      ],
      [
        0.5599039550083329
      ],
      [
        0.6529287668533478
      ],
      [
        0.6529287668533478
      ],
      [
        0.0
      ]
    ],
    "vwap": [
      [
        0.0
      ],
      [
        0.0
      ],
      [
        0.0
      ],
      [
        0.0
      ],
      [
        0.0
      ],
      [
        0.0
      ]
    ]
  },
  "counts": {
    "trend": 1,
    "breakout": 0,
    "reversion": 2,
    "vwap": 0
  },
  "reward_sum": {
    "trend": 0.9648359070677682,
    "breakout": 0.0,
    "reversion": 0.6529287668533478,
    "vwap": 0.0
  },
  "disabled_until": {
    "trend": 0.0,
    "breakout": 0.0,
    "reversion": 0.0,
    "vwap": 0.0
  },
  "_snapshot_time": "2025-09-17T17:26:49.131645"
}