{
  "arms": [
    "trend",
    "breakout",
    "reversion",
    "vwap"
  ],
  "d": 6,
  "alpha": 0.6,
  "alpha_base": 0.6,
  "alpha_boost_until": 0.0,
  "A": {
    "trend": [
      [
        1.0349741988848749,
        0.021017981209623785,
        0.38256027853435487,
        0.08199184712205025,
        0.08199184712205025,
        0.0
      ],
      [
        0.021017981209623785,
        1.012630897867945,
        0.2299021851008186,
        0.049273554708892324,
        0.049273554708892324,
        0.0
      ],
      [
        0.38256027853435487,
        0.2299021851008186,
        5.184580959067313,
        0.8968561074353057,
        0.8968561074353057,
        0.0
      ],
      [
        0.08199184712205025,
        0.049273554708892324,
        0.8968561074353057,
        1.1922177836471581,
        0.192217783647157,
        0.0
      ],
      [
        0.08199184712205025,
        0.049273554708892324,
        0.8968561074353057,
        0.192217783647157,
        1.1922177836471581,
        0.0
      ],
      [
        0.0,
        0.0,
        0.0,
        0.0,
        0.0,
        1.0
      ]
    ],
    "breakout": [
      [
        1.0,
        0.0,
        0.0,
        0.0,
        0.0,
        0.0
      ],
      [
        0.0,
        1.0,
        0.0,
        0.0,
        0.0,
        0.0
      ],
      [
        0.0,
        0.0,
        1.0,
        0.0,
        0.0,
        0.0
      ],
      [
        0.0,
        0.0,
        0.0,
        1.0,
        0.0,
        0.0
      ],
      [
        0.0,
        0.0,
        0.0,
        0.0,
        1.0,
        0.0
      ],
      [
        0.0,
        0.0,
        0.0,
        0.0,
        0.0,
        1.0
      ]
    ],
    "reversion": [
      [
        1.4033410775318993,
        0.026283178542431288,
        0.6774266005535049,
        1.2672334259027898,
        1.2672334259027898,
        0.0
      ],
      [
        0.026283178542431288,
        1.0021017282841425,
        0.053509010460409165,
        0.08793550602233959,
        0.08793550602233959,
        0.0
      ],
      [
        0.6774266005535049,
        0.053509010460409165,
        2.447647970277878,
        2.268853975948613,
        2.268853975948613,
        0.0
      ],
      [
        1.2672334259027898,
        0.08793550602233959,
        2.268853975948613,
        5.073289189064647,
        4.073289189064662,
        0.0
      ],
      [
        1.2672334259027898,
        0.08793550602233959,
        2.268853975948613,
        4.073289189064662,
        5.073289189064647,
        0.0
      ],
      [
        0.0,
        0.0,
        0.0,
        0.0,
        0.0,
        1.0
      ]
    ],
    "vwap": [
      [
        1.0,
        0.0,
        0.0,
        0.0,
        0.0,
        0.0
      ],
      [
        0.0,
        1.0,
        0.0,
        0.0,
        0.0,
        0.0
      ],
      [
        0.0,
        0.0,
        1.0,
        0.0,
        0.0,
        0.0
      ],
      [
        0.0,
        0.0,
        0.0,
        1.0,
        0.0,
        0.0
      ],
      [
        0.0,
        0.0,
        0.0,
        0.0,
        1.0,
        0.0
      ],
      [
        0.0,
        0.0,
        0.0,
        0.0,
        0.0,
        1.0
      ]
    ]
  },
  "b": {
    "trend": [
      [
        0.0835930631896556
      ],
      [
        0.050235816327300155
      ],
      [
        0.9143707806615079
      ],
      [
        0.1959715983794581
      ],
      [
        0.1959715983794581
      ],
      [
        0.0
      ]
    ],
    "breakout": [
      [
        0.0
      ],
      [
        0.0
      ],
      [
        0.0
      ],
      [
        0.0
      ],
      [
        0.0
      ],
      [
        0.0
      ]
    ],
    "reversion": [
      [
        -0.01152927084600993
      ],
      [
        -0.08346954194589402
      ],
      [
        -2.298997982932036
      ],
      [
        -1.4477611578545082
      ],
      [
        -1.4477611578545082
      ],
      [
        0.0
      ]
    ],
    "vwap": [
      [
        0.0
      ],
      [
        0.0
      ],
      [
        0.0
      ],
      [
        0.0
      ],
      [
        0.0
      ],
      [
        0.0
      ]
    ]
  },
  "counts": {
    "trend": 1,
    "breakout": 0,
    "reversion": 8,
    "vwap": 0
  },
  "reward_sum": {
    "trend": 0.1959715983794581,
    "breakout": 0.0,
    "reversion": -1.4477611578545082,
    "vwap": 0.0
  },
  "disabled_until": {
    "trend": 0.0,
    "breakout": 0.0,
    "reversion": 0.0,
    "vwap": 0.0
  },
  "_snapshot_time": "2025-09-22T08:48:00.890850"
}