{
  "arms": [
    "trend",
    "breakout",
    "reversion",
    "vwap"
  ],
  "d": 6,
  "alpha": 0.6,
  "alpha_base": 0.6,
  "alpha_boost_until": 0.0,
  "A": {
    "trend": [
      [
        1.0216154124558496,
        0.012989928213388891,
        0.23643710144625626,
        0.0506741440852993,
        0.0506741440852993,
        0.0
      ],
      [
        0.012989928213388891,
        1.0078063851584442,
        0.14208847418673343,
        0.03045296939336536,
        0.03045296939336536,
        0.0
      ],
      [
        0.23643710144625626,
        0.14208847418673343,
        3.5862334597819925,
        0.5542918864153149,
        0.5542918864153149,
        0.0
      ],
      [
        0.0506741440852993,
        0.03045296939336536,
        0.5542918864153149,
        1.1187980513451983,
        0.11879805134519765,
        0.0
      ],
      [
        0.0506741440852993,
        0.03045296939336536,
        0.5542918864153149,
        0.11879805134519765,
        1.1187980513451983,
        0.0
      ],
      [
        0.0,
        0.0,
        0.0,
        0.0,
        0.0,
        1.0
      ]
    ],
    "breakout": [
      [
        1.0,
        0.0,
        0.0,
        0.0,
        0.0,
        0.0
      ],
      [
        0.0,
        1.0,
        0.0,
        0.0,
        0.0,
        0.0
      ],
      [
        0.0,
        0.0,
        1.0,
        0.0,
        0.0,
        0.0
      ],
      [
        0.0,
        0.0,
        0.0,
        1.0,
        0.0,
        0.0
      ],
      [
        0.0,
        0.0,
        0.0,
        0.0,
        1.0,
        0.0
      ],
      [
        0.0,
        0.0,
        0.0,
        0.0,
        0.0,
        1.0
      ]
    ],
    "reversion": [
      [
        1.249280441846207,
        0.01624402453693016,
        0.4186759338713676,
        0.7831994456511726,
        0.7831994456511726,
        0.0
      ],
      [
        0.01624402453693016,
        1.0012989496594726,
        0.03307064544961746,
        0.054347555992446554,
        0.054347555992446554,
        0.0
      ],
      [
        0.4186759338713676,
        0.03307064544961746,
        1.8947026369762487,
        1.4022398240959306,
        1.4022398240959306,
        0.0
      ],
      [
        0.7831994456511726,
        0.054347555992446554,
        1.4022398240959306,
        3.517450826061985,
        2.5174508260620003,
        0.0
      ],
      [
        0.7831994456511726,
        0.054347555992446554,
        1.4022398240959306,
        2.5174508260620003,
        3.517450826061985,
        0.0
      ],
      [
        0.0,
        0.0,
        0.0,
        0.0,
        0.0,
        1.0
      ]
    ],
    "vwap": [
      [
        1.0,
        0.0,
        0.0,
        0.0,
        0.0,
        0.0
      ],
      [
        0.0,
        1.0,
        0.0,
        0.0,
        0.0,
        0.0
      ],
      [
        0.0,
        0.0,
        1.0,
        0.0,
        0.0,
        0.0
      ],
      [
        0.0,
        0.0,
        0.0,
        1.0,
        0.0,
        0.0
      ],
      [
        0.0,
        0.0,
        0.0,
        0.0,
        1.0,
        0.0
      ],
      [
        0.0,
        0.0,
        0.0,
        0.0,
        0.0,
        1.0
      ]
    ]
  },
  "b": {
    "trend": [
      [
        0.051663757767263924
      ],
      [
        0.031047684424316747
      ],
      [
        0.5651166343118995
      ],
      [
        0.12111805455638261
      ],
      [
        0.12111805455638261
      ],
      [
        0.0
      ]
    ],
    "breakout": [
      [
        0.0
      ],
      [
        0.0
      ],
      [
        0.0
      ],
      [
        0.0
      ],
      [
        0.0
      ],
      [
        0.0
      ]
    ],
    "reversion": [
      [
        -0.007125536898558639
      ],
      [
        -0.05158741684406637
      ],
      [
        -1.4208699904698183
      ],
      [
        -0.8947725912920567
      ],
      [
        -0.8947725912920567
      ],
      [
        0.0
      ]
    ],
    "vwap": [
      [
        0.0
      ],
      [
        0.0
      ],
      [
        0.0
      ],
      [
        0.0
      ],
      [
        0.0
      ],
      [
        0.0
      ]
    ]
  },
  "counts": {
    "trend": 1,
    "breakout": 0,
    "reversion": 8,
    "vwap": 0
  },
  "reward_sum": {
    "trend": 0.12111805455638261,
    "breakout": 0.0,
    "reversion": -0.8947725912920567,
    "vwap": 0.0
  },
  "disabled_until": {
    "trend": 0.0,
    "breakout": 0.0,
    "reversion": 0.0,
    "vwap": 0.0
  },
  "_snapshot_time": "2025-09-23T04:48:00.456143"
}