{
  "arms": [
    "trend",
    "breakout",
    "reversion",
    "vwap"
  ],
  "d": 6,
  "alpha": 0.6,
  "alpha_base": 0.6,
  "alpha_boost_until": 0.0,
  "A": {
    "trend": [
      [
        1.0160814531915352,
        0.009664257989602715,
        0.17590467854436034,
        0.03770059339803464,
        0.03770059339803464,
        0.0
      ],
      [
        0.009664257989602715,
        1.005807801159336,
        0.10571110550666807,
        0.02265642641994077,
        0.02265642641994077,
        0.0
      ],
      [
        0.17590467854436034,
        0.10571110550666807,
        2.924108198759268,
        0.4123825554586071,
        0.4123825554586071,
        0.0
      ],
      [
        0.03770059339803464,
        0.02265642641994077,
        0.4123825554586071,
        1.0883834766445206,
        0.08838347664452084,
        0.0
      ],
      [
        0.03770059339803464,
        0.02265642641994077,
        0.4123825554586071,
        0.08838347664452084,
        1.0883834766445206,
        0.0
      ],
      [
        0.0,
        0.0,
        0.0,
        0.0,
        0.0,
        1.0
      ]
    ],
    "breakout": [
      [
        1.0,
        0.0,
        0.0,
        0.0,
        0.0,
        0.0
      ],
      [
        0.0,
        1.0,
        0.0,
        0.0,
        0.0,
        0.0
      ],
      [
        0.0,
        0.0,
        1.0,
        0.0,
        0.0,
        0.0
      ],
      [
        0.0,
        0.0,
        0.0,
        1.0,
        0.0,
        0.0
      ],
      [
        0.0,
        0.0,
        0.0,
        0.0,
        1.0,
        0.0
      ],
      [
        0.0,
        0.0,
        0.0,
        0.0,
        0.0,
        1.0
      ]
    ],
    "reversion": [
      [
        1.1854598780061618,
        0.012085243377443905,
        0.31148688218309606,
        0.5826853986987587,
        0.5826853986987587,
        0.0
      ],
      [
        0.012085243377443905,
        1.0009663936873585,
        0.024603927308725616,
        0.04043354155521988,
        0.04043354155521988,
        0.0
      ],
      [
        0.31148688218309606,
        0.024603927308725616,
        1.6656416390972915,
        1.043239593071068,
        1.043239593071068,
        0.0
      ],
      [
        0.5826853986987587,
        0.04043354155521988,
        1.043239593071068,
        2.8729352356331646,
        1.8729352356331814,
        0.0
      ],
      [
        0.5826853986987587,
        0.04043354155521988,
        1.043239593071068,
        1.8729352356331814,
        2.8729352356331646,
        0.0
      ],
      [
        0.0,
        0.0,
        0.0,
        0.0,
        0.0,
        1.0
      ]
    ],
    "vwap": [
      [
        1.0,
        0.0,
        0.0,
        0.0,
        0.0,
        0.0
      ],
      [
        0.0,
        1.0,
        0.0,
        0.0,
        0.0,
        0.0
      ],
      [
        0.0,
        0.0,
        1.0,
        0.0,
        0.0,
        0.0
      ],
      [
        0.0,
        0.0,
        0.0,
        1.0,
        0.0,
        0.0
      ],
      [
        0.0,
        0.0,
        0.0,
        0.0,
        1.0,
        0.0
      ],
      [
        0.0,
        0.0,
        0.0,
        0.0,
        0.0,
        1.0
      ]
    ]
  },
  "b": {
    "trend": [
      [
        0.038436847038196324
      ],
      [
        0.02309888302131635
      ],
      [
        0.4204359607297137
      ],
      [
        0.09010951463343671
      ],
      [
        0.09010951463343671
      ],
      [
        0.0
      ]
    ],
    "breakout": [
      [
        0.0
      ],
      [
        0.0
      ],
      [
        0.0
      ],
      [
        0.0
      ],
      [
        0.0
      ],
      [
        0.0
      ]
    ],
    "reversion": [
      [
        -0.005301263084050476
      ],
      [
        -0.03838005085234941
      ],
      [
        -1.0571000803092416
      ],
      [
        -0.665693683769467
      ],
      [
        -0.665693683769467
      ],
      [
        0.0
      ]
    ],
    "vwap": [
      [
        0.0
      ],
      [
        0.0
      ],
      [
        0.0
      ],
      [
        0.0
      ],
      [
        0.0
      ],
      [
        0.0
      ]
    ]
  },
  "counts": {
    "trend": 1,
    "breakout": 0,
    "reversion": 8,
    "vwap": 0
  },
  "reward_sum": {
    "trend": 0.09010951463343671,
    "breakout": 0.0,
    "reversion": -0.665693683769467,
    "vwap": 0.0
  },
  "disabled_until": {
    "trend": 0.0,
    "breakout": 0.0,
    "reversion": 0.0,
    "vwap": 0.0
  },
  "_snapshot_time": "2025-09-23T15:35:00.599389"
}