{
  "arms": [
    "trend",
    "breakout",
    "reversion",
    "vwap"
  ],
  "d": 6,
  "alpha": 0.6,
  "alpha_base": 0.6,
  "alpha_boost_until": 0.0,
  "A": {
    "trend": [
      [
        1.017777213001835,
        0.010683336309202257,
        0.19445350499472433,
        0.041676051980505065,
        0.041676051980505065,
        0.0
      ],
      [
        0.010683336309202257,
        1.006420223163424,
        0.11685814813308021,
        0.025045505125104055,
        0.025045505125104055,
        0.0
      ],
      [
        0.19445350499472433,
        0.11685814813308021,
        3.127001887237874,
        0.4558675412796652,
        0.4558675412796652,
        0.0
      ],
      [
        0.041676051980505065,
        0.025045505125104055,
        0.4558675412796652,
        1.097703352516643,
        0.09770335251664321,
        0.0
      ],
      [
        0.041676051980505065,
        0.025045505125104055,
        0.4558675412796652,
        0.09770335251664321,
        1.097703352516643,
        0.0
      ],
      [
        0.0,
        0.0,
        0.0,
        0.0,
        0.0,
        1.0
      ]
    ],
    "breakout": [
      [
        1.0,
        0.0,
        0.0,
        0.0,
        0.0,
        0.0
      ],
      [
        0.0,
        1.0,
        0.0,
        0.0,
        0.0,
        0.0
      ],
      [
        0.0,
        0.0,
        1.0,
        0.0,
        0.0,
        0.0
      ],
      [
        0.0,
        0.0,
        0.0,
        1.0,
        0.0,
        0.0
      ],
      [
        0.0,
        0.0,
        0.0,
        0.0,
        1.0,
        0.0
      ],
      [
        0.0,
        0.0,
        0.0,
        0.0,
        0.0,
        1.0
      ]
    ],
    "reversion": [
      [
        1.205016282753943,
        0.013359610175835151,
        0.3443326038943703,
        0.6441285076886016,
        0.6441285076886016,
        0.0
      ],
      [
        0.013359610175835151,
        1.0010682981332089,
        0.027198366418722534,
        0.04469718451962357,
        0.04469718451962357,
        0.0
      ],
      [
        0.3443326038943703,
        0.027198366418722534,
        1.735832331828854,
        1.153247299052257,
        1.153247299052257,
        0.0
      ],
      [
        0.6441285076886016,
        0.04469718451962357,
        1.153247299052257,
        3.0704328287956484,
        2.0704328287956644,
        0.0
      ],
      [
        0.6441285076886016,
        0.04469718451962357,
        1.153247299052257,
        2.0704328287956644,
        3.0704328287956484,
        0.0
      ],
      [
        0.0,
        0.0,
        0.0,
        0.0,
        0.0,
        1.0
      ]
    ],
    "vwap": [
      [
        1.0,
        0.0,
        0.0,
        0.0,
        0.0,
        0.0
      ],
      [
        0.0,
        1.0,
        0.0,
        0.0,
        0.0,
        0.0
      ],
      [
        0.0,
        0.0,
        1.0,
        0.0,
        0.0,
        0.0
      ],
      [
        0.0,
        0.0,
        0.0,
        1.0,
        0.0,
        0.0
      ],
      [
        0.0,
        0.0,
        0.0,
        0.0,
        1.0,
        0.0
      ],
      [
        0.0,
        0.0,
        0.0,
        0.0,
        0.0,
        1.0
      ]
    ]
  },
  "b": {
    "trend": [
      [
        0.04248994221969198
      ],
      [
        0.025534617965407708
      ],
      [
        0.4647701633990352
      ],
      [
        0.09961139805287426
      ],
      [
        0.09961139805287426
      ],
      [
        0.0
      ]
    ],
    "breakout": [
      [
        0.0
      ],
      [
        0.0
      ],
      [
        0.0
      ],
      [
        0.0
      ],
      [
        0.0
      ],
      [
        0.0
      ]
    ],
    "reversion": [
      [
        -0.005860271575055315
      ],
      [
        -0.04242715697998344
      ],
      [
        -1.168569349305274
      ],
      [
        -0.7358898645164701
      ],
      [
        -0.7358898645164701
      ],
      [
        0.0
      ]
    ],
    "vwap": [
      [
        0.0
      ],
      [
        0.0
      ],
      [
        0.0
      ],
      [
        0.0
      ],
      [
        0.0
      ],
      [
        0.0
      ]
    ]
  },
  "counts": {
    "trend": 1,
    "breakout": 0,
    "reversion": 8,
    "vwap": 0
  },
  "reward_sum": {
    "trend": 0.09961139805287426,
    "breakout": 0.0,
    "reversion": -0.7358898645164701,
    "vwap": 0.0
  },
  "disabled_until": {
    "trend": 0.0,
    "breakout": 0.0,
    "reversion": 0.0,
    "vwap": 0.0
  },
  "_snapshot_time": "2025-09-23T11:11:00.409793"
}