{
  "arms": [
    "trend",
    "breakout",
    "reversion",
    "vwap"
  ],
  "d": 6,
  "alpha": 0.6,
  "alpha_base": 0.6,
  "alpha_boost_until": 0.0,
  "A": {
    "trend": [
      [
        1.0410590778720348,
        0.024674730364506507,
        0.44911885812722524,
        0.09625694778421787,
        0.09625694778421787,
        0.0
      ],
      [
        0.024674730364506507,
        1.0148284459884493,
        0.2699010133749713,
        0.05784626336928963,
        0.05784626336928963,
        0.0
      ],
      [
        0.44911885812722524,
        0.2699010133749713,
        5.912622474234399,
        1.0528928732981373,
        1.0528928732981373,
        0.0
      ],
      [
        0.09625694778421787,
        0.05784626336928963,
        1.0528928732981373,
        1.2256602066322593,
        0.22566020663225933,
        0.0
      ],
      [
        0.09625694778421787,
        0.05784626336928963,
        1.0528928732981373,
        0.22566020663225933,
        1.2256602066322593,
        0.0
      ],
      [
        0.0,
        0.0,
        0.0,
        0.0,
        0.0,
        1.0
      ]
    ],
    "breakout": [
      [
        1.0,
        0.0,
        0.0,
        0.0,
        0.0,
        0.0
      ],
      [
        0.0,
        1.0,
        0.0,
        0.0,
        0.0,
        0.0
      ],
      [
        0.0,
        0.0,
        1.0,
        0.0,
        0.0,
        0.0
      ],
      [
        0.0,
        0.0,
        0.0,
        1.0,
        0.0,
        0.0
      ],
      [
        0.0,
        0.0,
        0.0,
        0.0,
        1.0,
        0.0
      ],
      [
        0.0,
        0.0,
        0.0,
        0.0,
        0.0,
        1.0
      ]
    ],
    "reversion": [
      [
        1.4735151408581593,
        0.030855976946050547,
        0.795286595020283,
        1.4877091563258116,
        1.4877091563258116,
        0.0
      ],
      [
        0.030855976946050547,
        1.0024673910492843,
        0.06281861193108315,
        0.10323469599326496,
        0.10323469599326496,
        0.0
      ],
      [
        0.795286595020283,
        0.06281861193108315,
        2.699512573214029,
        2.663593593248467,
        2.663593593248467,
        0.0
      ],
      [
        1.4877091563258116,
        0.10323469599326496,
        2.663593593248467,
        5.78196794613219,
        4.781967946132203,
        0.0
      ],
      [
        1.4877091563258116,
        0.10323469599326496,
        2.663593593248467,
        4.781967946132203,
        5.78196794613219,
        0.0
      ],
      [
        0.0,
        0.0,
        0.0,
        0.0,
        0.0,
        1.0
      ]
    ],
    "vwap": [
      [
        1.0,
        0.0,
        0.0,
        0.0,
        0.0,
        0.0
      ],
      [
        0.0,
        1.0,
        0.0,
        0.0,
        0.0,
        0.0
      ],
      [
        0.0,
        0.0,
        1.0,
        0.0,
        0.0,
        0.0
      ],
      [
        0.0,
        0.0,
        0.0,
        1.0,
        0.0,
        0.0
      ],
      [
        0.0,
        0.0,
        0.0,
        0.0,
        1.0,
        0.0
      ],
      [
        0.0,
        0.0,
        0.0,
        0.0,
        0.0,
        1.0
      ]
    ]
  },
  "b": {
    "trend": [
      [
        0.09813674653032135
      ],
      [
        0.05897594113127443
      ],
      [
        1.0734547833583241
      ],
      [
        0.23006711733572072
      ],
      [
        0.23006711733572072
      ],
      [
        0.0
      ]
    ],
    "breakout": [
      [
        0.0
      ],
      [
        0.0
      ],
      [
        0.0
      ],
      [
        0.0
      ],
      [
        0.0
      ],
      [
        0.0
      ]
    ],
    "reversion": [
      [
        -0.013535155759602709
      ],
      [
        -0.09799173482088515
      ],
      [
        -2.69898211305936
      ],
      [
        -1.6996454533848715
      ],
      [
        -1.6996454533848715
      ],
      [
        0.0
      ]
    ],
    "vwap": [
      [
        0.0
      ],
      [
        0.0
      ],
      [
        0.0
      ],
      [
        0.0
      ],
      [
        0.0
      ],
      [
        0.0
      ]
    ]
  },
  "counts": {
    "trend": 1,
    "breakout": 0,
    "reversion": 8,
    "vwap": 0
  },
  "reward_sum": {
    "trend": 0.23006711733572072,
    "breakout": 0.0,
    "reversion": -1.6996454533848715,
    "vwap": 0.0
  },
  "disabled_until": {
    "trend": 0.0,
    "breakout": 0.0,
    "reversion": 0.0,
    "vwap": 0.0
  },
  "_snapshot_time": "2025-09-22T03:23:00.152580"
}