{
  "arms": [
    "trend",
    "breakout",
    "reversion",
    "vwap"
  ],
  "d": 6,
  "alpha": 0.6,
  "alpha_base": 0.6,
  "alpha_boost_until": 0.0,
  "A": {
    "trend": [
      [
        1.008092586554862,
        0.0048632945877388175,
        0.08851960202667276,
        0.018971874718624007,
        0.018971874718624007,
        0.0
      ],
      [
        0.0048632945877388175,
        1.002922629753392,
        0.05319645313976141,
        0.011401276342595884,
        0.011401276342595884,
        0.0
      ],
      [
        0.08851960202667276,
        0.05319645313976141,
        1.9682590219877194,
        0.20752114152968631,
        0.20752114152968631,
        0.0
      ],
      [
        0.018971874718624007,
        0.011401276342595884,
        0.20752114152968631,
        1.044476760044411,
        0.04447676004441063,
        0.0
      ],
      [
        0.018971874718624007,
        0.011401276342595884,
        0.20752114152968631,
        0.04447676004441063,
        1.044476760044411,
        0.0
      ],
      [
        0.0,
        0.0,
        0.0,
        0.0,
        0.0,
        1.0
      ]
    ],
    "breakout": [
      [
        1.0,
        0.0,
        0.0,
        0.0,
        0.0,
        0.0
      ],
      [
        0.0,
        1.0,
        0.0,
        0.0,
        0.0,
        0.0
      ],
      [
        0.0,
        0.0,
        1.0,
        0.0,
        0.0,
        0.0
      ],
      [
        0.0,
        0.0,
        0.0,
        1.0,
        0.0,
        0.0
      ],
      [
        0.0,
        0.0,
        0.0,
        0.0,
        1.0,
        0.0
      ],
      [
        0.0,
        0.0,
        0.0,
        0.0,
        0.0,
        1.0
      ]
    ],
    "reversion": [
      [
        1.0933280156552572,
        0.006081594548930861,
        0.15674793345774116,
        0.2932217609354821,
        0.2932217609354821,
        0.0
      ],
      [
        0.006081594548930861,
        1.0004863132994188,
        0.012381307147054283,
        0.020347162091509656,
        0.020347162091509656,
        0.0
      ],
      [
        0.15674793345774116,
        0.012381307147054283,
        1.3349674009404757,
        0.5249840672875024,
        0.5249840672875024,
        0.0
      ],
      [
        0.2932217609354821,
        0.020347162091509656,
        0.5249840672875024,
        1.942507516297633,
        0.9425075162976503,
        0.0
      ],
      [
        0.2932217609354821,
        0.020347162091509656,
        0.5249840672875024,
        0.9425075162976503,
        1.942507516297633,
        0.0
      ],
      [
        0.0,
        0.0,
        0.0,
        0.0,
        0.0,
        1.0
      ]
    ],
    "vwap": [
      [
        1.0,
        0.0,
        0.0,
        0.0,
        0.0,
        0.0
      ],
      [
        0.0,
        1.0,
        0.0,
        0.0,
        0.0,
        0.0
      ],
      [
        0.0,
        0.0,
        1.0,
        0.0,
        0.0,
        0.0
      ],
      [
        0.0,
        0.0,
        0.0,
        1.0,
        0.0,
        0.0
      ],
      [
        0.0,
        0.0,
        0.0,
        0.0,
        1.0,
        0.0
      ],
      [
        0.0,
        0.0,
        0.0,
        0.0,
        0.0,
        1.0
      ]
    ]
  },
  "b": {
    "trend": [
      [
        0.01934237583182416
      ],
      [
        0.011623931490781518
      ],
      [
        0.21157381503136388
      ],
      [
        0.045345345218643064
      ],
      [
        0.045345345218643064
      ],
      [
        0.0
      ]
    ],
    "breakout": [
      [
        0.0
      ],
      [
        0.0
      ],
      [
        0.0
      ],
      [
        0.0
      ],
      [
        0.0
      ],
      [
        0.0
      ]
    ],
    "reversion": [
      [
        -0.0026677272163656445
      ],
      [
        -0.01931379458083409
      ],
      [
        -0.5319590086271636
      ],
      [
        -0.33499359111180516
      ],
      [
        -0.33499359111180516
      ],
      [
        0.0
      ]
    ],
    "vwap": [
      [
        0.0
      ],
      [
        0.0
      ],
      [
        0.0
      ],
      [
        0.0
      ],
      [
        0.0
      ],
      [
        0.0
      ]
    ]
  },
  "counts": {
    "trend": 1,
    "breakout": 0,
    "reversion": 8,
    "vwap": 0
  },
  "reward_sum": {
    "trend": 0.045345345218643064,
    "breakout": 0.0,
    "reversion": -0.33499359111180516,
    "vwap": 0.0
  },
  "disabled_until": {
    "trend": 0.0,
    "breakout": 0.0,
    "reversion": 0.0,
    "vwap": 0.0
  },
  "_snapshot_time": "2025-09-24T17:42:00.653160"
}