{
  "arms": [
    "trend",
    "breakout",
    "reversion",
    "vwap"
  ],
  "d": 6,
  "alpha": 0.6,
  "alpha_base": 0.6,
  "alpha_boost_until": 0.0,
  "A": {
    "trend": [
      [
        1.0101402513366664,
        0.006093852578480692,
        0.11091769073917634,
        0.023772322565895215,
        0.023772322565895215,
        0.0
      ],
      [
        0.006093852578480692,
        1.0036621418952396,
        0.06665673593967612,
        0.014286137922523515,
        0.014286137922523515,
        0.0
      ],
      [
        0.11091769073917634,
        0.06665673593967612,
        2.2132573158642406,
        0.2600301545763263,
        0.2600301545763263,
        0.0
      ],
      [
        0.023772322565895215,
        0.014286137922523515,
        0.2600301545763263,
        1.0557307014801083,
        0.05573070148010834,
        0.0
      ],
      [
        0.023772322565895215,
        0.014286137922523515,
        0.2600301545763263,
        0.05573070148010834,
        1.0557307014801083,
        0.0
      ],
      [
        0.0,
        0.0,
        0.0,
        0.0,
        0.0,
        1.0
      ]
    ],
    "breakout": [
      [
        1.0,
        0.0,
        0.0,
        0.0,
        0.0,
        0.0
      ],
      [
        0.0,
        1.0,
        0.0,
        0.0,
        0.0,
        0.0
      ],
      [
        0.0,
        0.0,
        1.0,
        0.0,
        0.0,
        0.0
      ],
      [
        0.0,
        0.0,
        0.0,
        1.0,
        0.0,
        0.0
      ],
      [
        0.0,
        0.0,
        0.0,
        0.0,
        1.0,
        0.0
      ],
      [
        0.0,
        0.0,
        0.0,
        0.0,
        0.0,
        1.0
      ]
    ],
    "reversion": [
      [
        1.1169427758456436,
        0.007620418618422128,
        0.1964098166870649,
        0.36741557635605426,
        0.36741557635605426,
        0.0
      ],
      [
        0.007620418618422128,
        1.000609365009696,
        0.015514145631494326,
        0.025495598495866748,
        0.025495598495866748,
        0.0
      ],
      [
        0.1964098166870649,
        0.015514145631494326,
        1.4197241033011672,
        0.6578206305180209,
        0.6578206305180209,
        0.0
      ],
      [
        0.36741557635605426,
        0.025495598495866748,
        0.6578206305180209,
        2.1809899143079092,
        1.1809899143079265,
        0.0
      ],
      [
        0.36741557635605426,
        0.025495598495866748,
        0.6578206305180209,
        1.1809899143079265,
        2.1809899143079092,
        0.0
      ],
      [
        0.0,
        0.0,
        0.0,
        0.0,
        0.0,
        1.0
      ]
    ],
    "vwap": [
      [
        1.0,
        0.0,
        0.0,
        0.0,
        0.0,
        0.0
      ],
      [
        0.0,
        1.0,
        0.0,
        0.0,
        0.0,
        0.0
      ],
      [
        0.0,
        0.0,
        1.0,
        0.0,
        0.0,
        0.0
      ],
      [
        0.0,
        0.0,
        0.0,
        1.0,
        0.0,
        0.0
      ],
      [
        0.0,
        0.0,
        0.0,
        0.0,
        1.0,
        0.0
      ],
      [
        0.0,
        0.0,
        0.0,
        0.0,
        0.0,
        1.0
      ]
    ]
  },
  "b": {
    "trend": [
      [
        0.024236571466156577
      ],
      [
        0.014565131436982579
      ],
      [
        0.26510827485516003
      ],
      [
        0.05681906450400808
      ],
      [
        0.05681906450400808
      ],
      [
        0.0
      ]
    ],
    "breakout": [
      [
        0.0
      ],
      [
        0.0
      ],
      [
        0.0
      ],
      [
        0.0
      ],
      [
        0.0
      ],
      [
        0.0
      ]
    ],
    "reversion": [
      [
        -0.0033427414446821446
      ],
      [
        -0.02420075830968418
      ],
      [
        -0.6665604392013378
      ],
      [
        -0.4197569203637995
      ],
      [
        -0.4197569203637995
      ],
      [
        0.0
      ]
    ],
    "vwap": [
      [
        0.0
      ],
      [
        0.0
      ],
      [
        0.0
      ],
      [
        0.0
      ],
      [
        0.0
      ],
      [
        0.0
      ]
    ]
  },
  "counts": {
    "trend": 1,
    "breakout": 0,
    "reversion": 8,
    "vwap": 0
  },
  "reward_sum": {
    "trend": 0.05681906450400808,
    "breakout": 0.0,
    "reversion": -0.4197569203637995,
    "vwap": 0.0
  },
  "disabled_until": {
    "trend": 0.0,
    "breakout": 0.0,
    "reversion": 0.0,
    "vwap": 0.0
  },
  "_snapshot_time": "2025-09-24T09:32:00.884306"
}