{
  "arms": [
    "trend",
    "breakout",
    "reversion",
    "vwap"
  ],
  "d": 6,
  "alpha": 0.6,
  "alpha_base": 0.6,
  "alpha_boost_until": 0.0,
  "A": {
    "trend": [
      [
        1.168772009433015,
        0.10142467979466842,
        1.846088516566932,
        0.3956610655032647,
        0.3956610655032647,
        0.0
      ],
      [
        0.10142467979466842,
        1.060951846849545,
        1.1094193716981848,
        0.23777519157768476,
        0.23777519157768476,
        0.0
      ],
      [
        1.846088516566932,
        1.1094193716981848,
        21.193175529814006,
        4.327882045915426,
        4.327882045915426,
        0.0
      ],
      [
        0.3956610655032647,
        0.23777519157768476,
        4.327882045915426,
        1.9275689688183282,
        0.9275689688183278,
        0.0
      ],
      [
        0.3956610655032647,
        0.23777519157768476,
        4.327882045915426,
        0.9275689688183278,
        1.9275689688183282,
        0.0
      ],
      [
        0.0,
        0.0,
        0.0,
        0.0,
        0.0,
        1.0
      ]
    ],
    "breakout": [
      [
        1.0,
        0.0,
        0.0,
        0.0,
        0.0,
        0.0
      ],
      [
        0.0,
        1.0,
        0.0,
        0.0,
        0.0,
        0.0
      ],
      [
        0.0,
        0.0,
        1.0,
        0.0,
        0.0,
        0.0
      ],
      [
        0.0,
        0.0,
        0.0,
        1.0,
        0.0,
        0.0
      ],
      [
        0.0,
        0.0,
        0.0,
        0.0,
        1.0,
        0.0
      ],
      [
        0.0,
        0.0,
        0.0,
        0.0,
        0.0,
        1.0
      ]
    ],
    "reversion": [
      [
        1.1372718863004185,
        0.013916617240280909,
        0.39227046695600726,
        0.47187491140259463,
        0.47187491140259463,
        0.0
      ],
      [
        0.013916617240280909,
        1.0015104135612298,
        0.04056612802280332,
        0.04735950834118727,
        0.04735950834118727,
        0.0
      ],
      [
        0.39227046695600726,
        0.04056612802280332,
        2.1273519747188123,
        1.3445978850277533,
        1.3445978850277533,
        0.0
      ],
      [
        0.47187491140259463,
        0.04735950834118727,
        1.3445978850277533,
        2.624385898233029,
        1.624385898233034,
        0.0
      ],
      [
        0.47187491140259463,
        0.04735950834118727,
        1.3445978850277533,
        1.624385898233034,
        2.624385898233029,
        0.0
      ],
      [
        0.0,
        0.0,
        0.0,
        0.0,
        0.0,
        1.0
      ]
    ],
    "vwap": [
      [
        1.0,
        0.0,
        0.0,
        0.0,
        0.0,
        0.0
      ],
      [
        0.0,
        1.0,
        0.0,
        0.0,
        0.0,
        0.0
      ],
      [
        0.0,
        0.0,
        1.0,
        0.0,
        0.0,
        0.0
      ],
      [
        0.0,
        0.0,
        0.0,
        1.0,
        0.0,
        0.0
      ],
      [
        0.0,
        0.0,
        0.0,
        0.0,
        1.0,
        0.0
      ],
      [
        0.0,
        0.0,
        0.0,
        0.0,
        0.0,
        1.0
      ]
    ]
  },
  "b": {
    "trend": [
      [
        0.40338791735070056
      ],
      [
        0.24241869542100458
      ],
      [
        4.412401111089124
      ],
      [
        0.9456834324975418
      ],
      [
        0.9456834324975418
      ],
      [
        0.0
      ]
    ],
    "breakout": [
      [
        0.0
      ],
      [
        0.0
      ],
      [
        0.0
      ],
      [
        0.0
      ],
      [
        0.0
      ],
      [
        0.0
      ]
    ],
    "reversion": [
      [
        0.18812720358892607
      ],
      [
        0.020469157653553723
      ],
      [
        0.54878958189938
      ],
      [
        0.6399678047750059
      ],
      [
        0.6399678047750059
      ],
      [
        0.0
      ]
    ],
    "vwap": [
      [
        0.0
      ],
      [
        0.0
      ],
      [
        0.0
      ],
      [
        0.0
      ],
      [
        0.0
      ],
      [
        0.0
      ]
    ]
  },
  "counts": {
    "trend": 1,
    "breakout": 0,
    "reversion": 2,
    "vwap": 0
  },
  "reward_sum": {
    "trend": 0.9456834324975418,
    "breakout": 0.0,
    "reversion": 0.6399678047750059,
    "vwap": 0.0
  },
  "disabled_until": {
    "trend": 0.0,
    "breakout": 0.0,
    "reversion": 0.0,
    "vwap": 0.0
  },
  "_snapshot_time": "2025-09-17T18:17:00.720778"
}