{
  "arms": [
    "trend",
    "breakout",
    "reversion",
    "vwap"
  ],
  "d": 6,
  "alpha": 0.6,
  "alpha_base": 0.6,
  "alpha_boost_until": 0.0,
  "A": {
    "trend": [
      [
        1.0369567597926874,
        0.022209414587254506,
        0.4042462378211028,
        0.08663966854602585,
        0.08663966854602585,
        0.0
      ],
      [
        0.022209414587254506,
        1.0133468978091016,
        0.24293450890906004,
        0.052066694408142176,
        0.052066694408142176,
        0.0
      ],
      [
        0.4042462378211028,
        0.24293450890906004,
        5.4217897269459305,
        0.9476956381529903,
        0.9476956381529903,
        0.0
      ],
      [
        0.08663966854602585,
        0.052066694408142176,
        0.9476956381529903,
        1.203113914960976,
        0.2031139149609751,
        0.0
      ],
      [
        0.08663966854602585,
        0.052066694408142176,
        0.9476956381529903,
        0.2031139149609751,
        1.203113914960976,
        0.0
      ],
      [
        0.0,
        0.0,
        0.0,
        0.0,
        0.0,
        1.0
      ]
    ],
    "breakout": [
      [
        1.0,
        0.0,
        0.0,
        0.0,
        0.0,
        0.0
      ],
      [
        0.0,
        1.0,
        0.0,
        0.0,
        0.0,
        0.0
      ],
      [
        0.0,
        0.0,
        1.0,
        0.0,
        0.0,
        0.0
      ],
      [
        0.0,
        0.0,
        0.0,
        1.0,
        0.0,
        0.0
      ],
      [
        0.0,
        0.0,
        0.0,
        0.0,
        1.0,
        0.0
      ],
      [
        0.0,
        0.0,
        0.0,
        0.0,
        0.0,
        1.0
      ]
    ],
    "reversion": [
      [
        1.4262050251940561,
        0.02777307692388677,
        0.715827465733877,
        1.3390683079407744,
        1.3390683079407744,
        0.0
      ],
      [
        0.02777307692388677,
        1.0022208676631084,
        0.05654224283561613,
        0.0929202519838542,
        0.0929202519838542,
        0.0
      ],
      [
        0.715827465733877,
        0.05654224283561613,
        2.5297099006624526,
        2.397467106246665,
        2.397467106246665,
        0.0
      ],
      [
        1.3390683079407744,
        0.0929202519838542,
        2.397467106246665,
        5.304189228806423,
        4.304189228806437,
        0.0
      ],
      [
        1.3390683079407744,
        0.0929202519838542,
        2.397467106246665,
        4.304189228806437,
        5.304189228806423,
        0.0
      ],
      [
        0.0,
        0.0,
        0.0,
        0.0,
        0.0,
        1.0
      ]
    ],
    "vwap": [
      [
        1.0,
        0.0,
        0.0,
        0.0,
        0.0,
        0.0
      ],
      [
        0.0,
        1.0,
        0.0,
        0.0,
        0.0,
        0.0
      ],
      [
        0.0,
        0.0,
        1.0,
        0.0,
        0.0,
        0.0
      ],
      [
        0.0,
        0.0,
        0.0,
        1.0,
        0.0,
        0.0
      ],
      [
        0.0,
        0.0,
        0.0,
        0.0,
        1.0,
        0.0
      ],
      [
        0.0,
        0.0,
        0.0,
        0.0,
        0.0,
        1.0
      ]
    ]
  },
  "b": {
    "trend": [
      [
        0.08833165176432548
      ],
      [
        0.05308350315925269
      ],
      [
        0.9662031548912247
      ],
      [
        0.20708051988092077
      ],
      [
        0.20708051988092077
      ],
      [
        0.0
      ]
    ],
    "breakout": [
      [
        0.0
      ],
      [
        0.0
      ],
      [
        0.0
      ],
      [
        0.0
      ],
      [
        0.0
      ],
      [
        0.0
      ]
    ],
    "reversion": [
      [
        -0.01218282353352453
      ],
      [
        -0.08820112854776756
      ],
      [
        -2.429319868019493
      ],
      [
        -1.5298295044336434
      ],
      [
        -1.5298295044336434
      ],
      [
        0.0
      ]
    ],
    "vwap": [
      [
        0.0
      ],
      [
        0.0
      ],
      [
        0.0
      ],
      [
        0.0
      ],
      [
        0.0
      ],
      [
        0.0
      ]
    ]
  },
  "counts": {
    "trend": 1,
    "breakout": 0,
    "reversion": 8,
    "vwap": 0
  },
  "reward_sum": {
    "trend": 0.20708051988092077,
    "breakout": 0.0,
    "reversion": -1.5298295044336434,
    "vwap": 0.0
  },
  "disabled_until": {
    "trend": 0.0,
    "breakout": 0.0,
    "reversion": 0.0,
    "vwap": 0.0
  },
  "_snapshot_time": "2025-09-22T06:55:00.765147"
}