{
  "arms": [
    "trend",
    "breakout",
    "reversion",
    "vwap"
  ],
  "d": 6,
  "alpha": 0.6,
  "alpha_base": 0.6,
  "alpha_boost_until": 0.0,
  "A": {
    "trend": [
      [
        1.054912410478516,
        0.03299998422870939,
        0.6006515579328728,
        0.12873404133939853,
        0.12873404133939853,
        0.0
      ],
      [
        0.03299998422870939,
        1.019831563568332,
        0.3609656135289998,
        0.07736359225315913,
        0.07736359225315913,
        0.0
      ],
      [
        0.6006515579328728,
        0.3609656135289998,
        7.570141265030231,
        1.4081389218882334,
        1.4081389218882334,
        0.0
      ],
      [
        0.12873404133939853,
        0.07736359225315913,
        1.4081389218882334,
        1.3017979588795714,
        0.3017979588795719,
        0.0
      ],
      [
        0.12873404133939853,
        0.07736359225315913,
        1.4081389218882334,
        0.3017979588795719,
        1.3017979588795714,
        0.0
      ],
      [
        0.0,
        0.0,
        0.0,
        0.0,
        0.0,
        1.0
      ]
    ],
    "breakout": [
      [
        1.0,
        0.0,
        0.0,
        0.0,
        0.0,
        0.0
      ],
      [
        0.0,
        1.0,
        0.0,
        0.0,
        0.0,
        0.0
      ],
      [
        0.0,
        0.0,
        1.0,
        0.0,
        0.0,
        0.0
      ],
      [
        0.0,
        0.0,
        0.0,
        1.0,
        0.0,
        0.0
      ],
      [
        0.0,
        0.0,
        0.0,
        0.0,
        1.0,
        0.0
      ],
      [
        0.0,
        0.0,
        0.0,
        0.0,
        0.0,
        1.0
      ]
    ],
    "reversion": [
      [
        1.4706594825498667,
        0.0332608778236279,
        0.8415481575932044,
        1.529114227694397,
        1.529114227694397,
        0.0
      ],
      [
        0.0332608778236279,
        1.0029057511758173,
        0.07308100668464054,
        0.11539290922334267,
        0.11539290922334267,
        0.0
      ],
      [
        0.8415481575932044,
        0.07308100668464054,
        2.969679081680201,
        2.933380684369625,
        2.933380684369625,
        0.0
      ],
      [
        1.529114227694397,
        0.11539290922334267,
        2.933380684369625,
        6.091106223927256,
        5.091106223927265,
        0.0
      ],
      [
        1.529114227694397,
        0.11539290922334267,
        2.933380684369625,
        5.091106223927265,
        6.091106223927256,
        0.0
      ],
      [
        0.0,
        0.0,
        0.0,
        0.0,
        0.0,
        1.0
      ]
    ],
    "vwap": [
      [
        1.0,
        0.0,
        0.0,
        0.0,
        0.0,
        0.0
      ],
      [
        0.0,
        1.0,
        0.0,
        0.0,
        0.0,
        0.0
      ],
      [
        0.0,
        0.0,
        1.0,
        0.0,
        0.0,
        0.0
      ],
      [
        0.0,
        0.0,
        0.0,
        1.0,
        0.0,
        0.0
      ],
      [
        0.0,
        0.0,
        0.0,
        0.0,
        1.0,
        0.0
      ],
      [
        0.0,
        0.0,
        0.0,
        0.0,
        0.0,
        1.0
      ]
    ]
  },
  "b": {
    "trend": [
      [
        0.1312480841701885
      ],
      [
        0.07887442328467667
      ],
      [
        1.4356384202687442
      ],
      [
        0.3076917612256655
      ],
      [
        0.3076917612256655
      ],
      [
        0.0
      ]
    ],
    "breakout": [
      [
        0.0
      ],
      [
        0.0
      ],
      [
        0.0
      ],
      [
        0.0
      ],
      [
        0.0
      ],
      [
        0.0
      ]
    ],
    "reversion": [
      [
        -0.4859788245322141
      ],
      [
        -0.15408812700675292
      ],
      [
        -4.24853616401331
      ],
      [
        -3.5981594031754045
      ],
      [
        -3.5981594031754045
      ],
      [
        0.0
      ]
    ],
    "vwap": [
      [
        0.0
      ],
      [
        0.0
      ],
      [
        0.0
      ],
      [
        0.0
      ],
      [
        0.0
      ],
      [
        0.0
      ]
    ]
  },
  "counts": {
    "trend": 1,
    "breakout": 0,
    "reversion": 7,
    "vwap": 0
  },
  "reward_sum": {
    "trend": 0.3076917612256655,
    "breakout": 0.0,
    "reversion": -3.5981594031754045,
    "vwap": 0.0
  },
  "disabled_until": {
    "trend": 0.0,
    "breakout": 0.0,
    "reversion": 0.0,
    "vwap": 0.0
  },
  "_snapshot_time": "2025-09-19T11:08:00.662763"
}