{
  "arms": [
    "trend",
    "breakout",
    "reversion",
    "vwap"
  ],
  "d": 6,
  "alpha": 0.6,
  "alpha_base": 0.6,
  "alpha_boost_until": 0.0,
  "A": {
    "trend": [
      [
        1.0982184648298339,
        0.05902505029569787,
        1.074348647304297,
        0.23025869382737027,
        0.23025869382737027,
        0.0
      ],
      [
        0.05902505029569787,
        1.0354715029240777,
        0.6456370810938384,
        0.13837551836845743,
        0.13837551836845743,
        0.0
      ],
      [
        1.074348647304297,
        0.6456370810938384,
        12.751609210796659,
        2.5186518306112937,
        2.5186518306112937,
        0.0
      ],
      [
        0.23025869382737027,
        0.13837551836845743,
        2.5186518306112937,
        1.539807521680817,
        0.5398075216808175,
        0.0
      ],
      [
        0.23025869382737027,
        0.13837551836845743,
        2.5186518306112937,
        0.5398075216808175,
        1.539807521680817,
        0.0
      ],
      [
        0.0,
        0.0,
        0.0,
        0.0,
        0.0,
        1.0
      ]
    ],
    "breakout": [
      [
        1.0,
        0.0,
        0.0,
        0.0,
        0.0,
        0.0
      ],
      [
        0.0,
        1.0,
        0.0,
        0.0,
        0.0,
        0.0
      ],
      [
        0.0,
        0.0,
        1.0,
        0.0,
        0.0,
        0.0
      ],
      [
        0.0,
        0.0,
        0.0,
        1.0,
        0.0,
        0.0
      ],
      [
        0.0,
        0.0,
        0.0,
        0.0,
        1.0,
        0.0
      ],
      [
        0.0,
        0.0,
        0.0,
        0.0,
        0.0,
        1.0
      ]
    ],
    "reversion": [
      [
        1.0798866706749366,
        0.008098906836250494,
        0.2282855029808273,
        0.27461206123798154,
        0.27461206123798154,
        0.0
      ],
      [
        0.008098906836250494,
        1.0008789994368166,
        0.02360784132318803,
        0.027561313158467063,
        0.027561313158467063,
        0.0
      ],
      [
        0.2282855029808273,
        0.02360784132318803,
        1.656073128783297,
        0.7825014380318915,
        0.7825014380318915,
        0.0
      ],
      [
        0.27461206123798154,
        0.027561313158467063,
        0.7825014380318915,
        1.945326714729902,
        0.9453267147299131,
        0.0
      ],
      [
        0.27461206123798154,
        0.027561313158467063,
        0.7825014380318915,
        0.9453267147299131,
        1.945326714729902,
        0.0
      ],
      [
        0.0,
        0.0,
        0.0,
        0.0,
        0.0,
        1.0
      ]
    ],
    "vwap": [
      [
        1.0,
        0.0,
        0.0,
        0.0,
        0.0,
        0.0
      ],
      [
        0.0,
        1.0,
        0.0,
        0.0,
        0.0,
        0.0
      ],
      [
        0.0,
        0.0,
        1.0,
        0.0,
        0.0,
        0.0
      ],
      [
        0.0,
        0.0,
        0.0,
        1.0,
        0.0,
        0.0
      ],
      [
        0.0,
        0.0,
        0.0,
        0.0,
        1.0,
        0.0
      ],
      [
        0.0,
        0.0,
        0.0,
        0.0,
        0.0,
        1.0
      ]
    ]
  },
  "b": {
    "trend": [
      [
        0.23475540823500382
      ],
      [
        0.141077849284908
      ],
      [
        2.5678384988159415
      ],
      [
        0.5503494048980956
      ],
      [
        0.5503494048980956
      ],
      [
        0.0
      ]
    ],
    "breakout": [
      [
        0.0
      ],
      [
        0.0
      ],
      [
        0.0
      ],
      [
        0.0
      ],
      [
        0.0
      ],
      [
        0.0
      ]
    ],
    "reversion": [
      [
        0.10948240286590563
      ],
      [
        0.011912219614176094
      ],
      [
        0.31937328014190797
      ],
      [
        0.3724353080625433
      ],
      [
        0.3724353080625433
      ],
      [
        0.0
      ]
    ],
    "vwap": [
      [
        0.0
      ],
      [
        0.0
      ],
      [
        0.0
      ],
      [
        0.0
      ],
      [
        0.0
      ],
      [
        0.0
      ]
    ]
  },
  "counts": {
    "trend": 1,
    "breakout": 0,
    "reversion": 2,
    "vwap": 0
  },
  "reward_sum": {
    "trend": 0.5503494048980956,
    "breakout": 0.0,
    "reversion": 0.3724353080625433,
    "vwap": 0.0
  },
  "disabled_until": {
    "trend": 0.0,
    "breakout": 0.0,
    "reversion": 0.0,
    "vwap": 0.0
  },
  "_snapshot_time": "2025-09-18T13:40:00.913302"
}