{
  "arms": [
    "trend",
    "breakout",
    "reversion",
    "vwap"
  ],
  "d": 6,
  "alpha": 0.6,
  "alpha_base": 0.6,
  "alpha_boost_until": 0.0,
  "A": {
    "trend": [
      [
        1.0416811746132848,
        0.025048583605897477,
        0.4559235744665858,
        0.09771536177310162,
        0.09771536177310162,
        0.0
      ],
      [
        0.025048583605897477,
        1.0150531156207285,
        0.2739903536520219,
        0.058722707113293936,
        0.058722707113293936,
        0.0
      ],
      [
        0.4559235744665858,
        0.2739903536520219,
        5.987054891877533,
        1.068845526385126,
        1.068845526385126,
        0.0
      ],
      [
        0.09771536177310162,
        0.058722707113293936,
        1.068845526385126,
        1.2290792429684694,
        0.2290792429684691,
        0.0
      ],
      [
        0.09771536177310162,
        0.058722707113293936,
        1.068845526385126,
        0.2290792429684691,
        1.2290792429684694,
        0.0
      ],
      [
        0.0,
        0.0,
        0.0,
        0.0,
        0.0,
        1.0
      ]
    ],
    "breakout": [
      [
        1.0,
        0.0,
        0.0,
        0.0,
        0.0,
        0.0
      ],
      [
        0.0,
        1.0,
        0.0,
        0.0,
        0.0,
        0.0
      ],
      [
        0.0,
        0.0,
        1.0,
        0.0,
        0.0,
        0.0
      ],
      [
        0.0,
        0.0,
        0.0,
        1.0,
        0.0,
        0.0
      ],
      [
        0.0,
        0.0,
        0.0,
        0.0,
        1.0,
        0.0
      ],
      [
        0.0,
        0.0,
        0.0,
        0.0,
        0.0,
        1.0
      ]
    ],
    "reversion": [
      [
        1.480689491606574,
        0.03132348385806769,
        0.8073361885514369,
        1.5102498237261524,
        1.5102498237261524,
        0.0
      ],
      [
        0.03132348385806769,
        1.0025047751312144,
        0.06377039301817859,
        0.10479883165557842,
        0.10479883165557842,
        0.0
      ],
      [
        0.8073361885514369,
        0.06377039301817859,
        2.725262329134148,
        2.7039503908253337,
        2.7039503908253337,
        0.0
      ],
      [
        1.5102498237261524,
        0.10479883165557842,
        2.7039503908253337,
        5.854420783122898,
        4.854420783122911,
        0.0
      ],
      [
        1.5102498237261524,
        0.10479883165557842,
        2.7039503908253337,
        4.854420783122911,
        5.854420783122898,
        0.0
      ],
      [
        0.0,
        0.0,
        0.0,
        0.0,
        0.0,
        1.0
      ]
    ],
    "vwap": [
      [
        1.0,
        0.0,
        0.0,
        0.0,
        0.0,
        0.0
      ],
      [
        0.0,
        1.0,
        0.0,
        0.0,
        0.0,
        0.0
      ],
      [
        0.0,
        0.0,
        1.0,
        0.0,
        0.0,
        0.0
      ],
      [
        0.0,
        0.0,
        0.0,
        1.0,
        0.0,
        0.0
      ],
      [
        0.0,
        0.0,
        0.0,
        0.0,
        1.0,
        0.0
      ],
      [
        0.0,
        0.0,
        0.0,
        0.0,
        0.0,
        1.0
      ]
    ]
  },
  "b": {
    "trend": [
      [
        0.09962364183770432
      ],
      [
        0.05986950091613537
      ],
      [
        1.0897189752792389
      ],
      [
        0.23355292391933224
      ],
      [
        0.23355292391933224
      ],
      [
        0.0
      ]
    ],
    "breakout": [
      [
        0.0
      ],
      [
        0.0
      ],
      [
        0.0
      ],
      [
        0.0
      ],
      [
        0.0
      ],
      [
        0.0
      ]
    ],
    "reversion": [
      [
        -0.01374023041609168
      ],
      [
        -0.09947643301823646
      ],
      [
        -2.7398750912811174
      ],
      [
        -1.7253972226069327
      ],
      [
        -1.7253972226069327
      ],
      [
        0.0
      ]
    ],
    "vwap": [
      [
        0.0
      ],
      [
        0.0
      ],
      [
        0.0
      ],
      [
        0.0
      ],
      [
        0.0
      ],
      [
        0.0
      ]
    ]
  },
  "counts": {
    "trend": 1,
    "breakout": 0,
    "reversion": 8,
    "vwap": 0
  },
  "reward_sum": {
    "trend": 0.23355292391933224,
    "breakout": 0.0,
    "reversion": -1.7253972226069327,
    "vwap": 0.0
  },
  "disabled_until": {
    "trend": 0.0,
    "breakout": 0.0,
    "reversion": 0.0,
    "vwap": 0.0
  },
  "_snapshot_time": "2025-09-22T02:53:00.396107"
}