{
  "arms": [
    "trend",
    "breakout",
    "reversion",
    "vwap"
  ],
  "d": 6,
  "alpha": 0.6,
  "alpha_base": 0.6,
  "alpha_boost_until": 0.0,
  "A": {
    "trend": [
      [
        1.0199495369130434,
        0.011988809046327653,
        0.21821515978700376,
        0.04676874475707766,
        0.04676874475707766,
        0.0
      ],
      [
        0.011988809046327653,
        1.0072047558284583,
        0.1311378751849461,
        0.028105993270571707,
        0.028105993270571707,
        0.0
      ],
      [
        0.21821515978700376,
        0.1311378751849461,
        3.3869153538963697,
        0.5115732337390863,
        0.5115732337390863,
        0.0
      ],
      [
        0.04676874475707766,
        0.028105993270571707,
        0.5115732337390863,
        1.1096424190539733,
        0.10964241905397228,
        0.0
      ],
      [
        0.04676874475707766,
        0.028105993270571707,
        0.5115732337390863,
        0.10964241905397228,
        1.1096424190539733,
        0.0
      ],
      [
        0.0,
        0.0,
        0.0,
        0.0,
        0.0,
        1.0
      ]
    ],
    "breakout": [
      [
        1.0,
        0.0,
        0.0,
        0.0,
        0.0,
        0.0
      ],
      [
        0.0,
        1.0,
        0.0,
        0.0,
        0.0,
        0.0
      ],
      [
        0.0,
        0.0,
        1.0,
        0.0,
        0.0,
        0.0
      ],
      [
        0.0,
        0.0,
        0.0,
        1.0,
        0.0,
        0.0
      ],
      [
        0.0,
        0.0,
        0.0,
        0.0,
        1.0,
        0.0
      ],
      [
        0.0,
        0.0,
        0.0,
        0.0,
        0.0,
        1.0
      ]
    ],
    "reversion": [
      [
        1.230068678377914,
        0.014992115823734022,
        0.38640905022886424,
        0.7228391446708354,
        0.7228391446708354,
        0.0
      ],
      [
        0.014992115823734022,
        1.0011988410692032,
        0.030521927975368904,
        0.050159050937361435,
        0.050159050937361435,
        0.0
      ],
      [
        0.38640905022886424,
        0.030521927975368904,
        1.8257489103672024,
        1.2941707769342927,
        1.2941707769342927,
        0.0
      ],
      [
        0.7228391446708354,
        0.050159050937361435,
        1.2941707769342927,
        3.323433720447255,
        2.3234337204472704,
        0.0
      ],
      [
        0.7228391446708354,
        0.050159050937361435,
        1.2941707769342927,
        2.3234337204472704,
        3.323433720447255,
        0.0
      ],
      [
        0.0,
        0.0,
        0.0,
        0.0,
        0.0,
        1.0
      ]
    ],
    "vwap": [
      [
        1.0,
        0.0,
        0.0,
        0.0,
        0.0,
        0.0
      ],
      [
        0.0,
        1.0,
        0.0,
        0.0,
        0.0,
        0.0
      ],
      [
        0.0,
        0.0,
        1.0,
        0.0,
        0.0,
        0.0
      ],
      [
        0.0,
        0.0,
        0.0,
        1.0,
        0.0,
        0.0
      ],
      [
        0.0,
        0.0,
        0.0,
        0.0,
        1.0,
        0.0
      ],
      [
        0.0,
        0.0,
        0.0,
        0.0,
        0.0,
        1.0
      ]
    ]
  },
  "b": {
    "trend": [
      [
        0.047682090024873565
      ],
      [
        0.028654874282532043
      ],
      [
        0.5215637304820189
      ],
      [
        0.11178362222529507
      ],
      [
        0.11178362222529507
      ],
      [
        0.0
      ]
    ],
    "breakout": [
      [
        0.0
      ],
      [
        0.0
      ],
      [
        0.0
      ],
      [
        0.0
      ],
      [
        0.0
      ],
      [
        0.0
      ]
    ],
    "reversion": [
      [
        -0.0065763797787066185
      ],
      [
        -0.047611632610821616
      ],
      [
        -1.3113651373255717
      ],
      [
        -0.825813473382518
      ],
      [
        -0.825813473382518
      ],
      [
        0.0
      ]
    ],
    "vwap": [
      [
        0.0
      ],
      [
        0.0
      ],
      [
        0.0
      ],
      [
        0.0
      ],
      [
        0.0
      ],
      [
        0.0
      ]
    ]
  },
  "counts": {
    "trend": 1,
    "breakout": 0,
    "reversion": 8,
    "vwap": 0
  },
  "reward_sum": {
    "trend": 0.11178362222529507,
    "breakout": 0.0,
    "reversion": -0.825813473382518,
    "vwap": 0.0
  },
  "disabled_until": {
    "trend": 0.0,
    "breakout": 0.0,
    "reversion": 0.0,
    "vwap": 0.0
  },
  "_snapshot_time": "2025-09-23T07:20:00.460263"
}