{
  "arms": [
    "trend",
    "breakout",
    "reversion",
    "vwap"
  ],
  "d": 6,
  "alpha": 0.6,
  "alpha_base": 0.6,
  "alpha_boost_until": 0.0,
  "A": {
    "trend": [
      [
        1.0066556044311166,
        0.003999730467947081,
        0.07280137833502091,
        0.015603082226905953,
        0.015603082226905953,
        0.0
      ],
      [
        0.003999730467947081,
        1.0024036650587935,
        0.043750480373172425,
        0.009376777725111581,
        0.009376777725111581,
        0.0
      ],
      [
        0.07280137833502091,
        0.043750480373172425,
        1.7963274774414941,
        0.17067208608174517,
        0.17067208608174517,
        0.0
      ],
      [
        0.015603082226905953,
        0.009376777725111581,
        0.17067208608174517,
        1.03657912327863,
        0.03657912327863173,
        0.0
      ],
      [
        0.015603082226905953,
        0.009376777725111581,
        0.17067208608174517,
        0.03657912327863173,
        1.03657912327863,
        0.0
      ],
      [
        0.0,
        0.0,
        0.0,
        0.0,
        0.0,
        1.0
      ]
    ],
    "breakout": [
      [
        1.0,
        0.0,
        0.0,
        0.0,
        0.0,
        0.0
      ],
      [
        0.0,
        1.0,
        0.0,
        0.0,
        0.0,
        0.0
      ],
      [
        0.0,
        0.0,
        1.0,
        0.0,
        0.0,
        0.0
      ],
      [
        0.0,
        0.0,
        0.0,
        1.0,
        0.0,
        0.0
      ],
      [
        0.0,
        0.0,
        0.0,
        0.0,
        1.0,
        0.0
      ],
      [
        0.0,
        0.0,
        0.0,
        0.0,
        0.0,
        1.0
      ]
    ],
    "reversion": [
      [
        1.0767559729304672,
        0.005001699685720542,
        0.12891456068059584,
        0.2411550421057339,
        0.2411550421057339,
        0.0
      ],
      [
        0.005001699685720542,
        1.0003999597568196,
        0.01018278669647876,
        0.01673416295999211,
        0.01673416295999211,
        0.0
      ],
      [
        0.12891456068059584,
        0.01018278669647876,
        1.275488004096745,
        0.4317638447011906,
        0.4317638447011906,
        0.0
      ],
      [
        0.2411550421057339,
        0.01673416295999211,
        0.4317638447011906,
        1.7751486078406633,
        0.7751486078406764,
        0.0
      ],
      [
        0.2411550421057339,
        0.01673416295999211,
        0.4317638447011906,
        0.7751486078406764,
        1.7751486078406633,
        0.0
      ],
      [
        0.0,
        0.0,
        0.0,
        0.0,
        0.0,
        1.0
      ]
    ],
    "vwap": [
      [
        1.0,
        0.0,
        0.0,
        0.0,
        0.0,
        0.0
      ],
      [
        0.0,
        1.0,
        0.0,
        0.0,
        0.0,
        0.0
      ],
      [
        0.0,
        0.0,
        1.0,
        0.0,
        0.0,
        0.0
      ],
      [
        0.0,
        0.0,
        0.0,
        1.0,
        0.0,
        0.0
      ],
      [
        0.0,
        0.0,
        0.0,
        0.0,
        1.0,
        0.0
      ],
      [
        0.0,
        0.0,
        0.0,
        0.0,
        0.0,
        1.0
      ]
    ]
  },
  "b": {
    "trend": [
      [
        0.01590779430307979
      ],
      [
        0.009559896506829755
      ],
      [
        0.17400513559969313
      ],
      [
        0.037293475765964756
      ],
      [
        0.037293475765964756
      ],
      [
        0.0
      ]
    ],
    "breakout": [
      [
        0.0
      ],
      [
        0.0
      ],
      [
        0.0
      ],
      [
        0.0
      ],
      [
        0.0
      ],
      [
        0.0
      ]
    ],
    "reversion": [
      [
        -0.0021940249834691626
      ],
      [
        -0.015884288159593186
      ],
      [
        -0.43750026162701733
      ],
      [
        -0.2755095437391284
      ],
      [
        -0.2755095437391284
      ],
      [
        0.0
      ]
    ],
    "vwap": [
      [
        0.0
      ],
      [
        0.0
      ],
      [
        0.0
      ],
      [
        0.0
      ],
      [
        0.0
      ],
      [
        0.0
      ]
    ]
  },
  "counts": {
    "trend": 1,
    "breakout": 0,
    "reversion": 8,
    "vwap": 0
  },
  "reward_sum": {
    "trend": 0.037293475765964756,
    "breakout": 0.0,
    "reversion": -0.2755095437391284,
    "vwap": 0.0
  },
  "disabled_until": {
    "trend": 0.0,
    "breakout": 0.0,
    "reversion": 0.0,
    "vwap": 0.0
  },
  "_snapshot_time": "2025-09-25T06:18:00.570967"
}