{
  "arms": [
    "trend",
    "breakout",
    "reversion",
    "vwap"
  ],
  "d": 6,
  "alpha": 0.6,
  "alpha_base": 0.6,
  "alpha_boost_until": 0.0,
  "A": {
    "trend": [
      [
        1.016993052640697,
        0.010212089840055354,
        0.18587607889955665,
        0.03983770375525274,
        0.03983770375525274,
        0.0
      ],
      [
        0.010212089840055354,
        1.0061370244126473,
        0.11170348594657527,
        0.023940737333787813,
        0.023940737333787813,
        0.0
      ],
      [
        0.18587607889955665,
        0.11170348594657527,
        3.033178937157544,
        0.4357590318207167,
        0.4357590318207167,
        0.0
      ],
      [
        0.03983770375525274,
        0.023940737333787813,
        0.4357590318207167,
        1.0933936164412543,
        0.09339361644125409,
        0.0
      ],
      [
        0.03983770375525274,
        0.023940737333787813,
        0.4357590318207167,
        0.09339361644125409,
        1.0933936164412543,
        0.0
      ],
      [
        0.0,
        0.0,
        0.0,
        0.0,
        0.0,
        1.0
      ]
    ],
    "breakout": [
      [
        1.0,
        0.0,
        0.0,
        0.0,
        0.0,
        0.0
      ],
      [
        0.0,
        1.0,
        0.0,
        0.0,
        0.0,
        0.0
      ],
      [
        0.0,
        0.0,
        1.0,
        0.0,
        0.0,
        0.0
      ],
      [
        0.0,
        0.0,
        0.0,
        1.0,
        0.0,
        0.0
      ],
      [
        0.0,
        0.0,
        0.0,
        0.0,
        1.0,
        0.0
      ],
      [
        0.0,
        0.0,
        0.0,
        0.0,
        0.0,
        1.0
      ]
    ],
    "reversion": [
      [
        1.1959729280781013,
        0.012770312138000428,
        0.3291439475513503,
        0.6157157276225416,
        0.6157157276225416,
        0.0
      ],
      [
        0.012770312138000428,
        1.001021175052113,
        0.02599863500800709,
        0.04272557286423302,
        0.04272557286423302,
        0.0
      ],
      [
        0.3291439475513503,
        0.02599863500800709,
        1.703374457413743,
        1.1023770744330568,
        1.1023770744330568,
        0.0
      ],
      [
        0.6157157276225416,
        0.04272557286423302,
        1.1023770744330568,
        2.979105163735121,
        1.9791051637351376,
        0.0
      ],
      [
        0.6157157276225416,
        0.04272557286423302,
        1.1023770744330568,
        1.9791051637351376,
        2.979105163735121,
        0.0
      ],
      [
        0.0,
        0.0,
        0.0,
        0.0,
        0.0,
        1.0
      ]
    ],
    "vwap": [
      [
        1.0,
        0.0,
        0.0,
        0.0,
        0.0,
        0.0
      ],
      [
        0.0,
        1.0,
        0.0,
        0.0,
        0.0,
        0.0
      ],
      [
        0.0,
        0.0,
        1.0,
        0.0,
        0.0,
        0.0
      ],
      [
        0.0,
        0.0,
        0.0,
        1.0,
        0.0,
        0.0
      ],
      [
        0.0,
        0.0,
        0.0,
        0.0,
        1.0,
        0.0
      ],
      [
        0.0,
        0.0,
        0.0,
        0.0,
        0.0,
        1.0
      ]
    ]
  },
  "b": {
    "trend": [
      [
        0.040615692952818444
      ],
      [
        0.024408275200474942
      ],
      [
        0.4442689555246779
      ],
      [
        0.09521749728436903
      ],
      [
        0.09521749728436903
      ],
      [
        0.0
      ]
    ],
    "breakout": [
      [
        0.0
      ],
      [
        0.0
      ],
      [
        0.0
      ],
      [
        0.0
      ],
      [
        0.0
      ],
      [
        0.0
      ]
    ],
    "reversion": [
      [
        -0.005601772524940416
      ],
      [
        -0.04055567719650636
      ],
      [
        -1.1170232625889864
      ],
      [
        -0.7034294523102502
      ],
      [
        -0.7034294523102502
      ],
      [
        0.0
      ]
    ],
    "vwap": [
      [
        0.0
      ],
      [
        0.0
      ],
      [
        0.0
      ],
      [
        0.0
      ],
      [
        0.0
      ],
      [
        0.0
      ]
    ]
  },
  "counts": {
    "trend": 1,
    "breakout": 0,
    "reversion": 8,
    "vwap": 0
  },
  "reward_sum": {
    "trend": 0.09521749728436903,
    "breakout": 0.0,
    "reversion": -0.7034294523102502,
    "vwap": 0.0
  },
  "disabled_until": {
    "trend": 0.0,
    "breakout": 0.0,
    "reversion": 0.0,
    "vwap": 0.0
  },
  "_snapshot_time": "2025-09-23T12:40:00.519073"
}