{
  "arms": [
    "trend",
    "breakout",
    "reversion",
    "vwap"
  ],
  "d": 6,
  "alpha": 0.6,
  "alpha_base": 0.6,
  "alpha_boost_until": 0.0,
  "A": {
    "trend": [
      [
        1.0071394436765138,
        0.004290496932726531,
        0.07809378480570245,
        0.0167373719234587,
        0.0167373719234587,
        0.0
      ],
      [
        0.004290496932726531,
        1.0025784031310865,
        0.04693098781297483,
        0.010058436784891366,
        0.010058436784891366,
        0.0
      ],
      [
        0.07809378480570245,
        0.04693098781297483,
        1.8542177096153751,
        0.18307935189733246,
        0.18307935189733246,
        0.0
      ],
      [
        0.0167373719234587,
        0.010058436784891366,
        0.18307935189733246,
        1.0392382980519548,
        0.03923829805195549,
        0.0
      ],
      [
        0.0167373719234587,
        0.010058436784891366,
        0.18307935189733246,
        0.03923829805195549,
        1.0392382980519548,
        0.0
      ],
      [
        0.0,
        0.0,
        0.0,
        0.0,
        0.0,
        1.0
      ]
    ],
    "breakout": [
      [
        1.0,
        0.0,
        0.0,
        0.0,
        0.0,
        0.0
      ],
      [
        0.0,
        1.0,
        0.0,
        0.0,
        0.0,
        0.0
      ],
      [
        0.0,
        0.0,
        1.0,
        0.0,
        0.0,
        0.0
      ],
      [
        0.0,
        0.0,
        0.0,
        1.0,
        0.0,
        0.0
      ],
      [
        0.0,
        0.0,
        0.0,
        0.0,
        1.0,
        0.0
      ],
      [
        0.0,
        0.0,
        0.0,
        0.0,
        0.0,
        1.0
      ]
    ],
    "reversion": [
      [
        1.0823358646453096,
        0.005365305820473891,
        0.13828619993681096,
        0.25868617317037623,
        0.25868617317037623,
        0.0
      ],
      [
        0.005365305820473891,
        1.000429035437163,
        0.01092303979929796,
        0.017950678283690284,
        0.017950678283690284,
        0.0
      ],
      [
        0.13828619993681096,
        0.01092303979929796,
        1.2955150218376357,
        0.46315157138663005,
        0.46315157138663005,
        0.0
      ],
      [
        0.25868617317037623,
        0.017950678283690284,
        0.46315157138663005,
        1.8314992100091692,
        0.8314992100091841,
        0.0
      ],
      [
        0.25868617317037623,
        0.017950678283690284,
        0.46315157138663005,
        0.8314992100091841,
        1.8314992100091692,
        0.0
      ],
      [
        0.0,
        0.0,
        0.0,
        0.0,
        0.0,
        1.0
      ]
    ],
    "vwap": [
      [
        1.0,
        0.0,
        0.0,
        0.0,
        0.0,
        0.0
      ],
      [
        0.0,
        1.0,
        0.0,
        0.0,
        0.0,
        0.0
      ],
      [
        0.0,
        0.0,
        1.0,
        0.0,
        0.0,
        0.0
      ],
      [
        0.0,
        0.0,
        0.0,
        1.0,
        0.0,
        0.0
      ],
      [
        0.0,
        0.0,
        0.0,
        0.0,
        1.0,
        0.0
      ],
      [
        0.0,
        0.0,
        0.0,
        0.0,
        0.0,
        1.0
      ]
    ]
  },
  "b": {
    "trend": [
      [
        0.017064235505558936
      ],
      [
        0.010254867663817493
      ],
      [
        0.18665470249857463
      ],
      [
        0.040004581475388545
      ],
      [
        0.040004581475388545
      ],
      [
        0.0
      ]
    ],
    "breakout": [
      [
        0.0
      ],
      [
        0.0
      ],
      [
        0.0
      ],
      [
        0.0
      ],
      [
        0.0
      ],
      [
        0.0
      ]
    ],
    "reversion": [
      [
        -0.0023535229529432285
      ],
      [
        -0.017039020547366692
      ],
      [
        -0.4693050058298596
      ],
      [
        -0.2955381273369482
      ],
      [
        -0.2955381273369482
      ],
      [
        0.0
      ]
    ],
    "vwap": [
      [
        0.0
      ],
      [
        0.0
      ],
      [
        0.0
      ],
      [
        0.0
      ],
      [
        0.0
      ],
      [
        0.0
      ]
    ]
  },
  "counts": {
    "trend": 1,
    "breakout": 0,
    "reversion": 8,
    "vwap": 0
  },
  "reward_sum": {
    "trend": 0.040004581475388545,
    "breakout": 0.0,
    "reversion": -0.2955381273369482,
    "vwap": 0.0
  },
  "disabled_until": {
    "trend": 0.0,
    "breakout": 0.0,
    "reversion": 0.0,
    "vwap": 0.0
  },
  "_snapshot_time": "2025-09-25T03:56:00.813304"
}