{
  "arms": [
    "trend",
    "breakout",
    "reversion",
    "vwap"
  ],
  "d": 6,
  "alpha": 0.6,
  "alpha_base": 0.6,
  "alpha_boost_until": 0.0,
  "A": {
    "trend": [
      [
        1.0043903910474048,
        0.002638435174483442,
        0.04802366531677438,
        0.010292623792461692,
        0.010292623792461692,
        0.0
      ],
      [
        0.002638435174483442,
        1.0015855854512234,
        0.028860146262898824,
        0.0061854218356731895,
        0.0061854218356731895,
        0.0
      ],
      [
        0.04802366531677438,
        0.028860146262898824,
        1.5253000030193808,
        0.11258439508091873,
        0.11258439508091873,
        0.0
      ],
      [
        0.010292623792461692,
        0.0061854218356731895,
        0.11258439508091873,
        1.0241295372984558,
        0.024129537298457977,
        0.0
      ],
      [
        0.010292623792461692,
        0.0061854218356731895,
        0.11258439508091873,
        0.024129537298457977,
        1.0241295372984558,
        0.0
      ],
      [
        0.0,
        0.0,
        0.0,
        0.0,
        0.0,
        1.0
      ]
    ],
    "breakout": [
      [
        1.0,
        0.0,
        0.0,
        0.0,
        0.0,
        0.0
      ],
      [
        0.0,
        1.0,
        0.0,
        0.0,
        0.0,
        0.0
      ],
      [
        0.0,
        0.0,
        1.0,
        0.0,
        0.0,
        0.0
      ],
      [
        0.0,
        0.0,
        0.0,
        1.0,
        0.0,
        0.0
      ],
      [
        0.0,
        0.0,
        0.0,
        0.0,
        1.0,
        0.0
      ],
      [
        0.0,
        0.0,
        0.0,
        0.0,
        0.0,
        1.0
      ]
    ],
    "reversion": [
      [
        1.1172227878338221,
        0.010888099519193797,
        0.44166036139461395,
        0.376694672542905,
        0.376694672542905,
        0.0
      ],
      [
        0.010888099519193797,
        1.0011286515752755,
        0.04735802714677104,
        0.03583846674441582,
        0.03583846674441582,
        0.0
      ],
      [
        0.44166036139461395,
        0.04735802714677104,
        3.09159259904192,
        1.4502444356301432,
        1.4502444356301432,
        0.0
      ],
      [
        0.376694672542905,
        0.03583846674441582,
        1.4502444356301432,
        2.2224928454928934,
        1.2224928454929085,
        0.0
      ],
      [
        0.376694672542905,
        0.03583846674441582,
        1.4502444356301432,
        1.2224928454929085,
        2.2224928454928934,
        0.0
      ],
      [
        0.0,
        0.0,
        0.0,
        0.0,
        0.0,
        1.0
      ]
    ],
    "vwap": [
      [
        1.0,
        0.0,
        0.0,
        0.0,
        0.0,
        0.0
      ],
      [
        0.0,
        1.0,
        0.0,
        0.0,
        0.0,
        0.0
      ],
      [
        0.0,
        0.0,
        1.0,
        0.0,
        0.0,
        0.0
      ],
      [
        0.0,
        0.0,
        0.0,
        1.0,
        0.0,
        0.0
      ],
      [
        0.0,
        0.0,
        0.0,
        0.0,
        1.0,
        0.0
      ],
      [
        0.0,
        0.0,
        0.0,
        0.0,
        0.0,
        1.0
      ]
    ]
  },
  "b": {
    "trend": [
      [
        0.010493628101704466
      ],
      [
        0.006306216733895862
      ],
      [
        0.11478305200465962
      ],
      [
        0.02460076223340385
      ],
      [
        0.02460076223340385
      ],
      [
        0.0
      ]
    ],
    "breakout": [
      [
        0.0
      ],
      [
        0.0
      ],
      [
        0.0
      ],
      [
        0.0
      ],
      [
        0.0
      ],
      [
        0.0
      ]
    ],
    "reversion": [
      [
        -0.24775598953617986
      ],
      [
        -0.03854769443238362
      ],
      [
        -1.6076907593737852
      ],
      [
        -0.9866714323989295
      ],
      [
        -0.9866714323989295
      ],
      [
        0.0
      ]
    ],
    "vwap": [
      [
        0.0
      ],
      [
        0.0
      ],
      [
        0.0
      ],
      [
        0.0
      ],
      [
        0.0
      ],
      [
        0.0
      ]
    ]
  },
  "counts": {
    "trend": 1,
    "breakout": 0,
    "reversion": 9,
    "vwap": 0
  },
  "reward_sum": {
    "trend": 0.02460076223340385,
    "breakout": 0.0,
    "reversion": -0.9866714323989295,
    "vwap": 0.0
  },
  "disabled_until": {
    "trend": 0.0,
    "breakout": 0.0,
    "reversion": 0.0,
    "vwap": 0.0
  },
  "_snapshot_time": "2025-09-25T23:14:00.448229"
}