{
  "arms": [
    "trend",
    "breakout",
    "reversion",
    "vwap"
  ],
  "d": 6,
  "alpha": 0.6,
  "alpha_base": 0.6,
  "alpha_boost_until": 0.0,
  "A": {
    "trend": [
      [
        1.1274655848476338,
        0.07660130475096605,
        1.3942640917485654,
        0.29882424985778205,
        0.29882424985778205,
        0.0
      ],
      [
        0.07660130475096605,
        1.0460340718364467,
        0.837892429733313,
        0.17958045269785533,
        0.17958045269785533,
        0.0
      ],
      [
        1.3942640917485654,
        0.837892429733313,
        16.25095860081128,
        3.268646370849367,
        3.268646370849367,
        0.0
      ],
      [
        0.29882424985778205,
        0.17958045269785533,
        3.268646370849367,
        1.7005493475733613,
        0.7005493475733617,
        0.0
      ],
      [
        0.29882424985778205,
        0.17958045269785533,
        3.268646370849367,
        0.7005493475733617,
        1.7005493475733613,
        0.0
      ],
      [
        0.0,
        0.0,
        0.0,
        0.0,
        0.0,
        1.0
      ]
    ],
    "breakout": [
      [
        1.0,
        0.0,
        0.0,
        0.0,
        0.0,
        0.0
      ],
      [
        0.0,
        1.0,
        0.0,
        0.0,
        0.0,
        0.0
      ],
      [
        0.0,
        0.0,
        1.0,
        0.0,
        0.0,
        0.0
      ],
      [
        0.0,
        0.0,
        0.0,
        1.0,
        0.0,
        0.0
      ],
      [
        0.0,
        0.0,
        0.0,
        0.0,
        1.0,
        0.0
      ],
      [
        0.0,
        0.0,
        0.0,
        0.0,
        0.0,
        1.0
      ]
    ],
    "reversion": [
      [
        1.1036750189157711,
        0.010510568438406292,
        0.29626348976337047,
        0.3563849939271424,
        0.3563849939271424,
        0.0
      ],
      [
        0.010510568438406292,
        1.0011407445380942,
        0.03063769431199929,
        0.03576841591852783,
        0.03576841591852783,
        0.0
      ],
      [
        0.29626348976337047,
        0.03063769431199929,
        1.8514360839182906,
        1.0155117331110337,
        1.0155117331110337,
        0.0
      ],
      [
        0.3563849939271424,
        0.03576841591852783,
        1.0155117331110337,
        2.226822499963764,
        1.2268224999637745,
        0.0
      ],
      [
        0.3563849939271424,
        0.03576841591852783,
        1.0155117331110337,
        1.2268224999637745,
        2.226822499963764,
        0.0
      ],
      [
        0.0,
        0.0,
        0.0,
        0.0,
        0.0,
        1.0
      ]
    ],
    "vwap": [
      [
        1.0,
        0.0,
        0.0,
        0.0,
        0.0,
        0.0
      ],
      [
        0.0,
        1.0,
        0.0,
        0.0,
        0.0,
        0.0
      ],
      [
        0.0,
        0.0,
        1.0,
        0.0,
        0.0,
        0.0
      ],
      [
        0.0,
        0.0,
        0.0,
        1.0,
        0.0,
        0.0
      ],
      [
        0.0,
        0.0,
        0.0,
        0.0,
        1.0,
        0.0
      ],
      [
        0.0,
        0.0,
        0.0,
        0.0,
        0.0,
        1.0
      ]
    ]
  },
  "b": {
    "trend": [
      [
        0.3046599787388517
      ],
      [
        0.18308747341248346
      ],
      [
        3.332479657597171
      ],
      [
        0.7142303525861545
      ],
      [
        0.7142303525861545
      ],
      [
        0.0
      ]
    ],
    "breakout": [
      [
        0.0
      ],
      [
        0.0
      ],
      [
        0.0
      ],
      [
        0.0
      ],
      [
        0.0
      ],
      [
        0.0
      ]
    ],
    "reversion": [
      [
        0.14208365541046444
      ],
      [
        0.015459394957812442
      ],
      [
        0.4144750379526413
      ],
      [
        0.48333767425858787
      ],
      [
        0.48333767425858787
      ],
      [
        0.0
      ]
    ],
    "vwap": [
      [
        0.0
      ],
      [
        0.0
      ],
      [
        0.0
      ],
      [
        0.0
      ],
      [
        0.0
      ],
      [
        0.0
      ]
    ]
  },
  "counts": {
    "trend": 1,
    "breakout": 0,
    "reversion": 2,
    "vwap": 0
  },
  "reward_sum": {
    "trend": 0.7142303525861545,
    "breakout": 0.0,
    "reversion": 0.48333767425858787,
    "vwap": 0.0
  },
  "disabled_until": {
    "trend": 0.0,
    "breakout": 0.0,
    "reversion": 0.0,
    "vwap": 0.0
  },
  "_snapshot_time": "2025-09-18T04:57:00.058250"
}