{
  "arms": [
    "trend",
    "breakout",
    "reversion",
    "vwap"
  ],
  "d": 6,
  "alpha": 0.6,
  "alpha_base": 0.6,
  "alpha_boost_until": 0.0,
  "A": {
    "trend": [
      [
        1.027772149195767,
        0.01668986077047613,
        0.3037816868029846,
        0.06510770464266094,
        0.06510770464266094,
        0.0
      ],
      [
        0.01668986077047613,
        1.0100298846363787,
        0.18255965793727036,
        0.039126915166395826,
        0.039126915166395826,
        0.0
      ],
      [
        0.3037816868029846,
        0.18255965793727036,
        4.322872586718281,
        0.7121713267776947,
        0.7121713267776947,
        0.0
      ],
      [
        0.06510770464266094,
        0.039126915166395826,
        0.7121713267776947,
        1.1526354036900393,
        0.1526354036900377,
        0.0
      ],
      [
        0.06510770464266094,
        0.039126915166395826,
        0.7121713267776947,
        0.1526354036900377,
        1.1526354036900393,
        0.0
      ],
      [
        0.0,
        0.0,
        0.0,
        0.0,
        0.0,
        1.0
      ]
    ],
    "breakout": [
      [
        1.0,
        0.0,
        0.0,
        0.0,
        0.0,
        0.0
      ],
      [
        0.0,
        1.0,
        0.0,
        0.0,
        0.0,
        0.0
      ],
      [
        0.0,
        0.0,
        1.0,
        0.0,
        0.0,
        0.0
      ],
      [
        0.0,
        0.0,
        0.0,
        1.0,
        0.0,
        0.0
      ],
      [
        0.0,
        0.0,
        0.0,
        0.0,
        1.0,
        0.0
      ],
      [
        0.0,
        0.0,
        0.0,
        0.0,
        0.0,
        1.0
      ]
    ],
    "reversion": [
      [
        1.320283207025557,
        0.02087082418162442,
        0.5379277644552295,
        1.0062788253101507,
        1.0062788253101507,
        0.0
      ],
      [
        0.02087082418162442,
        1.0016689306213507,
        0.04249018617169869,
        0.0698274176599896,
        0.0698274176599896,
        0.0
      ],
      [
        0.5379277644552295,
        0.04249018617169869,
        2.1495415676524208,
        1.80164101344733,
        1.80164101344733,
        0.0
      ],
      [
        1.0062788253101507,
        0.0698274176599896,
        1.80164101344733,
        4.234498535579924,
        3.2344985355799394,
        0.0
      ],
      [
        1.0062788253101507,
        0.0698274176599896,
        1.80164101344733,
        3.2344985355799394,
        4.234498535579924,
        0.0
      ],
      [
        0.0,
        0.0,
        0.0,
        0.0,
        0.0,
        1.0
      ]
    ],
    "vwap": [
      [
        1.0,
        0.0,
        0.0,
        0.0,
        0.0,
        0.0
      ],
      [
        0.0,
        1.0,
        0.0,
        0.0,
        0.0,
        0.0
      ],
      [
        0.0,
        0.0,
        1.0,
        0.0,
        0.0,
        0.0
      ],
      [
        0.0,
        0.0,
        0.0,
        1.0,
        0.0,
        0.0
      ],
      [
        0.0,
        0.0,
        0.0,
        0.0,
        1.0,
        0.0
      ],
      [
        0.0,
        0.0,
        0.0,
        0.0,
        0.0,
        1.0
      ]
    ]
  },
  "b": {
    "trend": [
      [
        0.06637919085083906
      ],
      [
        0.039891023397144745
      ],
      [
        0.7260792970375525
      ],
      [
        0.15561621543477272
      ],
      [
        0.15561621543477272
      ],
      [
        0.0
      ]
    ],
    "breakout": [
      [
        0.0
      ],
      [
        0.0
      ],
      [
        0.0
      ],
      [
        0.0
      ],
      [
        0.0
      ],
      [
        0.0
      ]
    ],
    "reversion": [
      [
        -0.009155109774144651
      ],
      [
        -0.0662811056760539
      ],
      [
        -1.825577626321796
      ],
      [
        -1.1496314471168732
      ],
      [
        -1.1496314471168732
      ],
      [
        0.0
      ]
    ],
    "vwap": [
      [
        0.0
      ],
      [
        0.0
      ],
      [
        0.0
      ],
      [
        0.0
      ],
      [
        0.0
      ],
      [
        0.0
      ]
    ]
  },
  "counts": {
    "trend": 1,
    "breakout": 0,
    "reversion": 8,
    "vwap": 0
  },
  "reward_sum": {
    "trend": 0.15561621543477272,
    "breakout": 0.0,
    "reversion": -1.1496314471168732,
    "vwap": 0.0
  },
  "disabled_until": {
    "trend": 0.0,
    "breakout": 0.0,
    "reversion": 0.0,
    "vwap": 0.0
  },
  "_snapshot_time": "2025-09-22T17:30:00.127272"
}