{
  "arms": [
    "trend",
    "breakout",
    "reversion",
    "vwap"
  ],
  "d": 6,
  "alpha": 0.6,
  "alpha_base": 0.6,
  "alpha_boost_until": 0.0,
  "A": {
    "trend": [
      [
        1.0041967290471288,
        0.002522052686460732,
        0.045905321190836026,
        0.009838611817169194,
        0.009838611817169194,
        0.0
      ],
      [
        0.002522052686460732,
        1.0015156446084195,
        0.027587113042579853,
        0.005912580270465287,
        0.005912580270465287,
        0.0
      ],
      [
        0.045905321190836026,
        0.027587113042579853,
        1.502128798397421,
        0.10761824994354031,
        0.10761824994354031,
        0.0
      ],
      [
        0.009838611817169194,
        0.005912580270465287,
        0.10761824994354031,
        1.0230651732341842,
        0.023065173234186005,
        0.0
      ],
      [
        0.009838611817169194,
        0.005912580270465287,
        0.10761824994354031,
        0.023065173234186005,
        1.0230651732341842,
        0.0
      ],
      [
        0.0,
        0.0,
        0.0,
        0.0,
        0.0,
        1.0
      ]
    ],
    "breakout": [
      [
        1.0,
        0.0,
        0.0,
        0.0,
        0.0,
        0.0
      ],
      [
        0.0,
        1.0,
        0.0,
        0.0,
        0.0,
        0.0
      ],
      [
        0.0,
        0.0,
        1.0,
        0.0,
        0.0,
        0.0
      ],
      [
        0.0,
        0.0,
        0.0,
        1.0,
        0.0,
        0.0
      ],
      [
        0.0,
        0.0,
        0.0,
        0.0,
        1.0,
        0.0
      ],
      [
        0.0,
        0.0,
        0.0,
        0.0,
        0.0,
        1.0
      ]
    ],
    "reversion": [
      [
        1.1120520412363701,
        0.010407820858517308,
        0.4221785366307449,
        0.3600785117065764,
        0.3600785117065764,
        0.0
      ],
      [
        0.010407820858517308,
        1.0010788662784025,
        0.04526904460117283,
        0.03425761686530106,
        0.03425761686530106,
        0.0
      ],
      [
        0.4221785366307449,
        0.04526904460117283,
        2.9993315675939725,
        1.3862735420898944,
        1.3862735420898944,
        0.0
      ],
      [
        0.3600785117065764,
        0.03425761686530106,
        1.3862735420898944,
        2.168568170623334,
        1.1685681706233495,
        0.0
      ],
      [
        0.3600785117065764,
        0.03425761686530106,
        1.3862735420898944,
        1.1685681706233495,
        2.168568170623334,
        0.0
      ],
      [
        0.0,
        0.0,
        0.0,
        0.0,
        0.0,
        1.0
      ]
    ],
    "vwap": [
      [
        1.0,
        0.0,
        0.0,
        0.0,
        0.0,
        0.0
      ],
      [
        0.0,
        1.0,
        0.0,
        0.0,
        0.0,
        0.0
      ],
      [
        0.0,
        0.0,
        1.0,
        0.0,
        0.0,
        0.0
      ],
      [
        0.0,
        0.0,
        0.0,
        1.0,
        0.0,
        0.0
      ],
      [
        0.0,
        0.0,
        0.0,
        0.0,
        1.0,
        0.0
      ],
      [
        0.0,
        0.0,
        0.0,
        0.0,
        0.0,
        1.0
      ]
    ]
  },
  "b": {
    "trend": [
      [
        0.01003074974157932
      ],
      [
        0.006028046854795102
      ],
      [
        0.10971992318332792
      ],
      [
        0.023515612238562987
      ],
      [
        0.023515612238562987
      ],
      [
        0.0
      ]
    ],
    "breakout": [
      [
        0.0
      ],
      [
        0.0
      ],
      [
        0.0
      ],
      [
        0.0
      ],
      [
        0.0
      ],
      [
        0.0
      ]
    ],
    "reversion": [
      [
        -0.23682736837329893
      ],
      [
        -0.03684733937762722
      ],
      [
        -1.536774842107152
      ],
      [
        -0.9431489394932623
      ],
      [
        -0.9431489394932623
      ],
      [
        0.0
      ]
    ],
    "vwap": [
      [
        0.0
      ],
      [
        0.0
      ],
      [
        0.0
      ],
      [
        0.0
      ],
      [
        0.0
      ],
      [
        0.0
      ]
    ]
  },
  "counts": {
    "trend": 1,
    "breakout": 0,
    "reversion": 9,
    "vwap": 0
  },
  "reward_sum": {
    "trend": 0.023515612238562987,
    "breakout": 0.0,
    "reversion": -0.9431489394932623,
    "vwap": 0.0
  },
  "disabled_until": {
    "trend": 0.0,
    "breakout": 0.0,
    "reversion": 0.0,
    "vwap": 0.0
  },
  "_snapshot_time": "2025-09-26T00:45:00.351732"
}