{
  "arms": [
    "trend",
    "breakout",
    "reversion",
    "vwap"
  ],
  "d": 6,
  "alpha": 0.6,
  "alpha_base": 0.6,
  "alpha_boost_until": 0.0,
  "A": {
    "trend": [
      [
        1.0049268841102292,
        0.002960844306731195,
        0.05389201804792269,
        0.011550352592309824,
        0.011550352592309824,
        0.0
      ],
      [
        0.002960844306731195,
        1.001779339398403,
        0.03238677250073547,
        0.0069412624589002235,
        0.0069412624589002235,
        0.0
      ],
      [
        0.05389201804792269,
        0.03238677250073547,
        1.5894901410910425,
        0.126341881894967,
        0.126341881894967,
        0.0
      ],
      [
        0.011550352592309824,
        0.0069412624589002235,
        0.126341881894967,
        1.0270780968299444,
        0.02707809682994571,
        0.0
      ],
      [
        0.011550352592309824,
        0.0069412624589002235,
        0.126341881894967,
        0.02707809682994571,
        1.0270780968299444,
        0.0
      ],
      [
        0.0,
        0.0,
        0.0,
        0.0,
        0.0,
        1.0
      ]
    ],
    "breakout": [
      [
        1.0,
        0.0,
        0.0,
        0.0,
        0.0,
        0.0
      ],
      [
        0.0,
        1.0,
        0.0,
        0.0,
        0.0,
        0.0
      ],
      [
        0.0,
        0.0,
        1.0,
        0.0,
        0.0,
        0.0
      ],
      [
        0.0,
        0.0,
        0.0,
        1.0,
        0.0,
        0.0
      ],
      [
        0.0,
        0.0,
        0.0,
        0.0,
        1.0,
        0.0
      ],
      [
        0.0,
        0.0,
        0.0,
        0.0,
        0.0,
        1.0
      ]
    ],
    "reversion": [
      [
        1.1315470728004073,
        0.012218593727184987,
        0.4956299776438913,
        0.4227256698823365,
        0.4227256698823365,
        0.0
      ],
      [
        0.012218593727184987,
        1.0012665695269893,
        0.053145040822536356,
        0.040217823522214716,
        0.040217823522214716,
        0.0
      ],
      [
        0.4956299776438913,
        0.053145040822536356,
        3.347179153297496,
        1.6274601029167903,
        1.6274601029167903,
        0.0
      ],
      [
        0.4227256698823365,
        0.040217823522214716,
        1.6274601029167903,
        2.3718779284792975,
        1.3718779284793114,
        0.0
      ],
      [
        0.4227256698823365,
        0.040217823522214716,
        1.6274601029167903,
        1.3718779284793114,
        2.3718779284792975,
        0.0
      ],
      [
        0.0,
        0.0,
        0.0,
        0.0,
        0.0,
        1.0
      ]
    ],
    "vwap": [
      [
        1.0,
        0.0,
        0.0,
        0.0,
        0.0,
        0.0
      ],
      [
        0.0,
        1.0,
        0.0,
        0.0,
        0.0,
        0.0
      ],
      [
        0.0,
        0.0,
        1.0,
        0.0,
        0.0,
        0.0
      ],
      [
        0.0,
        0.0,
        0.0,
        1.0,
        0.0,
        0.0
      ],
      [
        0.0,
        0.0,
        0.0,
        0.0,
        1.0,
        0.0
      ],
      [
        0.0,
        0.0,
        0.0,
        0.0,
        0.0,
        1.0
      ]
    ]
  },
  "b": {
    "trend": [
      [
        0.01177591904564003
      ],
      [
        0.007076818143627175
      ],
      [
        0.1288092083231738
      ],
      [
        0.027606904086351913
      ],
      [
        0.027606904086351913
      ],
      [
        0.0
      ]
    ],
    "breakout": [
      [
        0.0
      ],
      [
        0.0
      ],
      [
        0.0
      ],
      [
        0.0
      ],
      [
        0.0
      ],
      [
        0.0
      ]
    ],
    "reversion": [
      [
        -0.2780310534710677
      ],
      [
        -0.043258110982424346
      ],
      [
        -1.8041459111490845
      ],
      [
        -1.107239822105782
      ],
      [
        -1.107239822105782
      ],
      [
        0.0
      ]
    ],
    "vwap": [
      [
        0.0
      ],
      [
        0.0
      ],
      [
        0.0
      ],
      [
        0.0
      ],
      [
        0.0
      ],
      [
        0.0
      ]
    ]
  },
  "counts": {
    "trend": 1,
    "breakout": 0,
    "reversion": 9,
    "vwap": 0
  },
  "reward_sum": {
    "trend": 0.027606904086351913,
    "breakout": 0.0,
    "reversion": -1.107239822105782,
    "vwap": 0.0
  },
  "disabled_until": {
    "trend": 0.0,
    "breakout": 0.0,
    "reversion": 0.0,
    "vwap": 0.0
  },
  "_snapshot_time": "2025-09-25T18:12:00.174867"
}